0.000000 1.000000 1.000000 1.000000
0.025000 0.981481 0.983051 0.982759
0.050000 0.981481 0.983051 0.982759
0.075000 0.981481 0.983051 0.982759
0.100000 0.981481 0.983051 0.982759
0.125000 0.981481 0.983051 0.966292
0.150000 0.981481 0.964286 0.966292
0.175000 0.981481 0.964286 0.961538
0.200000 0.962025 0.963303 0.926829
0.225000 0.962025 0.963303 0.921429
0.250000 0.962025 0.928000 0.912791
0.275000 0.954023 0.920863 0.912791
0.300000 0.910000 0.909639 0.873096
0.325000 0.907407 0.909639 0.834081
0.350000 0.905983 0.895604 0.740741
0.375000 0.890625 0.874372 0.639881
0.400000 0.889706 0.808696 0.550481
0.425000 0.844720 0.733333 0.430088
0.450000 0.844720 0.655172 0.272246
0.475000 0.795580 0.549751 0.105426
0.500000 0.727273 0.457760 0.042352
0.525000 0.688312 0.305764 0.008725
0.550000 0.611722 0.161514 0.000000
0.575000 0.548896 0.064353 0.000000
0.600000 0.471503 0.030347 0.000000
0.625000 0.355263 0.000000 0.000000
0.650000 0.222851 0.000000 0.000000
0.675000 0.085738 0.000000 0.000000
0.700000 0.023812 0.000000 0.000000
0.725000 0.000000 0.000000 0.000000
0.750000 0.000000 0.000000 0.000000
0.775000 0.000000 0.000000 0.000000
0.800000 0.000000 0.000000 0.000000
0.825000 0.000000 0.000000 0.000000
0.850000 0.000000 0.000000 0.000000
0.875000 0.000000 0.000000 0.000000
0.900000 0.000000 0.000000 0.000000
0.925000 0.000000 0.000000 0.000000
0.950000 0.000000 0.000000 0.000000
0.975000 0.000000 0.000000 0.000000
1.000000 0.000000 0.000000 0.000000
