0.000000 1.000000 1.000000 1.000000
0.025000 1.000000 1.000000 1.000000
0.050000 0.882353 0.851852 0.763158
0.075000 0.681818 0.744681 0.716667
0.100000 0.681818 0.712121 0.695122
0.125000 0.666667 0.674419 0.657407
0.150000 0.642857 0.648148 0.601399
0.175000 0.588889 0.586957 0.546448
0.200000 0.554545 0.531429 0.500000
0.225000 0.500000 0.495283 0.443299
0.250000 0.477987 0.464000 0.391781
0.275000 0.448649 0.407643 0.321721
0.300000 0.409910 0.359173 0.198844
0.325000 0.364312 0.299010 0.120233
0.350000 0.332288 0.192671 0.076540
0.375000 0.271429 0.130631 0.018315
0.400000 0.238659 0.092262 0.000000
0.425000 0.158867 0.043728 0.000000
0.450000 0.105263 0.017394 0.000000
0.475000 0.083818 0.000000 0.000000
0.500000 0.058238 0.000000 0.000000
0.525000 0.031411 0.000000 0.000000
0.550000 0.021302 0.000000 0.000000
0.575000 0.000000 0.000000 0.000000
0.600000 0.000000 0.000000 0.000000
0.625000 0.000000 0.000000 0.000000
0.650000 0.000000 0.000000 0.000000
0.675000 0.000000 0.000000 0.000000
0.700000 0.000000 0.000000 0.000000
0.725000 0.000000 0.000000 0.000000
0.750000 0.000000 0.000000 0.000000
0.775000 0.000000 0.000000 0.000000
0.800000 0.000000 0.000000 0.000000
0.825000 0.000000 0.000000 0.000000
0.850000 0.000000 0.000000 0.000000
0.875000 0.000000 0.000000 0.000000
0.900000 0.000000 0.000000 0.000000
0.925000 0.000000 0.000000 0.000000
0.950000 0.000000 0.000000 0.000000
0.975000 0.000000 0.000000 0.000000
1.000000 0.000000 0.000000 0.000000
