0.000000 1.000000 1.000000 1.000000
0.025000 0.937500 0.945946 0.935484
0.050000 0.937500 0.945946 0.935484
0.075000 0.937500 0.945946 0.860000
0.100000 0.937500 0.839286 0.826087
0.125000 0.844444 0.783784 0.755319
0.150000 0.789474 0.736842 0.735043
0.175000 0.736111 0.736364 0.662252
0.200000 0.701149 0.669065 0.655172
0.225000 0.701031 0.636364 0.570796
0.250000 0.672566 0.574257 0.558594
0.275000 0.602649 0.549356 0.500000
0.300000 0.602649 0.507299 0.363636
0.325000 0.524064 0.378446 0.300643
0.350000 0.517073 0.327345 0.203647
0.375000 0.491379 0.276461 0.114165
0.400000 0.421603 0.185700 0.070101
0.425000 0.318519 0.106133 0.024378
0.450000 0.276986 0.078563 0.009006
0.475000 0.223602 0.028805 0.000000
0.500000 0.127517 0.008207 0.000000
0.525000 0.099375 0.000000 0.000000
0.550000 0.069468 0.000000 0.000000
0.575000 0.035634 0.000000 0.000000
0.600000 0.013589 0.000000 0.000000
0.625000 0.006499 0.000000 0.000000
0.650000 0.000000 0.000000 0.000000
0.675000 0.000000 0.000000 0.000000
0.700000 0.000000 0.000000 0.000000
0.725000 0.000000 0.000000 0.000000
0.750000 0.000000 0.000000 0.000000
0.775000 0.000000 0.000000 0.000000
0.800000 0.000000 0.000000 0.000000
0.825000 0.000000 0.000000 0.000000
0.850000 0.000000 0.000000 0.000000
0.875000 0.000000 0.000000 0.000000
0.900000 0.000000 0.000000 0.000000
0.925000 0.000000 0.000000 0.000000
0.950000 0.000000 0.000000 0.000000
0.975000 0.000000 0.000000 0.000000
1.000000 0.000000 0.000000 0.000000
