0.000000 1.000000 1.000000 1.000000
0.025000 1.000000 1.000000 1.000000
0.050000 1.000000 1.000000 0.906250
0.075000 1.000000 0.897436 0.860000
0.100000 0.909091 0.854545 0.850746
0.125000 0.883721 0.840580 0.835294
0.150000 0.865385 0.804598 0.754386
0.175000 0.841270 0.750000 0.709220
0.200000 0.824324 0.732283 0.666667
0.225000 0.800000 0.677419 0.578475
0.250000 0.730769 0.633880 0.546154
0.275000 0.715517 0.573991 0.411609
0.300000 0.669118 0.539062 0.279869
0.325000 0.616352 0.405405 0.146709
0.350000 0.582418 0.280277 0.096602
0.375000 0.522936 0.195701 0.032104
0.400000 0.449814 0.100543 0.005918
0.425000 0.295872 0.048202 0.003321
0.450000 0.213166 0.008286 0.000000
0.475000 0.115849 0.003367 0.000000
0.500000 0.058282 0.000000 0.000000
0.525000 0.006934 0.000000 0.000000
0.550000 0.002555 0.000000 0.000000
0.575000 0.000000 0.000000 0.000000
0.600000 0.000000 0.000000 0.000000
0.625000 0.000000 0.000000 0.000000
0.650000 0.000000 0.000000 0.000000
0.675000 0.000000 0.000000 0.000000
0.700000 0.000000 0.000000 0.000000
0.725000 0.000000 0.000000 0.000000
0.750000 0.000000 0.000000 0.000000
0.775000 0.000000 0.000000 0.000000
0.800000 0.000000 0.000000 0.000000
0.825000 0.000000 0.000000 0.000000
0.850000 0.000000 0.000000 0.000000
0.875000 0.000000 0.000000 0.000000
0.900000 0.000000 0.000000 0.000000
0.925000 0.000000 0.000000 0.000000
0.950000 0.000000 0.000000 0.000000
0.975000 0.000000 0.000000 0.000000
1.000000 0.000000 0.000000 0.000000
