0.000000 1.000000 1.000000 1.000000
0.025000 0.937500 0.923077 0.935484
0.050000 0.937500 0.920000 0.935484
0.075000 0.920000 0.897436 0.811321
0.100000 0.882353 0.805556 0.806818
0.125000 0.779412 0.805556 0.806818
0.150000 0.779412 0.795455 0.774775
0.175000 0.779412 0.771429 0.740741
0.200000 0.753086 0.738095 0.721519
0.225000 0.739130 0.719178 0.675393
0.250000 0.697248 0.670520 0.644144
0.275000 0.685950 0.653061 0.564748
0.300000 0.636364 0.634703 0.501458
0.325000 0.612500 0.561338 0.391213
0.350000 0.602273 0.509375 0.247842
0.375000 0.545455 0.476712 0.147340
0.400000 0.500000 0.340659 0.085028
0.425000 0.462366 0.206681 0.034942
0.450000 0.441558 0.129172 0.017459
0.475000 0.360000 0.060681 0.000000
0.500000 0.242038 0.025129 0.000000
0.525000 0.170418 0.019818 0.000000
0.550000 0.105964 0.000000 0.000000
0.575000 0.067364 0.000000 0.000000
0.600000 0.025540 0.000000 0.000000
0.625000 0.015620 0.000000 0.000000
0.650000 0.000000 0.000000 0.000000
0.675000 0.000000 0.000000 0.000000
0.700000 0.000000 0.000000 0.000000
0.725000 0.000000 0.000000 0.000000
0.750000 0.000000 0.000000 0.000000
0.775000 0.000000 0.000000 0.000000
0.800000 0.000000 0.000000 0.000000
0.825000 0.000000 0.000000 0.000000
0.850000 0.000000 0.000000 0.000000
0.875000 0.000000 0.000000 0.000000
0.900000 0.000000 0.000000 0.000000
0.925000 0.000000 0.000000 0.000000
0.950000 0.000000 0.000000 0.000000
0.975000 0.000000 0.000000 0.000000
1.000000 0.000000 0.000000 0.000000
