0.000000 1.000000 1.000000 1.000000
0.025000 0.937500 0.945946 0.935484
0.050000 0.937500 0.945946 0.935484
0.075000 0.937500 0.945946 0.895833
0.100000 0.937500 0.870370 0.826087
0.125000 0.863636 0.783784 0.771739
0.150000 0.789474 0.769231 0.741379
0.175000 0.746479 0.757009 0.675676
0.200000 0.726190 0.715385 0.651429
0.225000 0.723404 0.644172 0.581081
0.250000 0.710280 0.601036 0.556420
0.275000 0.598684 0.561404 0.511401
0.300000 0.598684 0.509158 0.385650
0.325000 0.518519 0.470405 0.312605
0.350000 0.514563 0.365471 0.261438
0.375000 0.487179 0.295918 0.146658
0.400000 0.429078 0.202835 0.088417
0.425000 0.320099 0.135709 0.037339
0.450000 0.279835 0.088522 0.013411
0.475000 0.241206 0.043780 0.009203
0.500000 0.147144 0.017302 0.000000
0.525000 0.096951 0.008428 0.000000
0.550000 0.072014 0.000000 0.000000
0.575000 0.038428 0.000000 0.000000
0.600000 0.013566 0.000000 0.000000
0.625000 0.006627 0.000000 0.000000
0.650000 0.000000 0.000000 0.000000
0.675000 0.000000 0.000000 0.000000
0.700000 0.000000 0.000000 0.000000
0.725000 0.000000 0.000000 0.000000
0.750000 0.000000 0.000000 0.000000
0.775000 0.000000 0.000000 0.000000
0.800000 0.000000 0.000000 0.000000
0.825000 0.000000 0.000000 0.000000
0.850000 0.000000 0.000000 0.000000
0.875000 0.000000 0.000000 0.000000
0.900000 0.000000 0.000000 0.000000
0.925000 0.000000 0.000000 0.000000
0.950000 0.000000 0.000000 0.000000
0.975000 0.000000 0.000000 0.000000
1.000000 0.000000 0.000000 0.000000
