0.000000 1.000000 1.000000 1.000000
0.025000 0.888889 0.923077 0.933333
0.050000 0.741935 0.766667 0.763158
0.075000 0.741935 0.712121 0.730769
0.100000 0.666667 0.712121 0.730769
0.125000 0.666667 0.637363 0.586777
0.150000 0.652174 0.573770 0.577181
0.175000 0.546392 0.562500 0.502513
0.200000 0.521368 0.489474 0.457831
0.225000 0.515152 0.437500 0.351499
0.250000 0.426966 0.385382 0.242373
0.275000 0.380734 0.280702 0.190765
0.300000 0.329710 0.207773 0.118539
0.325000 0.234450 0.156965 0.062021
0.350000 0.175207 0.112027 0.030262
0.375000 0.138350 0.059043 0.010829
0.400000 0.106047 0.029942 0.004136
0.425000 0.053065 0.012986 0.000000
0.450000 0.032489 0.005037 0.000000
0.475000 0.020583 0.000000 0.000000
0.500000 0.007680 0.000000 0.000000
0.525000 0.003838 0.000000 0.000000
0.550000 0.000000 0.000000 0.000000
0.575000 0.000000 0.000000 0.000000
0.600000 0.000000 0.000000 0.000000
0.625000 0.000000 0.000000 0.000000
0.650000 0.000000 0.000000 0.000000
0.675000 0.000000 0.000000 0.000000
0.700000 0.000000 0.000000 0.000000
0.725000 0.000000 0.000000 0.000000
0.750000 0.000000 0.000000 0.000000
0.775000 0.000000 0.000000 0.000000
0.800000 0.000000 0.000000 0.000000
0.825000 0.000000 0.000000 0.000000
0.850000 0.000000 0.000000 0.000000
0.875000 0.000000 0.000000 0.000000
0.900000 0.000000 0.000000 0.000000
0.925000 0.000000 0.000000 0.000000
0.950000 0.000000 0.000000 0.000000
0.975000 0.000000 0.000000 0.000000
1.000000 0.000000 0.000000 0.000000
