Pedestrian -1 -1 -10 389 76 448 239-1 -1 -1 -1000 -1000 -1000 -10 -0.549968
Pedestrian -1 -1 -10 820 53 871 195-1 -1 -1 -1000 -1000 -1000 -10 -0.609412
Pedestrian -1 -1 -10 747 31 836 194-1 -1 -1 -1000 -1000 -1000 -10 -0.635978
Pedestrian -1 -1 -10 433 137 488 200-1 -1 -1 -1000 -1000 -1000 -10 -0.691537
Pedestrian -1 -1 -10 677 53 728 195-1 -1 -1 -1000 -1000 -1000 -10 -0.73601
Pedestrian -1 -1 -10 730 112 763 205-1 -1 -1 -1000 -1000 -1000 -10 -0.765336
Pedestrian -1 -1 -10 837 1 1045 239-1 -1 -1 -1000 -1000 -1000 -10 -0.794344
Pedestrian -1 -1 -10 533 69 600 192-1 -1 -1 -1000 -1000 -1000 -10 -0.849463
Pedestrian -1 -1 -10 716 62 764 194-1 -1 -1 -1000 -1000 -1000 -10 -0.926889
Pedestrian -1 -1 -10 745 265 800 328-1 -1 -1 -1000 -1000 -1000 -10 -0.930245
Pedestrian -1 -1 -10 349 43 404 195-1 -1 -1 -1000 -1000 -1000 -10 -0.992736
