Pedestrian -1 -1 -10 739 154 794 306-1 -1 -1 -1000 -1000 -1000 -10 1.08646
Pedestrian -1 -1 -10 207 112 240 205-1 -1 -1 -1000 -1000 -1000 -10 -0.328312
Pedestrian -1 -1 -10 543 267 601 370-1 -1 -1 -1000 -1000 -1000 -10 -0.476435
Pedestrian -1 -1 -10 1 70 39 177-1 -1 -1 -1000 -1000 -1000 -10 -0.594994
Pedestrian -1 -1 -10 387 233 446 301-1 -1 -1 -1000 -1000 -1000 -10 -0.745706
Pedestrian -1 -1 -10 352 159 396 282-1 -1 -1 -1000 -1000 -1000 -10 -0.765296
Pedestrian -1 -1 -10 489 307 586 370-1 -1 -1 -1000 -1000 -1000 -10 -0.829078
Pedestrian -1 -1 -10 295 203 358 276-1 -1 -1 -1000 -1000 -1000 -10 -0.835932
Pedestrian -1 -1 -10 238 140 293 292-1 -1 -1 -1000 -1000 -1000 -10 -0.840795
Pedestrian -1 -1 -10 153 89 200 176-1 -1 -1 -1000 -1000 -1000 -10 -0.859597
Pedestrian -1 -1 -10 1073 164 1132 232-1 -1 -1 -1000 -1000 -1000 -10 -0.874571
Pedestrian -1 -1 -10 580 267 634 367-1 -1 -1 -1000 -1000 -1000 -10 -0.905809
Pedestrian -1 -1 -10 304 195 388 291-1 -1 -1 -1000 -1000 -1000 -10 -0.924437
Pedestrian -1 -1 -10 454 193 532 283-1 -1 -1 -1000 -1000 -1000 -10 -0.953882
Pedestrian -1 -1 -10 1081 1 1112 88-1 -1 -1 -1000 -1000 -1000 -10 -0.974214
Pedestrian -1 -1 -10 54 64 127 147-1 -1 -1 -1000 -1000 -1000 -10 -0.979216
Pedestrian -1 -1 -10 1157 1 1212 153-1 -1 -1 -1000 -1000 -1000 -10 -0.979759
Pedestrian -1 -1 -10 470 1 524 101-1 -1 -1 -1000 -1000 -1000 -10 -0.989896
Pedestrian -1 -1 -10 233 17 264 104-1 -1 -1 -1000 -1000 -1000 -10 -0.990198
