Pedestrian -1 -1 -10 1204 33 1242 148-1 -1 -1 -1000 -1000 -1000 -10 -0.171322
Pedestrian -1 -1 -10 702 148 769 271-1 -1 -1 -1000 -1000 -1000 -10 -0.595708
Pedestrian -1 -1 -10 1017 41 1048 128-1 -1 -1 -1000 -1000 -1000 -10 -0.723817
Pedestrian -1 -1 -10 699 1 753 101-1 -1 -1 -1000 -1000 -1000 -10 -0.738663
Pedestrian -1 -1 -10 937 1 1040 286-1 -1 -1 -1000 -1000 -1000 -10 -0.74344
Pedestrian -1 -1 -10 254 1 327 84-1 -1 -1 -1000 -1000 -1000 -10 -0.747423
Pedestrian -1 -1 -10 721 327 780 375-1 -1 -1 -1000 -1000 -1000 -10 -0.758983
Pedestrian -1 -1 -10 1183 198 1242 276-1 -1 -1 -1000 -1000 -1000 -10 -0.820591
Pedestrian -1 -1 -10 888 180 961 263-1 -1 -1 -1000 -1000 -1000 -10 -0.824881
Pedestrian -1 -1 -10 224 1 307 153-1 -1 -1 -1000 -1000 -1000 -10 -0.830971
Pedestrian -1 -1 -10 845 180 918 263-1 -1 -1 -1000 -1000 -1000 -10 -0.863216
Pedestrian -1 -1 -10 874 1 1164 375-1 -1 -1 -1000 -1000 -1000 -10 -0.899934
Pedestrian -1 -1 -10 524 1 583 69-1 -1 -1 -1000 -1000 -1000 -10 -0.96358
Pedestrian -1 -1 -10 833 112 866 205-1 -1 -1 -1000 -1000 -1000 -10 -0.974715
