Pedestrian -1 -1 -10 681 153 712 240-1 -1 -1 -1000 -1000 -1000 -10 0.917665
Pedestrian -1 -1 -10 441 177 472 264-1 -1 -1 -1000 -1000 -1000 -10 0.668674
Pedestrian -1 -1 -10 713 153 744 240-1 -1 -1 -1000 -1000 -1000 -10 0.353975
Pedestrian -1 -1 -10 473 177 504 264-1 -1 -1 -1000 -1000 -1000 -10 0.156829
Pedestrian -1 -1 -10 761 85 802 200-1 -1 -1 -1000 -1000 -1000 -10 -0.361207
Pedestrian -1 -1 -10 669 103 713 226-1 -1 -1 -1000 -1000 -1000 -10 -0.536393
Pedestrian -1 -1 -10 497 54 538 169-1 -1 -1 -1000 -1000 -1000 -10 -0.62497
Pedestrian -1 -1 -10 767 43 822 195-1 -1 -1 -1000 -1000 -1000 -10 -0.653432
Pedestrian -1 -1 -10 447 104 515 292-1 -1 -1 -1000 -1000 -1000 -10 -0.762108
Pedestrian -1 -1 -10 43 96 84 211-1 -1 -1 -1000 -1000 -1000 -10 -0.811853
Pedestrian -1 -1 -10 635 112 685 205-1 -1 -1 -1000 -1000 -1000 -10 -0.8361
Pedestrian -1 -1 -10 705 321 760 375-1 -1 -1 -1000 -1000 -1000 -10 -0.836428
Pedestrian -1 -1 -10 687 149 728 264-1 -1 -1 -1000 -1000 -1000 -10 -0.839093
Pedestrian -1 -1 -10 185 113 216 200-1 -1 -1 -1000 -1000 -1000 -10 -0.860449
Pedestrian -1 -1 -10 600 57 655 209-1 -1 -1 -1000 -1000 -1000 -10 -0.898973
Pedestrian -1 -1 -10 559 62 607 194-1 -1 -1 -1000 -1000 -1000 -10 -0.926765
Pedestrian -1 -1 -10 421 147 471 240-1 -1 -1 -1000 -1000 -1000 -10 -0.93581
Pedestrian -1 -1 -10 539 22 601 137-1 -1 -1 -1000 -1000 -1000 -10 -0.96301
Pedestrian -1 -1 -10 474 1 709 375-1 -1 -1 -1000 -1000 -1000 -10 -0.969191
Pedestrian -1 -1 -10 817 1 848 88-1 -1 -1 -1000 -1000 -1000 -10 -0.985807
