Pedestrian -1 -1 -10 713 78 746 171-1 -1 -1 -1000 -1000 -1000 -10 0.0729775
Pedestrian -1 -1 -10 265 121 296 208-1 -1 -1 -1000 -1000 -1000 -10 -0.316199
Pedestrian -1 -1 -10 225 153 272 240-1 -1 -1 -1000 -1000 -1000 -10 -0.453478
Pedestrian -1 -1 -10 222 102 285 175-1 -1 -1 -1000 -1000 -1000 -10 -0.58441
Pedestrian -1 -1 -10 997 92 1087 340-1 -1 -1 -1000 -1000 -1000 -10 -0.625261
Pedestrian -1 -1 -10 1205 29 1241 129-1 -1 -1 -1000 -1000 -1000 -10 -0.629356
Pedestrian -1 -1 -10 476 182 633 362-1 -1 -1 -1000 -1000 -1000 -10 -0.669713
Pedestrian -1 -1 -10 956 210 1045 373-1 -1 -1 -1000 -1000 -1000 -10 -0.684129
Pedestrian -1 -1 -10 300 287 390 375-1 -1 -1 -1000 -1000 -1000 -10 -0.694284
Pedestrian -1 -1 -10 413 61 446 154-1 -1 -1 -1000 -1000 -1000 -10 -0.721949
Pedestrian -1 -1 -10 207 98 279 230-1 -1 -1 -1000 -1000 -1000 -10 -0.768622
Pedestrian -1 -1 -10 721 57 768 144-1 -1 -1 -1000 -1000 -1000 -10 -0.787265
Pedestrian -1 -1 -10 149 1 190 116-1 -1 -1 -1000 -1000 -1000 -10 -0.858704
Pedestrian -1 -1 -10 1152 170 1214 285-1 -1 -1 -1000 -1000 -1000 -10 -0.914024
Pedestrian -1 -1 -10 663 29 699 129-1 -1 -1 -1000 -1000 -1000 -10 -0.924874
Pedestrian -1 -1 -10 1185 140 1240 292-1 -1 -1 -1000 -1000 -1000 -10 -0.937983
Pedestrian -1 -1 -10 522 1 594 133-1 -1 -1 -1000 -1000 -1000 -10 -0.941289
Pedestrian -1 -1 -10 318 44 377 112-1 -1 -1 -1000 -1000 -1000 -10 -0.952793
