Pedestrian -1 -1 -10 182 196 265 348-1 -1 -1 -1000 -1000 -1000 -10 1.38417
Pedestrian -1 -1 -10 444 170 485 285-1 -1 -1 -1000 -1000 -1000 -10 1.31348
Pedestrian -1 -1 -10 577 153 608 240-1 -1 -1 -1000 -1000 -1000 -10 0.809444
Pedestrian -1 -1 -10 951 159 995 282-1 -1 -1 -1000 -1000 -1000 -10 0.589389
Pedestrian -1 -1 -10 521 153 552 240-1 -1 -1 -1000 -1000 -1000 -10 0.013598
Pedestrian -1 -1 -10 257 129 288 216-1 -1 -1 -1000 -1000 -1000 -10 -0.216755
Pedestrian -1 -1 -10 1152 96 1214 211-1 -1 -1 -1000 -1000 -1000 -10 -0.271585
Pedestrian -1 -1 -10 137 182 272 374-1 -1 -1 -1000 -1000 -1000 -10 -0.310125
Pedestrian -1 -1 -10 516 85 571 237-1 -1 -1 -1000 -1000 -1000 -10 -0.332402
Pedestrian -1 -1 -10 573 105 624 247-1 -1 -1 -1000 -1000 -1000 -10 -0.472571
Pedestrian -1 -1 -10 1209 161 1238 248-1 -1 -1 -1000 -1000 -1000 -10 -0.493452
Pedestrian -1 -1 -10 1 1 56 153-1 -1 -1 -1000 -1000 -1000 -10 -0.504806
Pedestrian -1 -1 -10 857 297 912 360-1 -1 -1 -1000 -1000 -1000 -10 -0.505596
Pedestrian -1 -1 -10 895 250 962 373-1 -1 -1 -1000 -1000 -1000 -10 -0.630152
Pedestrian -1 -1 -10 1178 137 1222 260-1 -1 -1 -1000 -1000 -1000 -10 -0.648647
Pedestrian -1 -1 -10 300 150 403 268-1 -1 -1 -1000 -1000 -1000 -10 -0.655065
Pedestrian -1 -1 -10 119 40 276 374-1 -1 -1 -1000 -1000 -1000 -10 -0.678421
Pedestrian -1 -1 -10 799 247 857 354-1 -1 -1 -1000 -1000 -1000 -10 -0.703146
Pedestrian -1 -1 -10 489 57 544 209-1 -1 -1 -1000 -1000 -1000 -10 -0.747651
Pedestrian -1 -1 -10 1159 75 1232 276-1 -1 -1 -1000 -1000 -1000 -10 -0.765646
Pedestrian -1 -1 -10 698 85 739 200-1 -1 -1 -1000 -1000 -1000 -10 -0.76663
Pedestrian -1 -1 -10 837 75 873 175-1 -1 -1 -1000 -1000 -1000 -10 -0.810477
Pedestrian -1 -1 -10 720 149 758 256-1 -1 -1 -1000 -1000 -1000 -10 -0.814168
Pedestrian -1 -1 -10 820 222 897 364-1 -1 -1 -1000 -1000 -1000 -10 -0.821341
Pedestrian -1 -1 -10 386 58 430 181-1 -1 -1 -1000 -1000 -1000 -10 -0.838614
Pedestrian -1 -1 -10 687 155 720 248-1 -1 -1 -1000 -1000 -1000 -10 -0.871061
Pedestrian -1 -1 -10 1121 193 1176 256-1 -1 -1 -1000 -1000 -1000 -10 -0.883682
Pedestrian -1 -1 -10 793 205 950 374-1 -1 -1 -1000 -1000 -1000 -10 -0.898888
Pedestrian -1 -1 -10 688 91 747 254-1 -1 -1 -1000 -1000 -1000 -10 -0.901993
Pedestrian -1 -1 -10 434 165 493 328-1 -1 -1 -1000 -1000 -1000 -10 -0.913708
Pedestrian -1 -1 -10 43 1 211 374-1 -1 -1 -1000 -1000 -1000 -10 -0.914934
Pedestrian -1 -1 -10 505 321 560 374-1 -1 -1 -1000 -1000 -1000 -10 -0.920377
Pedestrian -1 -1 -10 513 60 591 276-1 -1 -1 -1000 -1000 -1000 -10 -0.926372
Pedestrian -1 -1 -10 535 1 631 267-1 -1 -1 -1000 -1000 -1000 -10 -0.948382
Pedestrian -1 -1 -10 172 138 411 374-1 -1 -1 -1000 -1000 -1000 -10 -0.972898
Pedestrian -1 -1 -10 1 129 32 216-1 -1 -1 -1000 -1000 -1000 -10 -0.978417
Pedestrian -1 -1 -10 617 137 648 224-1 -1 -1 -1000 -1000 -1000 -10 -0.984147
Pedestrian -1 -1 -10 454 46 589 294-1 -1 -1 -1000 -1000 -1000 -10 -0.993757
Pedestrian -1 -1 -10 807 147 866 215-1 -1 -1 -1000 -1000 -1000 -10 -0.995275
