Pedestrian -1 -1 -10 1185 29 1240 181-1 -1 -1 -1000 -1000 -1000 -10 -0.210064
Pedestrian -1 -1 -10 417 105 468 247-1 -1 -1 -1000 -1000 -1000 -10 -0.369673
Pedestrian -1 -1 -10 495 66 546 208-1 -1 -1 -1000 -1000 -1000 -10 -0.477672
Pedestrian -1 -1 -10 920 212 983 285-1 -1 -1 -1000 -1000 -1000 -10 -0.679452
Pedestrian -1 -1 -10 27 18 86 86-1 -1 -1 -1000 -1000 -1000 -10 -0.752389
Pedestrian -1 -1 -10 332 29 395 102-1 -1 -1 -1000 -1000 -1000 -10 -0.753688
Pedestrian -1 -1 -10 405 11 463 118-1 -1 -1 -1000 -1000 -1000 -10 -0.776755
Pedestrian -1 -1 -10 168 159 206 266-1 -1 -1 -1000 -1000 -1000 -10 -0.817812
Pedestrian -1 -1 -10 361 145 408 232-1 -1 -1 -1000 -1000 -1000 -10 -0.828393
Pedestrian -1 -1 -10 927 35 960 128-1 -1 -1 -1000 -1000 -1000 -10 -0.866567
Pedestrian -1 -1 -10 293 164 326 257-1 -1 -1 -1000 -1000 -1000 -10 -0.888506
Pedestrian -1 -1 -10 386 24 476 272-1 -1 -1 -1000 -1000 -1000 -10 -0.909814
