Pedestrian -1 -1 -10 430 170 481 312-1 -1 -1 -1000 -1000 -1000 -10 0.150249
Pedestrian -1 -1 -10 349 159 390 274-1 -1 -1 -1000 -1000 -1000 -10 -0.591619
Pedestrian -1 -1 -10 697 89 744 176-1 -1 -1 -1000 -1000 -1000 -10 -0.807553
Pedestrian -1 -1 -10 533 261 600 370-1 -1 -1 -1000 -1000 -1000 -10 -0.863708
Pedestrian -1 -1 -10 1114 178 1182 256-1 -1 -1 -1000 -1000 -1000 -10 -0.877696
Pedestrian -1 -1 -10 790 155 823 248-1 -1 -1 -1000 -1000 -1000 -10 -0.902351
Pedestrian -1 -1 -10 470 1 524 101-1 -1 -1 -1000 -1000 -1000 -10 -0.906628
Pedestrian -1 -1 -10 385 80 423 187-1 -1 -1 -1000 -1000 -1000 -10 -0.909815
Pedestrian -1 -1 -10 497 304 560 370-1 -1 -1 -1000 -1000 -1000 -10 -0.925496
Pedestrian -1 -1 -10 533 1 591 108-1 -1 -1 -1000 -1000 -1000 -10 -0.93312
Pedestrian -1 -1 -10 387 1 420 94-1 -1 -1 -1000 -1000 -1000 -10 -0.938062
Pedestrian -1 -1 -10 387 231 441 331-1 -1 -1 -1000 -1000 -1000 -10 -0.941276
Pedestrian -1 -1 -10 218 208 286 286-1 -1 -1 -1000 -1000 -1000 -10 -0.954094
Pedestrian -1 -1 -10 12 64 53 179-1 -1 -1 -1000 -1000 -1000 -10 -0.955622
Pedestrian -1 -1 -10 1081 1 1114 94-1 -1 -1 -1000 -1000 -1000 -10 -0.963783
Pedestrian -1 -1 -10 225 135 314 298-1 -1 -1 -1000 -1000 -1000 -10 -0.964253
Pedestrian -1 -1 -10 578 261 645 370-1 -1 -1 -1000 -1000 -1000 -10 -0.967796
Pedestrian -1 -1 -10 1 35 69 223-1 -1 -1 -1000 -1000 -1000 -10 -0.981609
Pedestrian -1 -1 -10 431 205 588 370-1 -1 -1 -1000 -1000 -1000 -10 -0.997787
