Pedestrian -1 -1 -10 940 244 981 359-1 -1 -1 -1000 -1000 -1000 -10 0.184914
Pedestrian -1 -1 -10 538 46 597 209-1 -1 -1 -1000 -1000 -1000 -10 -0.17537
Pedestrian -1 -1 -10 460 166 514 266-1 -1 -1 -1000 -1000 -1000 -10 -0.227439
Pedestrian -1 -1 -10 580 84 616 184-1 -1 -1 -1000 -1000 -1000 -10 -0.686646
Pedestrian -1 -1 -10 816 10 849 103-1 -1 -1 -1000 -1000 -1000 -10 -0.693616
Pedestrian -1 -1 -10 1008 1 1086 91-1 -1 -1 -1000 -1000 -1000 -10 -0.699232
Pedestrian -1 -1 -10 614 85 711 195-1 -1 -1 -1000 -1000 -1000 -10 -0.783661
Pedestrian -1 -1 -10 1025 1 1136 128-1 -1 -1 -1000 -1000 -1000 -10 -0.789878
Pedestrian -1 -1 -10 508 1 591 232-1 -1 -1 -1000 -1000 -1000 -10 -0.808641
Pedestrian -1 -1 -10 745 65 781 165-1 -1 -1 -1000 -1000 -1000 -10 -0.813673
Pedestrian -1 -1 -10 935 62 983 194-1 -1 -1 -1000 -1000 -1000 -10 -0.852707
Pedestrian -1 -1 -10 813 1 861 133-1 -1 -1 -1000 -1000 -1000 -10 -0.883139
Pedestrian -1 -1 -10 370 44 403 137-1 -1 -1 -1000 -1000 -1000 -10 -0.934988
Pedestrian -1 -1 -10 378 27 429 169-1 -1 -1 -1000 -1000 -1000 -10 -0.937483
Pedestrian -1 -1 -10 927 301 960 375-1 -1 -1 -1000 -1000 -1000 -10 -0.952347
Pedestrian -1 -1 -10 265 41 296 128-1 -1 -1 -1000 -1000 -1000 -10 -0.958778
Pedestrian -1 -1 -10 978 318 1037 375-1 -1 -1 -1000 -1000 -1000 -10 -0.977187
Pedestrian -1 -1 -10 297 321 352 375-1 -1 -1 -1000 -1000 -1000 -10 -0.984042
Pedestrian -1 -1 -10 807 105 910 223-1 -1 -1 -1000 -1000 -1000 -10 -0.995248
