Pedestrian -1 -1 -10 872 118 949 260-1 -1 -1 -1000 -1000 -1000 -10 -0.013762
Pedestrian -1 -1 -10 861 92 951 340-1 -1 -1 -1000 -1000 -1000 -10 -0.22233
Pedestrian -1 -1 -10 897 16 986 179-1 -1 -1 -1000 -1000 -1000 -10 -0.419325
Pedestrian -1 -1 -10 323 313 386 375-1 -1 -1 -1000 -1000 -1000 -10 -0.50826
Pedestrian -1 -1 -10 649 113 680 200-1 -1 -1 -1000 -1000 -1000 -10 -0.585404
Pedestrian -1 -1 -10 1209 65 1240 152-1 -1 -1 -1000 -1000 -1000 -10 -0.658539
Pedestrian -1 -1 -10 845 43 1013 375-1 -1 -1 -1000 -1000 -1000 -10 -0.669854
Pedestrian -1 -1 -10 727 75 781 175-1 -1 -1 -1000 -1000 -1000 -10 -0.696325
Pedestrian -1 -1 -10 148 185 184 285-1 -1 -1 -1000 -1000 -1000 -10 -0.707459
Pedestrian -1 -1 -10 137 171 215 261-1 -1 -1 -1000 -1000 -1000 -10 -0.723402
Pedestrian -1 -1 -10 533 198 592 266-1 -1 -1 -1000 -1000 -1000 -10 -0.768732
Pedestrian -1 -1 -10 178 80 246 158-1 -1 -1 -1000 -1000 -1000 -10 -0.805367
Pedestrian -1 -1 -10 183 183 364 375-1 -1 -1 -1000 -1000 -1000 -10 -0.882133
Pedestrian -1 -1 -10 378 66 468 169-1 -1 -1 -1000 -1000 -1000 -10 -0.894811
Pedestrian -1 -1 -10 457 313 512 375-1 -1 -1 -1000 -1000 -1000 -10 -0.904226
Pedestrian -1 -1 -10 1185 1 1240 153-1 -1 -1 -1000 -1000 -1000 -10 -0.91837
Pedestrian -1 -1 -10 139 120 202 193-1 -1 -1 -1000 -1000 -1000 -10 -0.919311
Pedestrian -1 -1 -10 332 56 441 257-1 -1 -1 -1000 -1000 -1000 -10 -0.933796
Pedestrian -1 -1 -10 793 73 840 160-1 -1 -1 -1000 -1000 -1000 -10 -0.954926
Pedestrian -1 -1 -10 241 137 272 224-1 -1 -1 -1000 -1000 -1000 -10 -0.989207
Pedestrian -1 -1 -10 289 33 480 375-1 -1 -1 -1000 -1000 -1000 -10 -0.991418
