Pedestrian -1 -1 -10 995 171 1091 375-1 -1 -1 -1000 -1000 -1000 -10 -0.307169
Pedestrian -1 -1 -10 533 121 566 214-1 -1 -1 -1000 -1000 -1000 -10 -0.483068
Pedestrian -1 -1 -10 897 31 956 194-1 -1 -1 -1000 -1000 -1000 -10 -0.545089
Pedestrian -1 -1 -10 1076 250 1143 373-1 -1 -1 -1000 -1000 -1000 -10 -0.572352
Pedestrian -1 -1 -10 801 110 885 206-1 -1 -1 -1000 -1000 -1000 -10 -0.703777
Pedestrian -1 -1 -10 1 292 85 375-1 -1 -1 -1000 -1000 -1000 -10 -0.724242
Pedestrian -1 -1 -10 993 65 1120 375-1 -1 -1 -1000 -1000 -1000 -10 -0.773901
Pedestrian -1 -1 -10 645 85 686 200-1 -1 -1 -1000 -1000 -1000 -10 -0.789589
Pedestrian -1 -1 -10 202 128 243 243-1 -1 -1 -1000 -1000 -1000 -10 -0.846541
Pedestrian -1 -1 -10 75 111 138 184-1 -1 -1 -1000 -1000 -1000 -10 -0.850596
Pedestrian -1 -1 -10 484 109 542 216-1 -1 -1 -1000 -1000 -1000 -10 -0.853537
Pedestrian -1 -1 -10 737 153 768 240-1 -1 -1 -1000 -1000 -1000 -10 -0.855811
Pedestrian -1 -1 -10 617 84 653 184-1 -1 -1 -1000 -1000 -1000 -10 -0.86282
Pedestrian -1 -1 -10 603 75 676 158-1 -1 -1 -1000 -1000 -1000 -10 -0.876753
Pedestrian -1 -1 -10 681 102 717 202-1 -1 -1 -1000 -1000 -1000 -10 -0.885844
Pedestrian -1 -1 -10 569 81 600 168-1 -1 -1 -1000 -1000 -1000 -10 -0.898779
Pedestrian -1 -1 -10 957 240 1020 313-1 -1 -1 -1000 -1000 -1000 -10 -0.899351
Pedestrian -1 -1 -10 1087 57 1242 279-1 -1 -1 -1000 -1000 -1000 -10 -0.910057
Pedestrian -1 -1 -10 449 73 480 160-1 -1 -1 -1000 -1000 -1000 -10 -0.937759
Pedestrian -1 -1 -10 677 79 754 221-1 -1 -1 -1000 -1000 -1000 -10 -0.997878
Pedestrian -1 -1 -10 1124 1 1174 94-1 -1 -1 -1000 -1000 -1000 -10 -0.999693
