Pedestrian -1 -1 -10 585 113 616 200-1 -1 -1 -1000 -1000 -1000 -10 -0.286471
Pedestrian -1 -1 -10 1210 275 1242 368-1 -1 -1 -1000 -1000 -1000 -10 -0.434469
Pedestrian -1 -1 -10 169 9 200 96-1 -1 -1 -1000 -1000 -1000 -10 -0.476986
Pedestrian -1 -1 -10 1134 188 1172 295-1 -1 -1 -1000 -1000 -1000 -10 -0.500236
Pedestrian -1 -1 -10 1185 1 1242 176-1 -1 -1 -1000 -1000 -1000 -10 -0.535391
Pedestrian -1 -1 -10 78 1 111 94-1 -1 -1 -1000 -1000 -1000 -10 -0.661353
Pedestrian -1 -1 -10 73 89 104 176-1 -1 -1 -1000 -1000 -1000 -10 -0.667559
Pedestrian -1 -1 -10 1177 222 1240 295-1 -1 -1 -1000 -1000 -1000 -10 -0.754578
Pedestrian -1 -1 -10 80 80 158 170-1 -1 -1 -1000 -1000 -1000 -10 -0.762269
Pedestrian -1 -1 -10 1113 249 1167 349-1 -1 -1 -1000 -1000 -1000 -10 -0.767102
Pedestrian -1 -1 -10 1134 306 1202 375-1 -1 -1 -1000 -1000 -1000 -10 -0.776302
Pedestrian -1 -1 -10 1180 225 1242 375-1 -1 -1 -1000 -1000 -1000 -10 -0.784399
Pedestrian -1 -1 -10 651 40 768 256-1 -1 -1 -1000 -1000 -1000 -10 -0.806712
Pedestrian -1 -1 -10 76 76 165 239-1 -1 -1 -1000 -1000 -1000 -10 -0.806953
Pedestrian -1 -1 -10 497 17 608 144-1 -1 -1 -1000 -1000 -1000 -10 -0.843742
Pedestrian -1 -1 -10 53 1 104 143-1 -1 -1 -1000 -1000 -1000 -10 -0.858398
Pedestrian -1 -1 -10 1109 180 1182 263-1 -1 -1 -1000 -1000 -1000 -10 -0.89603
Pedestrian -1 -1 -10 177 113 232 176-1 -1 -1 -1000 -1000 -1000 -10 -0.986742
Pedestrian -1 -1 -10 1141 29 1204 102-1 -1 -1 -1000 -1000 -1000 -10 -0.996867
