Pedestrian -1 -1 -10 550 147 600 240-1 -1 -1 -1000 -1000 -1000 -10 0.112287
Pedestrian -1 -1 -10 538 150 597 313-1 -1 -1 -1000 -1000 -1000 -10 -0.130394
Pedestrian -1 -1 -10 562 258 625 331-1 -1 -1 -1000 -1000 -1000 -10 -0.306837
Pedestrian -1 -1 -10 661 172 711 265-1 -1 -1 -1000 -1000 -1000 -10 -0.523417
Pedestrian -1 -1 -10 573 248 663 351-1 -1 -1 -1000 -1000 -1000 -10 -0.543805
Pedestrian -1 -1 -10 387 231 450 304-1 -1 -1 -1000 -1000 -1000 -10 -0.564363
Pedestrian -1 -1 -10 534 248 611 370-1 -1 -1 -1000 -1000 -1000 -10 -0.581161
Pedestrian -1 -1 -10 876 18 909 111-1 -1 -1 -1000 -1000 -1000 -10 -0.649329
Pedestrian -1 -1 -10 297 233 352 296-1 -1 -1 -1000 -1000 -1000 -10 -0.65659
Pedestrian -1 -1 -10 634 1 717 232-1 -1 -1 -1000 -1000 -1000 -10 -0.688673
Pedestrian -1 -1 -10 329 159 373 282-1 -1 -1 -1000 -1000 -1000 -10 -0.705008
Pedestrian -1 -1 -10 153 89 200 176-1 -1 -1 -1000 -1000 -1000 -10 -0.708175
Pedestrian -1 -1 -10 209 113 240 200-1 -1 -1 -1000 -1000 -1000 -10 -0.822531
Pedestrian -1 -1 -10 1132 1 1222 249-1 -1 -1 -1000 -1000 -1000 -10 -0.834178
Pedestrian -1 -1 -10 329 103 396 226-1 -1 -1 -1000 -1000 -1000 -10 -0.859112
Pedestrian -1 -1 -10 360 202 433 285-1 -1 -1 -1000 -1000 -1000 -10 -0.867253
Pedestrian -1 -1 -10 417 161 472 224-1 -1 -1 -1000 -1000 -1000 -10 -0.896901
Pedestrian -1 -1 -10 996 241 1029 334-1 -1 -1 -1000 -1000 -1000 -10 -0.899535
Pedestrian -1 -1 -10 753 86 801 218-1 -1 -1 -1000 -1000 -1000 -10 -0.967242
Pedestrian -1 -1 -10 396 84 432 184-1 -1 -1 -1000 -1000 -1000 -10 -0.969818
Pedestrian -1 -1 -10 306 70 344 177-1 -1 -1 -1000 -1000 -1000 -10 -0.972604
Pedestrian -1 -1 -10 497 304 560 370-1 -1 -1 -1000 -1000 -1000 -10 -0.986712
Pedestrian -1 -1 -10 233 17 264 104-1 -1 -1 -1000 -1000 -1000 -10 -0.992944
Pedestrian -1 -1 -10 521 205 678 370-1 -1 -1 -1000 -1000 -1000 -10 -0.993719
