Pedestrian -1 -1 -10 738 155 771 248-1 -1 -1 -1000 -1000 -1000 -10 -0.483763
Pedestrian -1 -1 -10 930 75 971 190-1 -1 -1 -1000 -1000 -1000 -10 -0.555042
Pedestrian -1 -1 -10 1 65 37 165-1 -1 -1 -1000 -1000 -1000 -10 -0.56112
Pedestrian -1 -1 -10 404 87 437 180-1 -1 -1 -1000 -1000 -1000 -10 -0.594901
Pedestrian -1 -1 -10 40 40 91 182-1 -1 -1 -1000 -1000 -1000 -10 -0.602122
Pedestrian -1 -1 -10 826 1 922 267-1 -1 -1 -1000 -1000 -1000 -10 -0.614478
Pedestrian -1 -1 -10 369 145 432 320-1 -1 -1 -1000 -1000 -1000 -10 -0.676385
Pedestrian -1 -1 -10 85 170 380 375-1 -1 -1 -1000 -1000 -1000 -10 -0.713121
Pedestrian -1 -1 -10 1150 19 1186 119-1 -1 -1 -1000 -1000 -1000 -10 -0.724888
Pedestrian -1 -1 -10 378 84 432 184-1 -1 -1 -1000 -1000 -1000 -10 -0.729427
Pedestrian -1 -1 -10 535 37 619 133-1 -1 -1 -1000 -1000 -1000 -10 -0.732872
Pedestrian -1 -1 -10 1193 119 1231 226-1 -1 -1 -1000 -1000 -1000 -10 -0.750052
Pedestrian -1 -1 -10 130 1 166 101-1 -1 -1 -1000 -1000 -1000 -10 -0.795924
Pedestrian -1 -1 -10 363 71 446 223-1 -1 -1 -1000 -1000 -1000 -10 -0.82316
Pedestrian -1 -1 -10 1185 49 1216 136-1 -1 -1 -1000 -1000 -1000 -10 -0.8484
Pedestrian -1 -1 -10 990 1 1087 111-1 -1 -1 -1000 -1000 -1000 -10 -0.883134
Pedestrian -1 -1 -10 902 1 975 202-1 -1 -1 -1000 -1000 -1000 -10 -0.907462
Pedestrian -1 -1 -10 1097 161 1144 248-1 -1 -1 -1000 -1000 -1000 -10 -0.914882
Pedestrian -1 -1 -10 529 33 624 208-1 -1 -1 -1000 -1000 -1000 -10 -0.929328
Pedestrian -1 -1 -10 713 112 746 205-1 -1 -1 -1000 -1000 -1000 -10 -0.932206
Pedestrian -1 -1 -10 1013 78 1072 146-1 -1 -1 -1000 -1000 -1000 -10 -0.936551
Pedestrian -1 -1 -10 1 53 78 195-1 -1 -1 -1000 -1000 -1000 -10 -0.947597
Pedestrian -1 -1 -10 1210 293 1242 375-1 -1 -1 -1000 -1000 -1000 -10 -0.96146
Pedestrian -1 -1 -10 1222 119 1242 226-1 -1 -1 -1000 -1000 -1000 -10 -0.969818
Pedestrian -1 -1 -10 286 1 348 116-1 -1 -1 -1000 -1000 -1000 -10 -0.978406
Pedestrian -1 -1 -10 1143 85 1242 375-1 -1 -1 -1000 -1000 -1000 -10 -0.979052
Pedestrian -1 -1 -10 966 50 1024 157-1 -1 -1 -1000 -1000 -1000 -10 -0.986226
Pedestrian -1 -1 -10 455 138 514 206-1 -1 -1 -1000 -1000 -1000 -10 -0.987196
