Pedestrian -1 -1 -10 750 178 788 285-1 -1 -1 -1000 -1000 -1000 -10 -0.146677
Pedestrian -1 -1 -10 747 150 850 268-1 -1 -1 -1000 -1000 -1000 -10 -0.517099
Pedestrian -1 -1 -10 1001 61 1104 179-1 -1 -1 -1000 -1000 -1000 -10 -0.677463
Pedestrian -1 -1 -10 1049 185 1158 375-1 -1 -1 -1000 -1000 -1000 -10 -0.747177
Pedestrian -1 -1 -10 257 90 295 197-1 -1 -1 -1000 -1000 -1000 -10 -0.794513
Pedestrian -1 -1 -10 858 104 917 172-1 -1 -1 -1000 -1000 -1000 -10 -0.819662
Pedestrian -1 -1 -10 976 1 1142 306-1 -1 -1 -1000 -1000 -1000 -10 -0.8216
Pedestrian -1 -1 -10 663 102 699 202-1 -1 -1 -1000 -1000 -1000 -10 -0.835792
Pedestrian -1 -1 -10 929 153 960 240-1 -1 -1 -1000 -1000 -1000 -10 -0.850334
Pedestrian -1 -1 -10 337 17 400 192-1 -1 -1 -1000 -1000 -1000 -10 -0.889606
Pedestrian -1 -1 -10 729 25 825 291-1 -1 -1 -1000 -1000 -1000 -10 -0.897865
Pedestrian -1 -1 -10 681 130 717 230-1 -1 -1 -1000 -1000 -1000 -10 -0.921659
Pedestrian -1 -1 -10 631 90 669 197-1 -1 -1 -1000 -1000 -1000 -10 -0.98059
