Pedestrian -1 -1 -10 985 137 1032 224-1 -1 -1 -1000 -1000 -1000 -10 -0.468997
Pedestrian -1 -1 -10 1205 120 1242 220-1 -1 -1 -1000 -1000 -1000 -10 -0.507378
Pedestrian -1 -1 -10 1184 118 1235 260-1 -1 -1 -1000 -1000 -1000 -10 -0.587913
Pedestrian -1 -1 -10 1 70 60 138-1 -1 -1 -1000 -1000 -1000 -10 -0.592955
Pedestrian -1 -1 -10 696 112 755 180-1 -1 -1 -1000 -1000 -1000 -10 -0.686498
Pedestrian -1 -1 -10 1097 49 1152 112-1 -1 -1 -1000 -1000 -1000 -10 -0.844209
Pedestrian -1 -1 -10 498 138 531 231-1 -1 -1 -1000 -1000 -1000 -10 -0.93269
Pedestrian -1 -1 -10 1116 112 1166 205-1 -1 -1 -1000 -1000 -1000 -10 -0.939644
Pedestrian -1 -1 -10 971 150 1074 268-1 -1 -1 -1000 -1000 -1000 -10 -0.951159
Pedestrian -1 -1 -10 396 120 459 193-1 -1 -1 -1000 -1000 -1000 -10 -0.959201
Pedestrian -1 -1 -10 1056 112 1089 205-1 -1 -1 -1000 -1000 -1000 -10 -0.975559
Pedestrian -1 -1 -10 1159 93 1232 294-1 -1 -1 -1000 -1000 -1000 -10 -0.978487
Pedestrian -1 -1 -10 1153 50 1221 128-1 -1 -1 -1000 -1000 -1000 -10 -0.992696
Pedestrian -1 -1 -10 1002 105 1092 208-1 -1 -1 -1000 -1000 -1000 -10 -0.992697
