Pedestrian -1 -1 -10 750 170 791 285-1 -1 -1 -1000 -1000 -1000 -10 1.6051
Pedestrian -1 -1 -10 193 161 256 336-1 -1 -1 -1000 -1000 -1000 -10 1.36143
Pedestrian -1 -1 -10 241 172 309 360-1 -1 -1 -1000 -1000 -1000 -10 1.2777
Pedestrian -1 -1 -10 313 56 386 257-1 -1 -1 -1000 -1000 -1000 -10 -0.066793
Pedestrian -1 -1 -10 1001 169 1056 232-1 -1 -1 -1000 -1000 -1000 -10 -0.378325
Pedestrian -1 -1 -10 537 137 568 224-1 -1 -1 -1000 -1000 -1000 -10 -0.464913
Pedestrian -1 -1 -10 560 53 637 195-1 -1 -1 -1000 -1000 -1000 -10 -0.530673
Pedestrian -1 -1 -10 172 267 222 360-1 -1 -1 -1000 -1000 -1000 -10 -0.593411
Pedestrian -1 -1 -10 777 110 825 242-1 -1 -1 -1000 -1000 -1000 -10 -0.627863
Pedestrian -1 -1 -10 481 35 686 375-1 -1 -1 -1000 -1000 -1000 -10 -0.658218
Pedestrian -1 -1 -10 711 140 794 292-1 -1 -1 -1000 -1000 -1000 -10 -0.697001
Pedestrian -1 -1 -10 756 104 824 292-1 -1 -1 -1000 -1000 -1000 -10 -0.740738
Pedestrian -1 -1 -10 1210 147 1242 240-1 -1 -1 -1000 -1000 -1000 -10 -0.778723
Pedestrian -1 -1 -10 849 177 904 240-1 -1 -1 -1000 -1000 -1000 -10 -0.911266
Pedestrian -1 -1 -10 225 33 352 375-1 -1 -1 -1000 -1000 -1000 -10 -0.912057
Pedestrian -1 -1 -10 1178 193 1242 283-1 -1 -1 -1000 -1000 -1000 -10 -0.965651
Pedestrian -1 -1 -10 1073 147 1123 240-1 -1 -1 -1000 -1000 -1000 -10 -0.985652
Pedestrian -1 -1 -10 1057 1 1225 375-1 -1 -1 -1000 -1000 -1000 -10 -0.989745
