Pedestrian -1 -1 -10 534 84 570 184-1 -1 -1 -1000 -1000 -1000 -10 0.144951
Pedestrian -1 -1 -10 137 92 204 215-1 -1 -1 -1000 -1000 -1000 -10 -0.587388
Pedestrian -1 -1 -10 443 1 520 143-1 -1 -1 -1000 -1000 -1000 -10 -0.741814
Pedestrian -1 -1 -10 927 119 965 226-1 -1 -1 -1000 -1000 -1000 -10 -0.824405
Pedestrian -1 -1 -10 284 164 343 232-1 -1 -1 -1000 -1000 -1000 -10 -0.842094
Pedestrian -1 -1 -10 1193 130 1226 223-1 -1 -1 -1000 -1000 -1000 -10 -0.878166
Pedestrian -1 -1 -10 910 310 969 375-1 -1 -1 -1000 -1000 -1000 -10 -0.882524
Pedestrian -1 -1 -10 937 169 992 232-1 -1 -1 -1000 -1000 -1000 -10 -0.920589
Pedestrian -1 -1 -10 464 1 566 189-1 -1 -1 -1000 -1000 -1000 -10 -0.928467
Pedestrian -1 -1 -10 1 1 448 375-1 -1 -1 -1000 -1000 -1000 -10 -0.931895
Pedestrian -1 -1 -10 633 73 680 160-1 -1 -1 -1000 -1000 -1000 -10 -0.938863
