Pedestrian -1 -1 -10 304 171 352 303-1 -1 -1 -1000 -1000 -1000 -10 2.12092
Pedestrian -1 -1 -10 1209 65 1240 152-1 -1 -1 -1000 -1000 -1000 -10 -0.659149
Pedestrian -1 -1 -10 1137 81 1168 168-1 -1 -1 -1000 -1000 -1000 -10 -0.67446
Pedestrian -1 -1 -10 929 305 960 375-1 -1 -1 -1000 -1000 -1000 -10 -0.736756
Pedestrian -1 -1 -10 336 149 394 256-1 -1 -1 -1000 -1000 -1000 -10 -0.74051
Pedestrian -1 -1 -10 425 105 456 192-1 -1 -1 -1000 -1000 -1000 -10 -0.771647
Pedestrian -1 -1 -10 957 120 993 220-1 -1 -1 -1000 -1000 -1000 -10 -0.77397
Pedestrian -1 -1 -10 673 161 704 248-1 -1 -1 -1000 -1000 -1000 -10 -0.776756
Pedestrian -1 -1 -10 150 270 253 375-1 -1 -1 -1000 -1000 -1000 -10 -0.806874
Pedestrian -1 -1 -10 1106 170 1196 273-1 -1 -1 -1000 -1000 -1000 -10 -0.811028
Pedestrian -1 -1 -10 569 113 600 200-1 -1 -1 -1000 -1000 -1000 -10 -0.84029
Pedestrian -1 -1 -10 1081 177 1128 264-1 -1 -1 -1000 -1000 -1000 -10 -0.845229
Pedestrian -1 -1 -10 198 99 276 315-1 -1 -1 -1000 -1000 -1000 -10 -0.847974
Pedestrian -1 -1 -10 310 138 378 326-1 -1 -1 -1000 -1000 -1000 -10 -0.860586
Pedestrian -1 -1 -10 781 138 840 206-1 -1 -1 -1000 -1000 -1000 -10 -0.879186
Pedestrian -1 -1 -10 1007 122 1055 254-1 -1 -1 -1000 -1000 -1000 -10 -0.879453
Pedestrian -1 -1 -10 849 153 880 240-1 -1 -1 -1000 -1000 -1000 -10 -0.883496
Pedestrian -1 -1 -10 560 12 601 127-1 -1 -1 -1000 -1000 -1000 -10 -0.884848
Pedestrian -1 -1 -10 1201 81 1242 256-1 -1 -1 -1000 -1000 -1000 -10 -0.899857
Pedestrian -1 -1 -10 737 113 768 200-1 -1 -1 -1000 -1000 -1000 -10 -0.915255
Pedestrian -1 -1 -10 930 233 1077 375-1 -1 -1 -1000 -1000 -1000 -10 -0.947354
Pedestrian -1 -1 -10 625 17 688 192-1 -1 -1 -1000 -1000 -1000 -10 -0.977907
Pedestrian -1 -1 -10 258 44 291 137-1 -1 -1 -1000 -1000 -1000 -10 -0.986605
Pedestrian -1 -1 -10 250 1 294 124-1 -1 -1 -1000 -1000 -1000 -10 -0.988117
Pedestrian -1 -1 -10 963 103 1030 226-1 -1 -1 -1000 -1000 -1000 -10 -0.998259
