Pedestrian -1 -1 -10 75 166 111 266-1 -1 -1 -1000 -1000 -1000 -10 -0.153394
Pedestrian -1 -1 -10 381 96 454 179-1 -1 -1 -1000 -1000 -1000 -10 -0.549845
Pedestrian -1 -1 -10 228 90 286 197-1 -1 -1 -1000 -1000 -1000 -10 -0.613146
Pedestrian -1 -1 -10 885 1 1066 208-1 -1 -1 -1000 -1000 -1000 -10 -0.639118
Pedestrian -1 -1 -10 340 103 384 226-1 -1 -1 -1000 -1000 -1000 -10 -0.654864
Pedestrian -1 -1 -10 1 76 60 239-1 -1 -1 -1000 -1000 -1000 -10 -0.684926
Pedestrian -1 -1 -10 1168 130 1222 230-1 -1 -1 -1000 -1000 -1000 -10 -0.768187
Pedestrian -1 -1 -10 419 71 502 223-1 -1 -1 -1000 -1000 -1000 -10 -0.80241
Pedestrian -1 -1 -10 233 1 292 69-1 -1 -1 -1000 -1000 -1000 -10 -0.828543
Pedestrian -1 -1 -10 316 99 354 206-1 -1 -1 -1000 -1000 -1000 -10 -0.856599
Pedestrian -1 -1 -10 539 107 612 190-1 -1 -1 -1000 -1000 -1000 -10 -0.882979
Pedestrian -1 -1 -10 489 113 536 200-1 -1 -1 -1000 -1000 -1000 -10 -0.90245
Pedestrian -1 -1 -10 305 145 336 232-1 -1 -1 -1000 -1000 -1000 -10 -0.940855
Pedestrian -1 -1 -10 1 1 84 232-1 -1 -1 -1000 -1000 -1000 -10 -0.943449
Pedestrian -1 -1 -10 363 1 634 375-1 -1 -1 -1000 -1000 -1000 -10 -0.961405
Pedestrian -1 -1 -10 641 129 696 192-1 -1 -1 -1000 -1000 -1000 -10 -0.964675
Pedestrian -1 -1 -10 205 1 249 124-1 -1 -1 -1000 -1000 -1000 -10 -0.995655
