Pedestrian -1 -1 -10 1016 150 1075 313-1 -1 -1 -1000 -1000 -1000 -10 0.275187
Pedestrian -1 -1 -10 755 183 806 325-1 -1 -1 -1000 -1000 -1000 -10 0.204132
Pedestrian -1 -1 -10 601 104 634 197-1 -1 -1 -1000 -1000 -1000 -10 -0.299217
Pedestrian -1 -1 -10 1 69 45 192-1 -1 -1 -1000 -1000 -1000 -10 -0.332951
Pedestrian -1 -1 -10 920 286 974 374-1 -1 -1 -1000 -1000 -1000 -10 -0.360108
Pedestrian -1 -1 -10 1104 212 1167 285-1 -1 -1 -1000 -1000 -1000 -10 -0.385836
Pedestrian -1 -1 -10 814 202 876 317-1 -1 -1 -1000 -1000 -1000 -10 -0.466331
Pedestrian -1 -1 -10 790 181 823 274-1 -1 -1 -1000 -1000 -1000 -10 -0.493784
Pedestrian -1 -1 -10 898 122 1067 315-1 -1 -1 -1000 -1000 -1000 -10 -0.540242
Pedestrian -1 -1 -10 721 1 840 137-1 -1 -1 -1000 -1000 -1000 -10 -0.550972
Pedestrian -1 -1 -10 476 1 520 124-1 -1 -1 -1000 -1000 -1000 -10 -0.606109
Pedestrian -1 -1 -10 856 223 897 338-1 -1 -1 -1000 -1000 -1000 -10 -0.630129
Pedestrian -1 -1 -10 516 10 552 110-1 -1 -1 -1000 -1000 -1000 -10 -0.722516
Pedestrian -1 -1 -10 1101 126 1156 278-1 -1 -1 -1000 -1000 -1000 -10 -0.730972
Pedestrian -1 -1 -10 332 313 395 374-1 -1 -1 -1000 -1000 -1000 -10 -0.811891
Pedestrian -1 -1 -10 773 258 892 374-1 -1 -1 -1000 -1000 -1000 -10 -0.815976
Pedestrian -1 -1 -10 405 159 443 266-1 -1 -1 -1000 -1000 -1000 -10 -0.839393
Pedestrian -1 -1 -10 1049 121 1096 208-1 -1 -1 -1000 -1000 -1000 -10 -0.875656
Pedestrian -1 -1 -10 284 121 334 214-1 -1 -1 -1000 -1000 -1000 -10 -0.877343
Pedestrian -1 -1 -10 359 91 537 374-1 -1 -1 -1000 -1000 -1000 -10 -0.881828
Pedestrian -1 -1 -10 872 66 923 208-1 -1 -1 -1000 -1000 -1000 -10 -0.896971
Pedestrian -1 -1 -10 671 50 729 157-1 -1 -1 -1000 -1000 -1000 -10 -0.906899
Pedestrian -1 -1 -10 720 159 778 266-1 -1 -1 -1000 -1000 -1000 -10 -0.912292
Pedestrian -1 -1 -10 313 29 376 102-1 -1 -1 -1000 -1000 -1000 -10 -0.915854
Pedestrian -1 -1 -10 704 1 849 267-1 -1 -1 -1000 -1000 -1000 -10 -0.92156
Pedestrian -1 -1 -10 498 1 582 97-1 -1 -1 -1000 -1000 -1000 -10 -0.939302
Pedestrian -1 -1 -10 323 84 359 184-1 -1 -1 -1000 -1000 -1000 -10 -0.958853
