Pedestrian -1 -1 -10 533 69 600 192-1 -1 -1 -1000 -1000 -1000 -10 -0.738404
Pedestrian -1 -1 -10 772 1 813 116-1 -1 -1 -1000 -1000 -1000 -10 -0.742965
Pedestrian -1 -1 -10 584 121 643 189-1 -1 -1 -1000 -1000 -1000 -10 -0.843433
Pedestrian -1 -1 -10 515 155 565 248-1 -1 -1 -1000 -1000 -1000 -10 -0.845062
Pedestrian -1 -1 -10 963 35 1007 158-1 -1 -1 -1000 -1000 -1000 -10 -0.899074
Pedestrian -1 -1 -10 1113 148 1149 248-1 -1 -1 -1000 -1000 -1000 -10 -0.923156
Pedestrian -1 -1 -10 721 33 776 96-1 -1 -1 -1000 -1000 -1000 -10 -0.970356
Pedestrian -1 -1 -10 470 65 524 165-1 -1 -1 -1000 -1000 -1000 -10 -0.985701
Pedestrian -1 -1 -10 1145 129 1192 216-1 -1 -1 -1000 -1000 -1000 -10 -0.990148
Pedestrian -1 -1 -10 1090 104 1149 172-1 -1 -1 -1000 -1000 -1000 -10 -0.997403
Pedestrian -1 -1 -10 498 70 600 258-1 -1 -1 -1000 -1000 -1000 -10 -0.998
