Pedestrian -1 -1 -10 777 150 836 313-1 -1 -1 -1000 -1000 -1000 -10 0.672285
Pedestrian -1 -1 -10 543 267 601 370-1 -1 -1 -1000 -1000 -1000 -10 -0.699162
Pedestrian -1 -1 -10 352 159 396 282-1 -1 -1 -1000 -1000 -1000 -10 -0.730432
Pedestrian -1 -1 -10 582 267 640 370-1 -1 -1 -1000 -1000 -1000 -10 -0.787429
Pedestrian -1 -1 -10 377 219 461 315-1 -1 -1 -1000 -1000 -1000 -10 -0.791302
Pedestrian -1 -1 -10 781 105 858 247-1 -1 -1 -1000 -1000 -1000 -10 -0.812401
Pedestrian -1 -1 -10 470 1 524 101-1 -1 -1 -1000 -1000 -1000 -10 -0.816835
Pedestrian -1 -1 -10 634 1 717 232-1 -1 -1 -1000 -1000 -1000 -10 -0.817704
Pedestrian -1 -1 -10 702 103 746 226-1 -1 -1 -1000 -1000 -1000 -10 -0.904564
Pedestrian -1 -1 -10 465 193 543 283-1 -1 -1 -1000 -1000 -1000 -10 -0.913158
Pedestrian -1 -1 -10 153 89 200 176-1 -1 -1 -1000 -1000 -1000 -10 -0.922489
Pedestrian -1 -1 -10 421 155 480 223-1 -1 -1 -1000 -1000 -1000 -10 -0.9262
Pedestrian -1 -1 -10 1 84 37 184-1 -1 -1 -1000 -1000 -1000 -10 -0.936275
Pedestrian -1 -1 -10 1137 129 1184 216-1 -1 -1 -1000 -1000 -1000 -10 -0.944598
Pedestrian -1 -1 -10 689 185 720 272-1 -1 -1 -1000 -1000 -1000 -10 -0.962482
Pedestrian -1 -1 -10 516 313 644 370-1 -1 -1 -1000 -1000 -1000 -10 -0.96538
Pedestrian -1 -1 -10 537 1 592 64-1 -1 -1 -1000 -1000 -1000 -10 -0.974667
Pedestrian -1 -1 -10 585 1 640 64-1 -1 -1 -1000 -1000 -1000 -10 -0.991093
Pedestrian -1 -1 -10 941 225 1030 370-1 -1 -1 -1000 -1000 -1000 -10 -0.992815
Pedestrian -1 -1 -10 874 159 922 291-1 -1 -1 -1000 -1000 -1000 -10 -0.992938
Pedestrian -1 -1 -10 1013 172 1072 240-1 -1 -1 -1000 -1000 -1000 -10 -0.999698
