Pedestrian -1 -1 -10 690 111 744 211-1 -1 -1 -1000 -1000 -1000 -10 -0.408898
Pedestrian -1 -1 -10 671 99 709 206-1 -1 -1 -1000 -1000 -1000 -10 -0.467738
Pedestrian -1 -1 -10 456 53 507 195-1 -1 -1 -1000 -1000 -1000 -10 -0.541863
Pedestrian -1 -1 -10 365 50 534 243-1 -1 -1 -1000 -1000 -1000 -10 -0.560134
Pedestrian -1 -1 -10 323 286 359 375-1 -1 -1 -1000 -1000 -1000 -10 -0.596725
Pedestrian -1 -1 -10 1 44 34 137-1 -1 -1 -1000 -1000 -1000 -10 -0.59914
Pedestrian -1 -1 -10 222 102 258 202-1 -1 -1 -1000 -1000 -1000 -10 -0.606683
Pedestrian -1 -1 -10 623 114 701 204-1 -1 -1 -1000 -1000 -1000 -10 -0.83757
Pedestrian -1 -1 -10 879 280 976 375-1 -1 -1 -1000 -1000 -1000 -10 -0.852153
Pedestrian -1 -1 -10 19 93 73 193-1 -1 -1 -1000 -1000 -1000 -10 -0.893782
Pedestrian -1 -1 -10 256 256 328 375-1 -1 -1 -1000 -1000 -1000 -10 -0.931392
