Pedestrian -1 -1 -10 666 96 739 179-1 -1 -1 -1000 -1000 -1000 -10 -0.0482721
Pedestrian -1 -1 -10 392 54 454 169-1 -1 -1 -1000 -1000 -1000 -10 -0.597697
Pedestrian -1 -1 -10 747 46 850 164-1 -1 -1 -1000 -1000 -1000 -10 -0.613612
Pedestrian -1 -1 -10 789 1 867 217-1 -1 -1 -1000 -1000 -1000 -10 -0.650681
Pedestrian -1 -1 -10 1 70 34 163-1 -1 -1 -1000 -1000 -1000 -10 -0.711402
Pedestrian -1 -1 -10 923 25 971 157-1 -1 -1 -1000 -1000 -1000 -10 -0.751585
Pedestrian -1 -1 -10 906 92 950 215-1 -1 -1 -1000 -1000 -1000 -10 -0.781776
Pedestrian -1 -1 -10 1 31 119 358-1 -1 -1 -1000 -1000 -1000 -10 -0.827153
Pedestrian -1 -1 -10 1197 53 1242 195-1 -1 -1 -1000 -1000 -1000 -10 -0.839586
Pedestrian -1 -1 -10 374 46 463 209-1 -1 -1 -1000 -1000 -1000 -10 -0.881052
Pedestrian -1 -1 -10 523 76 626 194-1 -1 -1 -1000 -1000 -1000 -10 -0.893612
Pedestrian -1 -1 -10 951 96 1013 211-1 -1 -1 -1000 -1000 -1000 -10 -0.941752
Pedestrian -1 -1 -10 716 62 764 194-1 -1 -1 -1000 -1000 -1000 -10 -0.961051
Pedestrian -1 -1 -10 1030 1 1242 274-1 -1 -1 -1000 -1000 -1000 -10 -0.973182
Pedestrian -1 -1 -10 434 306 502 375-1 -1 -1 -1000 -1000 -1000 -10 -0.986922
Pedestrian -1 -1 -10 725 46 882 226-1 -1 -1 -1000 -1000 -1000 -10 -0.994404
Pedestrian -1 -1 -10 972 1 1055 232-1 -1 -1 -1000 -1000 -1000 -10 -0.994922
