Pedestrian -1 -1 -10 1176 190 1209 283-1 -1 -1 -1000 -1000 -1000 -10 -0.500854
Pedestrian -1 -1 -10 1049 93 1103 193-1 -1 -1 -1000 -1000 -1000 -10 -0.702304
Pedestrian -1 -1 -10 1210 150 1242 313-1 -1 -1 -1000 -1000 -1000 -10 -0.71377
Pedestrian -1 -1 -10 327 10 377 103-1 -1 -1 -1000 -1000 -1000 -10 -0.728738
Pedestrian -1 -1 -10 529 33 560 120-1 -1 -1 -1000 -1000 -1000 -10 -0.749572
Pedestrian -1 -1 -10 951 159 995 282-1 -1 -1 -1000 -1000 -1000 -10 -0.878913
Pedestrian -1 -1 -10 375 21 453 237-1 -1 -1 -1000 -1000 -1000 -10 -0.901851
Pedestrian -1 -1 -10 1167 138 1242 274-1 -1 -1 -1000 -1000 -1000 -10 -0.93081
Pedestrian -1 -1 -10 339 1 442 286-1 -1 -1 -1000 -1000 -1000 -10 -0.944711
Pedestrian -1 -1 -10 681 157 735 257-1 -1 -1 -1000 -1000 -1000 -10 -0.956782
Pedestrian -1 -1 -10 1041 118 1092 260-1 -1 -1 -1000 -1000 -1000 -10 -0.995784
Pedestrian -1 -1 -10 822 91 881 254-1 -1 -1 -1000 -1000 -1000 -10 -0.996392
Pedestrian -1 -1 -10 1141 121 1191 214-1 -1 -1 -1000 -1000 -1000 -10 -0.997689
