Pedestrian -1 -1 -10 54 96 95 211-1 -1 -1 -1000 -1000 -1000 -10 -0.16943
Pedestrian -1 -1 -10 552 93 588 193-1 -1 -1 -1000 -1000 -1000 -10 -0.187607
Pedestrian -1 -1 -10 850 50 898 182-1 -1 -1 -1000 -1000 -1000 -10 -0.36456
Pedestrian -1 -1 -10 1001 16 1060 179-1 -1 -1 -1000 -1000 -1000 -10 -0.429034
Pedestrian -1 -1 -10 378 93 414 193-1 -1 -1 -1000 -1000 -1000 -10 -0.477563
Pedestrian -1 -1 -10 326 53 377 195-1 -1 -1 -1000 -1000 -1000 -10 -0.576006
Pedestrian -1 -1 -10 962 85 1017 237-1 -1 -1 -1000 -1000 -1000 -10 -0.58041
Pedestrian -1 -1 -10 65 9 96 96-1 -1 -1 -1000 -1000 -1000 -10 -0.662427
Pedestrian -1 -1 -10 44 1 103 69-1 -1 -1 -1000 -1000 -1000 -10 -0.666149
Pedestrian -1 -1 -10 937 105 968 192-1 -1 -1 -1000 -1000 -1000 -10 -0.679659
Pedestrian -1 -1 -10 691 103 769 193-1 -1 -1 -1000 -1000 -1000 -10 -0.67994
Pedestrian -1 -1 -10 986 1 1242 315-1 -1 -1 -1000 -1000 -1000 -10 -0.71166
Pedestrian -1 -1 -10 431 80 475 203-1 -1 -1 -1000 -1000 -1000 -10 -0.714082
Pedestrian -1 -1 -10 464 95 497 188-1 -1 -1 -1000 -1000 -1000 -10 -0.737345
Pedestrian -1 -1 -10 22 1 105 232-1 -1 -1 -1000 -1000 -1000 -10 -0.877634
Pedestrian -1 -1 -10 419 76 522 194-1 -1 -1 -1000 -1000 -1000 -10 -0.926503
Pedestrian -1 -1 -10 940 43 1002 158-1 -1 -1 -1000 -1000 -1000 -10 -0.945293
Pedestrian -1 -1 -10 828 38 901 239-1 -1 -1 -1000 -1000 -1000 -10 -0.972742
