Pedestrian -1 -1 -10 825 169 880 232-1 -1 -1 -1000 -1000 -1000 -10 -0.557018
Pedestrian -1 -1 -10 1121 46 1180 209-1 -1 -1 -1000 -1000 -1000 -10 -0.651673
Pedestrian -1 -1 -10 1097 33 1128 120-1 -1 -1 -1000 -1000 -1000 -10 -0.670465
Pedestrian -1 -1 -10 98 86 170 218-1 -1 -1 -1000 -1000 -1000 -10 -0.673549
Pedestrian -1 -1 -10 521 89 552 176-1 -1 -1 -1000 -1000 -1000 -10 -0.713225
Pedestrian -1 -1 -10 1017 41 1048 128-1 -1 -1 -1000 -1000 -1000 -10 -0.744372
Pedestrian -1 -1 -10 558 112 617 180-1 -1 -1 -1000 -1000 -1000 -10 -0.773372
Pedestrian -1 -1 -10 1 38 37 138-1 -1 -1 -1000 -1000 -1000 -10 -0.785877
Pedestrian -1 -1 -10 454 21 532 237-1 -1 -1 -1000 -1000 -1000 -10 -0.82212
Pedestrian -1 -1 -10 301 70 334 163-1 -1 -1 -1000 -1000 -1000 -10 -0.87186
Pedestrian -1 -1 -10 91 1 150 164-1 -1 -1 -1000 -1000 -1000 -10 -0.902451
Pedestrian -1 -1 -10 1006 1 1123 217-1 -1 -1 -1000 -1000 -1000 -10 -0.914519
Pedestrian -1 -1 -10 1081 215 1140 283-1 -1 -1 -1000 -1000 -1000 -10 -0.918924
Pedestrian -1 -1 -10 1167 10 1226 78-1 -1 -1 -1000 -1000 -1000 -10 -0.920082
Pedestrian -1 -1 -10 1 18 60 86-1 -1 -1 -1000 -1000 -1000 -10 -0.936973
Pedestrian -1 -1 -10 644 93 680 193-1 -1 -1 -1000 -1000 -1000 -10 -0.960096
Pedestrian -1 -1 -10 670 78 720 171-1 -1 -1 -1000 -1000 -1000 -10 -0.965721
Pedestrian -1 -1 -10 1180 1 1239 164-1 -1 -1 -1000 -1000 -1000 -10 -0.983508
