Pedestrian -1 -1 -10 215 172 274 240-1 -1 -1 -1000 -1000 -1000 -10 -0.355769
Pedestrian -1 -1 -10 569 97 624 160-1 -1 -1 -1000 -1000 -1000 -10 -0.743208
Pedestrian -1 -1 -10 216 182 283 305-1 -1 -1 -1000 -1000 -1000 -10 -0.753542
Pedestrian -1 -1 -10 513 137 544 224-1 -1 -1 -1000 -1000 -1000 -10 -0.754029
Pedestrian -1 -1 -10 777 129 808 216-1 -1 -1 -1000 -1000 -1000 -10 -0.842252
Pedestrian -1 -1 -10 300 287 390 374-1 -1 -1 -1000 -1000 -1000 -10 -0.849768
Pedestrian -1 -1 -10 801 113 832 200-1 -1 -1 -1000 -1000 -1000 -10 -0.861531
Pedestrian -1 -1 -10 78 52 128 145-1 -1 -1 -1000 -1000 -1000 -10 -0.896161
Pedestrian -1 -1 -10 513 119 571 226-1 -1 -1 -1000 -1000 -1000 -10 -0.936379
Pedestrian -1 -1 -10 930 297 1003 374-1 -1 -1 -1000 -1000 -1000 -10 -0.987612
