Pedestrian -1 -1 -10 1 40 79 256-1 -1 -1 -1000 -1000 -1000 -10 -0.191856
Pedestrian -1 -1 -10 761 85 802 200-1 -1 -1 -1000 -1000 -1000 -10 -0.681884
Pedestrian -1 -1 -10 430 104 463 197-1 -1 -1 -1000 -1000 -1000 -10 -0.698239
Pedestrian -1 -1 -10 524 61 557 154-1 -1 -1 -1000 -1000 -1000 -10 -0.738132
Pedestrian -1 -1 -10 807 172 840 265-1 -1 -1 -1000 -1000 -1000 -10 -0.783742
Pedestrian -1 -1 -10 612 53 689 195-1 -1 -1 -1000 -1000 -1000 -10 -0.785544
Pedestrian -1 -1 -10 451 1 487 101-1 -1 -1 -1000 -1000 -1000 -10 -0.785781
Pedestrian -1 -1 -10 479 1 538 164-1 -1 -1 -1000 -1000 -1000 -10 -0.819236
Pedestrian -1 -1 -10 24 114 114 362-1 -1 -1 -1000 -1000 -1000 -10 -0.839374
Pedestrian -1 -1 -10 267 119 305 226-1 -1 -1 -1000 -1000 -1000 -10 -0.858321
Pedestrian -1 -1 -10 1017 201 1048 288-1 -1 -1 -1000 -1000 -1000 -10 -0.874642
Pedestrian -1 -1 -10 1210 46 1242 209-1 -1 -1 -1000 -1000 -1000 -10 -0.891384
Pedestrian -1 -1 -10 1 1 390 375-1 -1 -1 -1000 -1000 -1000 -10 -0.940504
Pedestrian -1 -1 -10 1016 1 1242 375-1 -1 -1 -1000 -1000 -1000 -10 -0.947491
Pedestrian -1 -1 -10 465 85 760 375-1 -1 -1 -1000 -1000 -1000 -10 -0.965594
Pedestrian -1 -1 -10 773 313 836 375-1 -1 -1 -1000 -1000 -1000 -10 -0.997299
