Pedestrian -1 -1 -10 216 80 260 203-1 -1 -1 -1000 -1000 -1000 -10 -0.213683
Pedestrian -1 -1 -10 370 180 411 295-1 -1 -1 -1000 -1000 -1000 -10 -0.363507
Pedestrian -1 -1 -10 1021 130 1057 230-1 -1 -1 -1000 -1000 -1000 -10 -0.477836
Pedestrian -1 -1 -10 608 93 736 239-1 -1 -1 -1000 -1000 -1000 -10 -0.496247
Pedestrian -1 -1 -10 304 13 388 109-1 -1 -1 -1000 -1000 -1000 -10 -0.659542
Pedestrian -1 -1 -10 725 103 803 193-1 -1 -1 -1000 -1000 -1000 -10 -0.706982
Pedestrian -1 -1 -10 985 92 1029 215-1 -1 -1 -1000 -1000 -1000 -10 -0.934467
Pedestrian -1 -1 -10 209 92 299 195-1 -1 -1 -1000 -1000 -1000 -10 -0.937504
Pedestrian -1 -1 -10 313 53 416 338-1 -1 -1 -1000 -1000 -1000 -10 -0.945045
Pedestrian -1 -1 -10 1046 96 1108 211-1 -1 -1 -1000 -1000 -1000 -10 -0.964419
