Pedestrian -1 -1 -10 753 201 784 288-1 -1 -1 -1000 -1000 -1000 -10 0.706123
Pedestrian -1 -1 -10 417 157 468 299-1 -1 -1 -1000 -1000 -1000 -10 0.123055
Pedestrian -1 -1 -10 927 215 986 283-1 -1 -1 -1000 -1000 -1000 -10 -0.185035
Pedestrian -1 -1 -10 951 216 995 339-1 -1 -1 -1000 -1000 -1000 -10 -0.185538
Pedestrian -1 -1 -10 1165 76 1224 239-1 -1 -1 -1000 -1000 -1000 -10 -0.448537
Pedestrian -1 -1 -10 1 1 104 286-1 -1 -1 -1000 -1000 -1000 -10 -0.485983
Pedestrian -1 -1 -10 1025 1 1152 352-1 -1 -1 -1000 -1000 -1000 -10 -0.555956
Pedestrian -1 -1 -10 1120 107 1203 338-1 -1 -1 -1000 -1000 -1000 -10 -0.600067
Pedestrian -1 -1 -10 741 171 789 303-1 -1 -1 -1000 -1000 -1000 -10 -0.637582
Pedestrian -1 -1 -10 865 65 928 240-1 -1 -1 -1000 -1000 -1000 -10 -0.661541
Pedestrian -1 -1 -10 465 177 496 264-1 -1 -1 -1000 -1000 -1000 -10 -0.694445
Pedestrian -1 -1 -10 610 293 660 374-1 -1 -1 -1000 -1000 -1000 -10 -0.710671
Pedestrian -1 -1 -10 816 227 973 374-1 -1 -1 -1000 -1000 -1000 -10 -0.715853
Pedestrian -1 -1 -10 571 1 612 116-1 -1 -1 -1000 -1000 -1000 -10 -0.761574
Pedestrian -1 -1 -10 57 1 167 306-1 -1 -1 -1000 -1000 -1000 -10 -0.768276
Pedestrian -1 -1 -10 1089 65 1238 374-1 -1 -1 -1000 -1000 -1000 -10 -0.798687
Pedestrian -1 -1 -10 663 332 726 374-1 -1 -1 -1000 -1000 -1000 -10 -0.846219
Pedestrian -1 -1 -10 799 208 837 315-1 -1 -1 -1000 -1000 -1000 -10 -0.878873
Pedestrian -1 -1 -10 405 29 502 139-1 -1 -1 -1000 -1000 -1000 -10 -0.916599
Pedestrian -1 -1 -10 680 137 747 260-1 -1 -1 -1000 -1000 -1000 -10 -0.923324
Pedestrian -1 -1 -10 977 241 1072 374-1 -1 -1 -1000 -1000 -1000 -10 -0.97428
