Pedestrian -1 -1 -10 194 102 230 202-1 -1 -1 -1000 -1000 -1000 -10 -0.100233
Pedestrian -1 -1 -10 993 128 1034 243-1 -1 -1 -1000 -1000 -1000 -10 -0.531106
Pedestrian -1 -1 -10 719 1 1014 338-1 -1 -1 -1000 -1000 -1000 -10 -0.68119
Pedestrian -1 -1 -10 29 71 84 223-1 -1 -1 -1000 -1000 -1000 -10 -0.805918
Pedestrian -1 -1 -10 57 49 112 112-1 -1 -1 -1000 -1000 -1000 -10 -0.836884
Pedestrian -1 -1 -10 1 19 74 220-1 -1 -1 -1000 -1000 -1000 -10 -0.934943
Pedestrian -1 -1 -10 1150 46 1242 164-1 -1 -1 -1000 -1000 -1000 -10 -0.952944
Pedestrian -1 -1 -10 1186 203 1242 276-1 -1 -1 -1000 -1000 -1000 -10 -0.979777
Pedestrian -1 -1 -10 1046 307 1119 375-1 -1 -1 -1000 -1000 -1000 -10 -0.982103
Pedestrian -1 -1 -10 217 121 248 208-1 -1 -1 -1000 -1000 -1000 -10 -0.993919
Pedestrian -1 -1 -10 550 85 845 375-1 -1 -1 -1000 -1000 -1000 -10 -0.996156
