Pedestrian -1 -1 -10 897 33 1120 288-1 -1 -1 -1000 -1000 -1000 -10 -0.608229
Pedestrian -1 -1 -10 737 57 784 144-1 -1 -1 -1000 -1000 -1000 -10 -0.697637
Pedestrian -1 -1 -10 74 1 122 133-1 -1 -1 -1000 -1000 -1000 -10 -0.714619
Pedestrian -1 -1 -10 396 111 450 211-1 -1 -1 -1000 -1000 -1000 -10 -0.71704
Pedestrian -1 -1 -10 476 75 517 190-1 -1 -1 -1000 -1000 -1000 -10 -0.746248
Pedestrian -1 -1 -10 1 157 37 257-1 -1 -1 -1000 -1000 -1000 -10 -0.81693
Pedestrian -1 -1 -10 1225 1 1242 88-1 -1 -1 -1000 -1000 -1000 -10 -0.819998
Pedestrian -1 -1 -10 1201 37 1242 169-1 -1 -1 -1000 -1000 -1000 -10 -0.83327
Pedestrian -1 -1 -10 841 293 891 375-1 -1 -1 -1000 -1000 -1000 -10 -0.839497
Pedestrian -1 -1 -10 851 71 906 223-1 -1 -1 -1000 -1000 -1000 -10 -0.85092
Pedestrian -1 -1 -10 813 37 897 133-1 -1 -1 -1000 -1000 -1000 -10 -0.859302
Pedestrian -1 -1 -10 430 40 481 182-1 -1 -1 -1000 -1000 -1000 -10 -0.861325
Pedestrian -1 -1 -10 369 111 405 211-1 -1 -1 -1000 -1000 -1000 -10 -0.904516
Pedestrian -1 -1 -10 803 1 929 232-1 -1 -1 -1000 -1000 -1000 -10 -0.917976
Pedestrian -1 -1 -10 170 66 247 208-1 -1 -1 -1000 -1000 -1000 -10 -0.969578
Pedestrian -1 -1 -10 1115 1 1225 306-1 -1 -1 -1000 -1000 -1000 -10 -0.991395
Pedestrian -1 -1 -10 529 105 576 192-1 -1 -1 -1000 -1000 -1000 -10 -0.997492
