Pedestrian -1 -1 -10 361 198 420 266-1 -1 -1 -1000 -1000 -1000 -10 -0.723962
Pedestrian -1 -1 -10 592 85 887 376-1 -1 -1 -1000 -1000 -1000 -10 -0.764981
Pedestrian -1 -1 -10 321 161 376 224-1 -1 -1 -1000 -1000 -1000 -10 -0.777442
Pedestrian -1 -1 -10 129 209 184 272-1 -1 -1 -1000 -1000 -1000 -10 -0.808874
Pedestrian -1 -1 -10 339 170 429 273-1 -1 -1 -1000 -1000 -1000 -10 -0.835998
Pedestrian -1 -1 -10 1222 188 1241 295-1 -1 -1 -1000 -1000 -1000 -10 -0.845173
Pedestrian -1 -1 -10 1 105 56 168-1 -1 -1 -1000 -1000 -1000 -10 -0.885042
Pedestrian -1 -1 -10 969 65 1000 152-1 -1 -1 -1000 -1000 -1000 -10 -0.896074
Pedestrian -1 -1 -10 118 235 195 376-1 -1 -1 -1000 -1000 -1000 -10 -0.911474
Pedestrian -1 -1 -10 1 257 112 376-1 -1 -1 -1000 -1000 -1000 -10 -0.976665
