Pedestrian -1 -1 -10 970 147 1029 215-1 -1 -1 -1000 -1000 -1000 -10 -0.382021
Pedestrian -1 -1 -10 508 107 549 222-1 -1 -1 -1000 -1000 -1000 -10 -0.420493
Pedestrian -1 -1 -10 1167 207 1235 375-1 -1 -1 -1000 -1000 -1000 -10 -0.441683
Pedestrian -1 -1 -10 1065 1 1222 375-1 -1 -1 -1000 -1000 -1000 -10 -0.50052
Pedestrian -1 -1 -10 993 148 1047 248-1 -1 -1 -1000 -1000 -1000 -10 -0.777072
Pedestrian -1 -1 -10 944 87 1046 275-1 -1 -1 -1000 -1000 -1000 -10 -0.793855
Pedestrian -1 -1 -10 1015 66 1092 208-1 -1 -1 -1000 -1000 -1000 -10 -0.857511
Pedestrian -1 -1 -10 201 217 232 304-1 -1 -1 -1000 -1000 -1000 -10 -0.867924
Pedestrian -1 -1 -10 874 148 928 248-1 -1 -1 -1000 -1000 -1000 -10 -0.902011
Pedestrian -1 -1 -10 721 52 823 240-1 -1 -1 -1000 -1000 -1000 -10 -0.917086
Pedestrian -1 -1 -10 1213 29 1242 181-1 -1 -1 -1000 -1000 -1000 -10 -0.953401
