Pedestrian -1 -1 -10 217 121 248 208-1 -1 -1 -1000 -1000 -1000 -10 -0.529962
Pedestrian -1 -1 -10 18 293 68 375-1 -1 -1 -1000 -1000 -1000 -10 -0.54077
Pedestrian -1 -1 -10 1 121 32 208-1 -1 -1 -1000 -1000 -1000 -10 -0.594677
Pedestrian -1 -1 -10 678 121 711 214-1 -1 -1 -1000 -1000 -1000 -10 -0.60675
Pedestrian -1 -1 -10 1223 24 1242 147-1 -1 -1 -1000 -1000 -1000 -10 -0.802535
Pedestrian -1 -1 -10 374 46 433 209-1 -1 -1 -1000 -1000 -1000 -10 -0.819001
Pedestrian -1 -1 -10 818 306 886 375-1 -1 -1 -1000 -1000 -1000 -10 -0.868937
Pedestrian -1 -1 -10 502 99 599 209-1 -1 -1 -1000 -1000 -1000 -10 -0.932981
Pedestrian -1 -1 -10 27 112 60 205-1 -1 -1 -1000 -1000 -1000 -10 -0.966799
Pedestrian -1 -1 -10 633 121 664 208-1 -1 -1 -1000 -1000 -1000 -10 -0.999062
