Pedestrian -1 -1 -10 944 1 1003 69-1 -1 -1 -1000 -1000 -1000 -10 -0.510137
Pedestrian -1 -1 -10 940 1 1007 124-1 -1 -1 -1000 -1000 -1000 -10 -0.532267
Pedestrian -1 -1 -10 545 81 576 168-1 -1 -1 -1000 -1000 -1000 -10 -0.757493
Pedestrian -1 -1 -10 626 19 662 119-1 -1 -1 -1000 -1000 -1000 -10 -0.763645
Pedestrian -1 -1 -10 961 1 1097 374-1 -1 -1 -1000 -1000 -1000 -10 -0.79256
Pedestrian -1 -1 -10 613 165 716 283-1 -1 -1 -1000 -1000 -1000 -10 -0.802893
Pedestrian -1 -1 -10 677 33 739 148-1 -1 -1 -1000 -1000 -1000 -10 -0.826592
Pedestrian -1 -1 -10 1185 112 1238 264-1 -1 -1 -1000 -1000 -1000 -10 -0.842233
Pedestrian -1 -1 -10 906 24 950 147-1 -1 -1 -1000 -1000 -1000 -10 -0.859708
Pedestrian -1 -1 -10 718 38 791 239-1 -1 -1 -1000 -1000 -1000 -10 -0.870502
Pedestrian -1 -1 -10 1184 40 1235 182-1 -1 -1 -1000 -1000 -1000 -10 -0.912506
Pedestrian -1 -1 -10 850 148 894 271-1 -1 -1 -1000 -1000 -1000 -10 -0.934131
Pedestrian -1 -1 -10 70 78 103 171-1 -1 -1 -1000 -1000 -1000 -10 -0.984839
Pedestrian -1 -1 -10 567 78 600 171-1 -1 -1 -1000 -1000 -1000 -10 -0.98837
Pedestrian -1 -1 -10 401 81 432 168-1 -1 -1 -1000 -1000 -1000 -10 -0.994862
