Pedestrian -1 -1 -10 207 164 266 232-1 -1 -1 -1000 -1000 -1000 -10 -0.358557
Pedestrian -1 -1 -10 441 185 472 272-1 -1 -1 -1000 -1000 -1000 -10 -0.412725
Pedestrian -1 -1 -10 703 120 762 283-1 -1 -1 -1000 -1000 -1000 -10 -0.519329
Pedestrian -1 -1 -10 769 1 896 352-1 -1 -1 -1000 -1000 -1000 -10 -0.548908
Pedestrian -1 -1 -10 515 52 548 145-1 -1 -1 -1000 -1000 -1000 -10 -0.60033
Pedestrian -1 -1 -10 392 75 454 190-1 -1 -1 -1000 -1000 -1000 -10 -0.744093
Pedestrian -1 -1 -10 481 1 592 128-1 -1 -1 -1000 -1000 -1000 -10 -0.744947
Pedestrian -1 -1 -10 702 24 792 272-1 -1 -1 -1000 -1000 -1000 -10 -0.774632
Pedestrian -1 -1 -10 668 62 716 194-1 -1 -1 -1000 -1000 -1000 -10 -0.785165
Pedestrian -1 -1 -10 1178 92 1242 215-1 -1 -1 -1000 -1000 -1000 -10 -0.787509
Pedestrian -1 -1 -10 1 69 158 249-1 -1 -1 -1000 -1000 -1000 -10 -0.806815
Pedestrian -1 -1 -10 434 61 537 179-1 -1 -1 -1000 -1000 -1000 -10 -0.844471
Pedestrian -1 -1 -10 81 1 112 88-1 -1 -1 -1000 -1000 -1000 -10 -0.869131
Pedestrian -1 -1 -10 1044 134 1128 230-1 -1 -1 -1000 -1000 -1000 -10 -0.894938
Pedestrian -1 -1 -10 510 110 558 242-1 -1 -1 -1000 -1000 -1000 -10 -0.900117
Pedestrian -1 -1 -10 166 47 202 147-1 -1 -1 -1000 -1000 -1000 -10 -0.901649
Pedestrian -1 -1 -10 530 1 724 223-1 -1 -1 -1000 -1000 -1000 -10 -0.918701
Pedestrian -1 -1 -10 1067 38 1242 331-1 -1 -1 -1000 -1000 -1000 -10 -0.939859
Pedestrian -1 -1 -10 305 105 352 192-1 -1 -1 -1000 -1000 -1000 -10 -0.941167
