Pedestrian -1 -1 -10 612 1 679 124-1 -1 -1 -1000 -1000 -1000 -10 -0.357343
Pedestrian -1 -1 -10 614 29 697 181-1 -1 -1 -1000 -1000 -1000 -10 -0.467764
Pedestrian -1 -1 -10 801 121 832 208-1 -1 -1 -1000 -1000 -1000 -10 -0.539128
Pedestrian -1 -1 -10 993 43 1140 211-1 -1 -1 -1000 -1000 -1000 -10 -0.793423
Pedestrian -1 -1 -10 730 1 847 217-1 -1 -1 -1000 -1000 -1000 -10 -0.799642
Pedestrian -1 -1 -10 627 318 686 375-1 -1 -1 -1000 -1000 -1000 -10 -0.805644
Pedestrian -1 -1 -10 381 85 443 200-1 -1 -1 -1000 -1000 -1000 -10 -0.86757
Pedestrian -1 -1 -10 339 1 520 208-1 -1 -1 -1000 -1000 -1000 -10 -0.927197
Pedestrian -1 -1 -10 1212 60 1242 167-1 -1 -1 -1000 -1000 -1000 -10 -0.937598
Pedestrian -1 -1 -10 901 104 951 197-1 -1 -1 -1000 -1000 -1000 -10 -0.948771
Pedestrian -1 -1 -10 1 164 51 257-1 -1 -1 -1000 -1000 -1000 -10 -0.957399
Pedestrian -1 -1 -10 677 1 929 375-1 -1 -1 -1000 -1000 -1000 -10 -0.965286
