Pedestrian -1 -1 -10 612 80 656 203-1 -1 -1 -1000 -1000 -1000 -10 0.364486
Pedestrian -1 -1 -10 1 1 34 94-1 -1 -1 -1000 -1000 -1000 -10 -0.653145
Pedestrian -1 -1 -10 465 1 520 64-1 -1 -1 -1000 -1000 -1000 -10 -0.666313
Pedestrian -1 -1 -10 69 103 113 226-1 -1 -1 -1000 -1000 -1000 -10 -0.67127
Pedestrian -1 -1 -10 1 113 32 200-1 -1 -1 -1000 -1000 -1000 -10 -0.675646
Pedestrian -1 -1 -10 721 293 771 375-1 -1 -1 -1000 -1000 -1000 -10 -0.741775
Pedestrian -1 -1 -10 305 89 336 176-1 -1 -1 -1000 -1000 -1000 -10 -0.747954
Pedestrian -1 -1 -10 944 318 1003 375-1 -1 -1 -1000 -1000 -1000 -10 -0.761171
Pedestrian -1 -1 -10 267 44 326 112-1 -1 -1 -1000 -1000 -1000 -10 -0.804375
Pedestrian -1 -1 -10 703 16 762 179-1 -1 -1 -1000 -1000 -1000 -10 -0.808534
Pedestrian -1 -1 -10 277 60 335 167-1 -1 -1 -1000 -1000 -1000 -10 -0.818401
Pedestrian -1 -1 -10 876 95 909 188-1 -1 -1 -1000 -1000 -1000 -10 -0.854239
Pedestrian -1 -1 -10 862 1 910 133-1 -1 -1 -1000 -1000 -1000 -10 -0.857618
Pedestrian -1 -1 -10 773 293 823 375-1 -1 -1 -1000 -1000 -1000 -10 -0.875346
Pedestrian -1 -1 -10 454 1 521 124-1 -1 -1 -1000 -1000 -1000 -10 -0.88602
Pedestrian -1 -1 -10 401 105 448 192-1 -1 -1 -1000 -1000 -1000 -10 -0.895674
Pedestrian -1 -1 -10 323 75 386 148-1 -1 -1 -1000 -1000 -1000 -10 -0.9
Pedestrian -1 -1 -10 289 129 320 216-1 -1 -1 -1000 -1000 -1000 -10 -0.906619
Pedestrian -1 -1 -10 881 1 944 176-1 -1 -1 -1000 -1000 -1000 -10 -0.914758
Pedestrian -1 -1 -10 266 43 349 195-1 -1 -1 -1000 -1000 -1000 -10 -0.916434
Pedestrian -1 -1 -10 963 1 1007 124-1 -1 -1 -1000 -1000 -1000 -10 -0.932975
Pedestrian -1 -1 -10 415 109 483 187-1 -1 -1 -1000 -1000 -1000 -10 -0.934082
Pedestrian -1 -1 -10 575 95 625 188-1 -1 -1 -1000 -1000 -1000 -10 -0.941426
Pedestrian -1 -1 -10 1 198 51 291-1 -1 -1 -1000 -1000 -1000 -10 -0.950731
Pedestrian -1 -1 -10 729 1 922 375-1 -1 -1 -1000 -1000 -1000 -10 -0.955331
Pedestrian -1 -1 -10 166 148 202 248-1 -1 -1 -1000 -1000 -1000 -10 -0.962615
Pedestrian -1 -1 -10 50 80 118 158-1 -1 -1 -1000 -1000 -1000 -10 -0.968122
Pedestrian -1 -1 -10 35 1 102 124-1 -1 -1 -1000 -1000 -1000 -10 -0.99139
Pedestrian -1 -1 -10 670 35 720 128-1 -1 -1 -1000 -1000 -1000 -10 -0.993381
Pedestrian -1 -1 -10 609 49 672 224-1 -1 -1 -1000 -1000 -1000 -10 -0.999424
