Pedestrian -1 -1 -10 613 22 760 190-1 -1 -1 -1000 -1000 -1000 -10 -0.351186
Pedestrian -1 -1 -10 756 1 824 189-1 -1 -1 -1000 -1000 -1000 -10 -0.74034
Pedestrian -1 -1 -10 1 1 74 202-1 -1 -1 -1000 -1000 -1000 -10 -0.749055
Pedestrian -1 -1 -10 1205 84 1241 184-1 -1 -1 -1000 -1000 -1000 -10 -0.835044
Pedestrian -1 -1 -10 159 1 296 158-1 -1 -1 -1000 -1000 -1000 -10 -0.840019
Pedestrian -1 -1 -10 507 130 566 198-1 -1 -1 -1000 -1000 -1000 -10 -0.86386
Pedestrian -1 -1 -10 44 215 94 308-1 -1 -1 -1000 -1000 -1000 -10 -0.906901
Pedestrian -1 -1 -10 1185 43 1240 195-1 -1 -1 -1000 -1000 -1000 -10 -0.920298
Pedestrian -1 -1 -10 845 1 928 232-1 -1 -1 -1000 -1000 -1000 -10 -0.925034
Pedestrian -1 -1 -10 1075 80 1143 158-1 -1 -1 -1000 -1000 -1000 -10 -0.993718
