Pedestrian -1 -1 -10 1159 130 1209 223-1 -1 -1 -1000 -1000 -1000 -10 -0.681032
Pedestrian -1 -1 -10 748 92 815 215-1 -1 -1 -1000 -1000 -1000 -10 -0.698884
Pedestrian -1 -1 -10 1205 157 1241 257-1 -1 -1 -1000 -1000 -1000 -10 -0.753035
Pedestrian -1 -1 -10 103 80 181 170-1 -1 -1 -1000 -1000 -1000 -10 -0.773844
Pedestrian -1 -1 -10 210 57 265 209-1 -1 -1 -1000 -1000 -1000 -10 -0.928416
Pedestrian -1 -1 -10 927 130 977 223-1 -1 -1 -1000 -1000 -1000 -10 -0.929046
Pedestrian -1 -1 -10 782 1 865 232-1 -1 -1 -1000 -1000 -1000 -10 -0.931231
Pedestrian -1 -1 -10 159 74 207 206-1 -1 -1 -1000 -1000 -1000 -10 -0.933867
Pedestrian -1 -1 -10 1 1 79 91-1 -1 -1 -1000 -1000 -1000 -10 -0.940911
Pedestrian -1 -1 -10 1197 66 1242 208-1 -1 -1 -1000 -1000 -1000 -10 -0.94491
Pedestrian -1 -1 -10 257 1 320 176-1 -1 -1 -1000 -1000 -1000 -10 -0.984957
Pedestrian -1 -1 -10 10 87 60 180-1 -1 -1 -1000 -1000 -1000 -10 -0.999181
