Pedestrian -1 -1 -10 150 31 209 194-1 -1 -1 -1000 -1000 -1000 -10 -0.250367
Pedestrian -1 -1 -10 1015 50 1083 128-1 -1 -1 -1000 -1000 -1000 -10 -0.262792
Pedestrian -1 -1 -10 465 193 543 283-1 -1 -1 -1000 -1000 -1000 -10 -0.37476
Pedestrian -1 -1 -10 997 46 1064 169-1 -1 -1 -1000 -1000 -1000 -10 -0.444471
Pedestrian -1 -1 -10 941 46 1030 209-1 -1 -1 -1000 -1000 -1000 -10 -0.470907
Pedestrian -1 -1 -10 433 85 530 195-1 -1 -1 -1000 -1000 -1000 -10 -0.511082
Pedestrian -1 -1 -10 1 40 39 147-1 -1 -1 -1000 -1000 -1000 -10 -0.552527
Pedestrian -1 -1 -10 249 93 285 193-1 -1 -1 -1000 -1000 -1000 -10 -0.564871
Pedestrian -1 -1 -10 12 117 53 232-1 -1 -1 -1000 -1000 -1000 -10 -0.614555
Pedestrian -1 -1 -10 677 107 750 190-1 -1 -1 -1000 -1000 -1000 -10 -0.637948
Pedestrian -1 -1 -10 481 193 576 368-1 -1 -1 -1000 -1000 -1000 -10 -0.758257
Pedestrian -1 -1 -10 369 113 400 200-1 -1 -1 -1000 -1000 -1000 -10 -0.768468
Pedestrian -1 -1 -10 280 43 335 195-1 -1 -1 -1000 -1000 -1000 -10 -0.826226
Pedestrian -1 -1 -10 1163 40 1221 147-1 -1 -1 -1000 -1000 -1000 -10 -0.852238
Pedestrian -1 -1 -10 1 1 111 306-1 -1 -1 -1000 -1000 -1000 -10 -0.860065
Pedestrian -1 -1 -10 635 120 671 220-1 -1 -1 -1000 -1000 -1000 -10 -0.886047
Pedestrian -1 -1 -10 498 110 570 242-1 -1 -1 -1000 -1000 -1000 -10 -0.89444
Pedestrian -1 -1 -10 423 85 549 316-1 -1 -1 -1000 -1000 -1000 -10 -0.897701
Pedestrian -1 -1 -10 779 119 837 226-1 -1 -1 -1000 -1000 -1000 -10 -0.950257
Pedestrian -1 -1 -10 375 1 453 217-1 -1 -1 -1000 -1000 -1000 -10 -0.956929
Pedestrian -1 -1 -10 313 1 344 88-1 -1 -1 -1000 -1000 -1000 -10 -0.992289
Pedestrian -1 -1 -10 809 49 864 112-1 -1 -1 -1000 -1000 -1000 -10 -0.99739
