Pedestrian -1 -1 -10 750 139 788 246-1 -1 -1 -1000 -1000 -1000 -10 -0.451999
Pedestrian -1 -1 -10 807 1 910 286-1 -1 -1 -1000 -1000 -1000 -10 -0.534242
Pedestrian -1 -1 -10 553 113 584 200-1 -1 -1 -1000 -1000 -1000 -10 -0.554032
Pedestrian -1 -1 -10 529 137 560 224-1 -1 -1 -1000 -1000 -1000 -10 -0.591662
Pedestrian -1 -1 -10 1167 1 1235 189-1 -1 -1 -1000 -1000 -1000 -10 -0.597413
Pedestrian -1 -1 -10 381 22 464 253-1 -1 -1 -1000 -1000 -1000 -10 -0.61279
Pedestrian -1 -1 -10 1223 159 1242 282-1 -1 -1 -1000 -1000 -1000 -10 -0.686252
Pedestrian -1 -1 -10 601 114 668 237-1 -1 -1 -1000 -1000 -1000 -10 -0.700103
Pedestrian -1 -1 -10 474 134 558 230-1 -1 -1 -1000 -1000 -1000 -10 -0.754571
Pedestrian -1 -1 -10 1210 207 1242 300-1 -1 -1 -1000 -1000 -1000 -10 -0.773267
Pedestrian -1 -1 -10 13 292 97 375-1 -1 -1 -1000 -1000 -1000 -10 -0.782456
Pedestrian -1 -1 -10 684 71 739 223-1 -1 -1 -1000 -1000 -1000 -10 -0.798029
Pedestrian -1 -1 -10 1097 289 1152 352-1 -1 -1 -1000 -1000 -1000 -10 -0.818344
Pedestrian -1 -1 -10 171 122 219 254-1 -1 -1 -1000 -1000 -1000 -10 -0.839637
Pedestrian -1 -1 -10 1196 157 1232 257-1 -1 -1 -1000 -1000 -1000 -10 -0.875668
Pedestrian -1 -1 -10 718 61 777 224-1 -1 -1 -1000 -1000 -1000 -10 -0.903928
Pedestrian -1 -1 -10 1121 1 1242 352-1 -1 -1 -1000 -1000 -1000 -10 -0.912319
Pedestrian -1 -1 -10 601 33 648 120-1 -1 -1 -1000 -1000 -1000 -10 -0.922843
Pedestrian -1 -1 -10 1067 297 1140 375-1 -1 -1 -1000 -1000 -1000 -10 -0.987741
Pedestrian -1 -1 -10 447 85 613 375-1 -1 -1 -1000 -1000 -1000 -10 -0.999208
