Pedestrian -1 -1 -10 1 1 84 232-1 -1 -1 -1000 -1000 -1000 -10 -0.129438
Pedestrian -1 -1 -10 927 207 960 300-1 -1 -1 -1000 -1000 -1000 -10 -0.356594
Pedestrian -1 -1 -10 508 117 549 232-1 -1 -1 -1000 -1000 -1000 -10 -0.488385
Pedestrian -1 -1 -10 612 40 690 256-1 -1 -1 -1000 -1000 -1000 -10 -0.524366
Pedestrian -1 -1 -10 447 52 515 240-1 -1 -1 -1000 -1000 -1000 -10 -0.562165
Pedestrian -1 -1 -10 857 201 904 288-1 -1 -1 -1000 -1000 -1000 -10 -0.634593
Pedestrian -1 -1 -10 508 12 549 127-1 -1 -1 -1000 -1000 -1000 -10 -0.643014
Pedestrian -1 -1 -10 413 1 509 267-1 -1 -1 -1000 -1000 -1000 -10 -0.662724
Pedestrian -1 -1 -10 1 286 64 359-1 -1 -1 -1000 -1000 -1000 -10 -0.668622
Pedestrian -1 -1 -10 1193 147 1242 240-1 -1 -1 -1000 -1000 -1000 -10 -0.700531
Pedestrian -1 -1 -10 1183 11 1242 89-1 -1 -1 -1000 -1000 -1000 -10 -0.736959
Pedestrian -1 -1 -10 737 81 800 256-1 -1 -1 -1000 -1000 -1000 -10 -0.760713
Pedestrian -1 -1 -10 1064 258 1123 326-1 -1 -1 -1000 -1000 -1000 -10 -0.808895
Pedestrian -1 -1 -10 1 1 208 375-1 -1 -1 -1000 -1000 -1000 -10 -0.81659
Pedestrian -1 -1 -10 1180 150 1239 313-1 -1 -1 -1000 -1000 -1000 -10 -0.817349
Pedestrian -1 -1 -10 969 225 1024 288-1 -1 -1 -1000 -1000 -1000 -10 -0.852125
Pedestrian -1 -1 -10 905 201 936 288-1 -1 -1 -1000 -1000 -1000 -10 -0.869865
Pedestrian -1 -1 -10 953 241 1003 334-1 -1 -1 -1000 -1000 -1000 -10 -0.88182
Pedestrian -1 -1 -10 535 1 631 267-1 -1 -1 -1000 -1000 -1000 -10 -0.886888
Pedestrian -1 -1 -10 1141 224 1200 292-1 -1 -1 -1000 -1000 -1000 -10 -0.960823
Pedestrian -1 -1 -10 481 321 536 375-1 -1 -1 -1000 -1000 -1000 -10 -0.996572
Pedestrian -1 -1 -10 170 1 253 232-1 -1 -1 -1000 -1000 -1000 -10 -0.999843
