Pedestrian -1 -1 -10 1 238 84 376-1 -1 -1 -1000 -1000 -1000 -10 -0.226821
Pedestrian -1 -1 -10 700 119 738 226-1 -1 -1 -1000 -1000 -1000 -10 -0.283473
Pedestrian -1 -1 -10 1 227 158 376-1 -1 -1 -1000 -1000 -1000 -10 -0.714063
Pedestrian -1 -1 -10 1039 277 1093 376-1 -1 -1 -1000 -1000 -1000 -10 -0.764566
Pedestrian -1 -1 -10 1 273 317 376-1 -1 -1 -1000 -1000 -1000 -10 -0.78647
Pedestrian -1 -1 -10 1076 157 1139 230-1 -1 -1 -1000 -1000 -1000 -10 -0.789211
Pedestrian -1 -1 -10 1168 47 1231 120-1 -1 -1 -1000 -1000 -1000 -10 -0.801129
Pedestrian -1 -1 -10 984 185 1047 258-1 -1 -1 -1000 -1000 -1000 -10 -0.852623
Pedestrian -1 -1 -10 313 185 360 272-1 -1 -1 -1000 -1000 -1000 -10 -0.866268
Pedestrian -1 -1 -10 1205 157 1241 257-1 -1 -1 -1000 -1000 -1000 -10 -0.883501
Pedestrian -1 -1 -10 691 125 769 215-1 -1 -1 -1000 -1000 -1000 -10 -0.930633
Pedestrian -1 -1 -10 873 41 904 128-1 -1 -1 -1000 -1000 -1000 -10 -0.937881
Pedestrian -1 -1 -10 1105 81 1136 168-1 -1 -1 -1000 -1000 -1000 -10 -0.940457
Pedestrian -1 -1 -10 883 194 937 294-1 -1 -1 -1000 -1000 -1000 -10 -0.94163
Pedestrian -1 -1 -10 966 1 1029 74-1 -1 -1 -1000 -1000 -1000 -10 -0.948092
Pedestrian -1 -1 -10 1122 139 1185 212-1 -1 -1 -1000 -1000 -1000 -10 -0.949286
Pedestrian -1 -1 -10 814 275 876 376-1 -1 -1 -1000 -1000 -1000 -10 -0.958751
Pedestrian -1 -1 -10 1095 203 1131 303-1 -1 -1 -1000 -1000 -1000 -10 -0.958923
Pedestrian -1 -1 -10 945 185 1000 248-1 -1 -1 -1000 -1000 -1000 -10 -0.96661
Pedestrian -1 -1 -10 1223 249 1241 349-1 -1 -1 -1000 -1000 -1000 -10 -0.967222
Pedestrian -1 -1 -10 1003 1 1066 74-1 -1 -1 -1000 -1000 -1000 -10 -0.989837
Pedestrian -1 -1 -10 1200 103 1241 226-1 -1 -1 -1000 -1000 -1000 -10 -0.992719
