Pedestrian -1 -1 -10 877 275 918 375-1 -1 -1 -1000 -1000 -1000 -10 -0.111013
Pedestrian -1 -1 -10 352 205 430 295-1 -1 -1 -1000 -1000 -1000 -10 -0.330438
Pedestrian -1 -1 -10 1133 258 1242 375-1 -1 -1 -1000 -1000 -1000 -10 -0.351779
Pedestrian -1 -1 -10 1 99 56 251-1 -1 -1 -1000 -1000 -1000 -10 -0.400765
Pedestrian -1 -1 -10 993 289 1040 375-1 -1 -1 -1000 -1000 -1000 -10 -0.524734
Pedestrian -1 -1 -10 895 103 962 226-1 -1 -1 -1000 -1000 -1000 -10 -0.591997
Pedestrian -1 -1 -10 365 27 468 312-1 -1 -1 -1000 -1000 -1000 -10 -0.622006
Pedestrian -1 -1 -10 337 193 432 368-1 -1 -1 -1000 -1000 -1000 -10 -0.632367
Pedestrian -1 -1 -10 474 109 542 187-1 -1 -1 -1000 -1000 -1000 -10 -0.78506
Pedestrian -1 -1 -10 543 70 581 177-1 -1 -1 -1000 -1000 -1000 -10 -0.800118
Pedestrian -1 -1 -10 280 1 474 223-1 -1 -1 -1000 -1000 -1000 -10 -0.82464
Pedestrian -1 -1 -10 764 65 827 138-1 -1 -1 -1000 -1000 -1000 -10 -0.861125
Pedestrian -1 -1 -10 523 1 591 79-1 -1 -1 -1000 -1000 -1000 -10 -0.900182
Pedestrian -1 -1 -10 40 208 108 286-1 -1 -1 -1000 -1000 -1000 -10 -0.902951
Pedestrian -1 -1 -10 1 24 91 272-1 -1 -1 -1000 -1000 -1000 -10 -0.911578
Pedestrian -1 -1 -10 713 89 760 176-1 -1 -1 -1000 -1000 -1000 -10 -0.938588
Pedestrian -1 -1 -10 846 93 974 239-1 -1 -1 -1000 -1000 -1000 -10 -0.943893
Pedestrian -1 -1 -10 237 1 472 375-1 -1 -1 -1000 -1000 -1000 -10 -0.96902
Pedestrian -1 -1 -10 601 49 656 112-1 -1 -1 -1000 -1000 -1000 -10 -0.993851
