Pedestrian -1 -1 -10 1089 41 1120 128-1 -1 -1 -1000 -1000 -1000 -10 -0.296191
Pedestrian -1 -1 -10 1 168 39 275-1 -1 -1 -1000 -1000 -1000 -10 -0.309875
Pedestrian -1 -1 -10 1 92 68 215-1 -1 -1 -1000 -1000 -1000 -10 -0.47474
Pedestrian -1 -1 -10 739 57 794 209-1 -1 -1 -1000 -1000 -1000 -10 -0.708951
Pedestrian -1 -1 -10 684 43 739 195-1 -1 -1 -1000 -1000 -1000 -10 -0.721338
Pedestrian -1 -1 -10 901 112 934 205-1 -1 -1 -1000 -1000 -1000 -10 -0.742162
Pedestrian -1 -1 -10 1 80 79 296-1 -1 -1 -1000 -1000 -1000 -10 -0.811356
Pedestrian -1 -1 -10 730 1 763 94-1 -1 -1 -1000 -1000 -1000 -10 -0.901747
Pedestrian -1 -1 -10 1185 1 1240 153-1 -1 -1 -1000 -1000 -1000 -10 -0.924639
Pedestrian -1 -1 -10 1113 33 1144 120-1 -1 -1 -1000 -1000 -1000 -10 -0.948686
Pedestrian -1 -1 -10 827 148 905 238-1 -1 -1 -1000 -1000 -1000 -10 -0.974436
