Pedestrian -1 -1 -10 610 284 660 375-1 -1 -1 -1000 -1000 -1000 -10 -0.48074
Pedestrian -1 -1 -10 793 64 855 179-1 -1 -1 -1000 -1000 -1000 -10 -0.535439
Pedestrian -1 -1 -10 434 46 493 209-1 -1 -1 -1000 -1000 -1000 -10 -0.641034
Pedestrian -1 -1 -10 1004 33 1066 148-1 -1 -1 -1000 -1000 -1000 -10 -0.668719
Pedestrian -1 -1 -10 1016 76 1119 194-1 -1 -1 -1000 -1000 -1000 -10 -0.746051
Pedestrian -1 -1 -10 392 75 433 190-1 -1 -1 -1000 -1000 -1000 -10 -0.772921
Pedestrian -1 -1 -10 1 1 84 232-1 -1 -1 -1000 -1000 -1000 -10 -0.78286
Pedestrian -1 -1 -10 190 172 249 240-1 -1 -1 -1000 -1000 -1000 -10 -0.801227
Pedestrian -1 -1 -10 649 105 680 192-1 -1 -1 -1000 -1000 -1000 -10 -0.86514
Pedestrian -1 -1 -10 975 93 1029 193-1 -1 -1 -1000 -1000 -1000 -10 -0.943646
Pedestrian -1 -1 -10 1120 117 1193 200-1 -1 -1 -1000 -1000 -1000 -10 -0.960938
Pedestrian -1 -1 -10 195 31 284 194-1 -1 -1 -1000 -1000 -1000 -10 -0.964716
Pedestrian -1 -1 -10 293 95 326 188-1 -1 -1 -1000 -1000 -1000 -10 -0.968805
