Pedestrian -1 -1 -10 350 139 386 239-1 -1 -1 -1000 -1000 -1000 -10 -0.401299
Pedestrian -1 -1 -10 328 98 376 230-1 -1 -1 -1000 -1000 -1000 -10 -0.470295
Pedestrian -1 -1 -10 1 104 34 197-1 -1 -1 -1000 -1000 -1000 -10 -0.542351
Pedestrian -1 -1 -10 1033 241 1080 328-1 -1 -1 -1000 -1000 -1000 -10 -0.593478
Pedestrian -1 -1 -10 523 90 561 197-1 -1 -1 -1000 -1000 -1000 -10 -0.644073
Pedestrian -1 -1 -10 918 18 951 111-1 -1 -1 -1000 -1000 -1000 -10 -0.659862
Pedestrian -1 -1 -10 434 90 492 197-1 -1 -1 -1000 -1000 -1000 -10 -0.693079
Pedestrian -1 -1 -10 233 117 274 232-1 -1 -1 -1000 -1000 -1000 -10 -0.705789
Pedestrian -1 -1 -10 1 1 104 286-1 -1 -1 -1000 -1000 -1000 -10 -0.706436
Pedestrian -1 -1 -10 275 1 325 94-1 -1 -1 -1000 -1000 -1000 -10 -0.781593
Pedestrian -1 -1 -10 801 74 885 170-1 -1 -1 -1000 -1000 -1000 -10 -0.804596
Pedestrian -1 -1 -10 543 129 611 207-1 -1 -1 -1000 -1000 -1000 -10 -0.832174
Pedestrian -1 -1 -10 1214 25 1242 157-1 -1 -1 -1000 -1000 -1000 -10 -0.85414
Pedestrian -1 -1 -10 413 107 454 222-1 -1 -1 -1000 -1000 -1000 -10 -0.869514
Pedestrian -1 -1 -10 352 92 403 234-1 -1 -1 -1000 -1000 -1000 -10 -0.888224
Pedestrian -1 -1 -10 748 159 883 375-1 -1 -1 -1000 -1000 -1000 -10 -0.891486
Pedestrian -1 -1 -10 945 25 992 112-1 -1 -1 -1000 -1000 -1000 -10 -0.894543
Pedestrian -1 -1 -10 113 105 160 192-1 -1 -1 -1000 -1000 -1000 -10 -0.896262
Pedestrian -1 -1 -10 824 1 883 69-1 -1 -1 -1000 -1000 -1000 -10 -0.928412
Pedestrian -1 -1 -10 359 1 422 74-1 -1 -1 -1000 -1000 -1000 -10 -0.973414
Pedestrian -1 -1 -10 790 1 926 375-1 -1 -1 -1000 -1000 -1000 -10 -0.976137
Pedestrian -1 -1 -10 488 130 551 203-1 -1 -1 -1000 -1000 -1000 -10 -0.981799
