Pedestrian -1 -1 -10 1124 306 1192 375-1 -1 -1 -1000 -1000 -1000 -10 -0.390129
Pedestrian -1 -1 -10 804 80 848 203-1 -1 -1 -1000 -1000 -1000 -10 -0.689179
Pedestrian -1 -1 -10 1021 93 1084 166-1 -1 -1 -1000 -1000 -1000 -10 -0.692722
Pedestrian -1 -1 -10 1 130 34 223-1 -1 -1 -1000 -1000 -1000 -10 -0.766475
Pedestrian -1 -1 -10 1098 35 1234 375-1 -1 -1 -1000 -1000 -1000 -10 -0.80957
Pedestrian -1 -1 -10 559 98 631 230-1 -1 -1 -1000 -1000 -1000 -10 -0.831796
Pedestrian -1 -1 -10 113 25 168 88-1 -1 -1 -1000 -1000 -1000 -10 -0.833939
Pedestrian -1 -1 -10 75 1 148 84-1 -1 -1 -1000 -1000 -1000 -10 -0.858247
Pedestrian -1 -1 -10 769 49 824 112-1 -1 -1 -1000 -1000 -1000 -10 -0.917885
Pedestrian -1 -1 -10 1001 91 1090 254-1 -1 -1 -1000 -1000 -1000 -10 -0.927595
Pedestrian -1 -1 -10 360 191 422 306-1 -1 -1 -1000 -1000 -1000 -10 -0.953874
Pedestrian -1 -1 -10 626 1 882 294-1 -1 -1 -1000 -1000 -1000 -10 -0.962294
Pedestrian -1 -1 -10 986 150 1194 375-1 -1 -1 -1000 -1000 -1000 -10 -0.964674
