Pedestrian -1 -1 -10 216 80 260 203-1 -1 -1 -1000 -1000 -1000 -10 -0.30603
Pedestrian -1 -1 -10 910 112 969 180-1 -1 -1 -1000 -1000 -1000 -10 -0.553453
Pedestrian -1 -1 -10 370 180 411 295-1 -1 -1 -1000 -1000 -1000 -10 -0.559999
Pedestrian -1 -1 -10 716 98 800 194-1 -1 -1 -1000 -1000 -1000 -10 -0.708605
Pedestrian -1 -1 -10 306 12 384 102-1 -1 -1 -1000 -1000 -1000 -10 -0.727728
Pedestrian -1 -1 -10 649 105 696 192-1 -1 -1 -1000 -1000 -1000 -10 -0.773415
Pedestrian -1 -1 -10 882 105 971 268-1 -1 -1 -1000 -1000 -1000 -10 -0.806998
Pedestrian -1 -1 -10 612 80 749 237-1 -1 -1 -1000 -1000 -1000 -10 -0.876458
Pedestrian -1 -1 -10 301 121 334 214-1 -1 -1 -1000 -1000 -1000 -10 -0.914757
Pedestrian -1 -1 -10 1031 1 1109 91-1 -1 -1 -1000 -1000 -1000 -10 -0.934702
Pedestrian -1 -1 -10 313 53 416 338-1 -1 -1 -1000 -1000 -1000 -10 -0.943745
Pedestrian -1 -1 -10 996 10 1055 78-1 -1 -1 -1000 -1000 -1000 -10 -0.986507
Pedestrian -1 -1 -10 377 86 461 182-1 -1 -1 -1000 -1000 -1000 -10 -0.995564
