Pedestrian -1 -1 -10 521 69 588 192-1 -1 -1 -1000 -1000 -1000 -10 -0.504497
Pedestrian -1 -1 -10 1047 121 1080 214-1 -1 -1 -1000 -1000 -1000 -10 -0.623862
Pedestrian -1 -1 -10 621 109 659 216-1 -1 -1 -1000 -1000 -1000 -10 -0.665975
Pedestrian -1 -1 -10 449 46 538 209-1 -1 -1 -1000 -1000 -1000 -10 -0.740695
Pedestrian -1 -1 -10 300 1 389 164-1 -1 -1 -1000 -1000 -1000 -10 -0.757442
Pedestrian -1 -1 -10 337 49 432 224-1 -1 -1 -1000 -1000 -1000 -10 -0.773844
Pedestrian -1 -1 -10 289 241 400 368-1 -1 -1 -1000 -1000 -1000 -10 -0.798075
Pedestrian -1 -1 -10 1081 105 1128 192-1 -1 -1 -1000 -1000 -1000 -10 -0.871523
Pedestrian -1 -1 -10 227 1 317 249-1 -1 -1 -1000 -1000 -1000 -10 -0.87669
Pedestrian -1 -1 -10 1068 25 1164 291-1 -1 -1 -1000 -1000 -1000 -10 -0.879934
Pedestrian -1 -1 -10 1115 1 1225 306-1 -1 -1 -1000 -1000 -1000 -10 -0.890697
Pedestrian -1 -1 -10 753 171 801 303-1 -1 -1 -1000 -1000 -1000 -10 -0.913307
Pedestrian -1 -1 -10 381 22 528 190-1 -1 -1 -1000 -1000 -1000 -10 -0.921154
Pedestrian -1 -1 -10 642 29 739 139-1 -1 -1 -1000 -1000 -1000 -10 -0.931939
Pedestrian -1 -1 -10 756 27 789 120-1 -1 -1 -1000 -1000 -1000 -10 -0.946163
Pedestrian -1 -1 -10 727 111 763 211-1 -1 -1 -1000 -1000 -1000 -10 -0.979688
Pedestrian -1 -1 -10 233 307 306 375-1 -1 -1 -1000 -1000 -1000 -10 -0.997905
