Pedestrian -1 -1 -10 513 33 576 208-1 -1 -1 -1000 -1000 -1000 -10 -0.303834
Pedestrian -1 -1 -10 98 256 170 375-1 -1 -1 -1000 -1000 -1000 -10 -0.647313
Pedestrian -1 -1 -10 730 224 789 292-1 -1 -1 -1000 -1000 -1000 -10 -0.70845
Pedestrian -1 -1 -10 883 258 1139 375-1 -1 -1 -1000 -1000 -1000 -10 -0.72373
Pedestrian -1 -1 -10 233 265 288 328-1 -1 -1 -1000 -1000 -1000 -10 -0.753612
Pedestrian -1 -1 -10 1090 164 1140 257-1 -1 -1 -1000 -1000 -1000 -10 -0.77526
Pedestrian -1 -1 -10 995 1 1043 133-1 -1 -1 -1000 -1000 -1000 -10 -0.798038
Pedestrian -1 -1 -10 978 70 1046 258-1 -1 -1 -1000 -1000 -1000 -10 -0.850369
Pedestrian -1 -1 -10 534 40 624 143-1 -1 -1 -1000 -1000 -1000 -10 -0.873571
Pedestrian -1 -1 -10 1141 258 1200 326-1 -1 -1 -1000 -1000 -1000 -10 -0.880959
Pedestrian -1 -1 -10 1092 219 1242 375-1 -1 -1 -1000 -1000 -1000 -10 -0.914858
Pedestrian -1 -1 -10 756 1 961 375-1 -1 -1 -1000 -1000 -1000 -10 -0.923086
Pedestrian -1 -1 -10 286 212 322 312-1 -1 -1 -1000 -1000 -1000 -10 -0.968581
Pedestrian -1 -1 -10 1 277 64 350-1 -1 -1 -1000 -1000 -1000 -10 -0.969041
Pedestrian -1 -1 -10 1021 29 1075 129-1 -1 -1 -1000 -1000 -1000 -10 -0.988327
Pedestrian -1 -1 -10 482 66 533 208-1 -1 -1 -1000 -1000 -1000 -10 -0.996001
