Pedestrian -1 -1 -10 111 1 331 375-1 -1 -1 -1000 -1000 -1000 -10 0.119991
Pedestrian -1 -1 -10 533 70 652 206-1 -1 -1 -1000 -1000 -1000 -10 -0.535064
Pedestrian -1 -1 -10 986 306 1054 375-1 -1 -1 -1000 -1000 -1000 -10 -0.57594
Pedestrian -1 -1 -10 857 209 888 296-1 -1 -1 -1000 -1000 -1000 -10 -0.630606
Pedestrian -1 -1 -10 335 99 418 251-1 -1 -1 -1000 -1000 -1000 -10 -0.639826
Pedestrian -1 -1 -10 409 137 440 224-1 -1 -1 -1000 -1000 -1000 -10 -0.645596
Pedestrian -1 -1 -10 828 56 956 202-1 -1 -1 -1000 -1000 -1000 -10 -0.781908
Pedestrian -1 -1 -10 1 1 448 375-1 -1 -1 -1000 -1000 -1000 -10 -0.826427
Pedestrian -1 -1 -10 425 168 493 246-1 -1 -1 -1000 -1000 -1000 -10 -0.919882
Pedestrian -1 -1 -10 741 37 789 169-1 -1 -1 -1000 -1000 -1000 -10 -0.938066
Pedestrian -1 -1 -10 541 172 574 265-1 -1 -1 -1000 -1000 -1000 -10 -0.954151
Pedestrian -1 -1 -10 745 157 781 257-1 -1 -1 -1000 -1000 -1000 -10 -0.974147
Pedestrian -1 -1 -10 510 50 679 243-1 -1 -1 -1000 -1000 -1000 -10 -0.982104
