Pedestrian -1 -1 -10 627 104 660 197-1 -1 -1 -1000 -1000 -1000 -10 0.0405931
Pedestrian -1 -1 -10 1 53 52 195-1 -1 -1 -1000 -1000 -1000 -10 -0.418143
Pedestrian -1 -1 -10 153 17 184 104-1 -1 -1 -1000 -1000 -1000 -10 -0.433184
Pedestrian -1 -1 -10 461 43 516 195-1 -1 -1 -1000 -1000 -1000 -10 -0.450972
Pedestrian -1 -1 -10 770 69 814 192-1 -1 -1 -1000 -1000 -1000 -10 -0.569245
Pedestrian -1 -1 -10 790 130 823 223-1 -1 -1 -1000 -1000 -1000 -10 -0.590081
Pedestrian -1 -1 -10 852 31 941 194-1 -1 -1 -1000 -1000 -1000 -10 -0.667655
Pedestrian -1 -1 -10 516 99 613 209-1 -1 -1 -1000 -1000 -1000 -10 -0.888799
Pedestrian -1 -1 -10 295 92 339 215-1 -1 -1 -1000 -1000 -1000 -10 -0.889407
Pedestrian -1 -1 -10 912 61 971 224-1 -1 -1 -1000 -1000 -1000 -10 -0.891138
Pedestrian -1 -1 -10 983 50 1031 182-1 -1 -1 -1000 -1000 -1000 -10 -0.967862
Pedestrian -1 -1 -10 578 295 656 375-1 -1 -1 -1000 -1000 -1000 -10 -0.992205
Pedestrian -1 -1 -10 664 105 715 247-1 -1 -1 -1000 -1000 -1000 -10 -0.994399
