Pedestrian -1 -1 -10 498 155 531 248-1 -1 -1 -1000 -1000 -1000 -10 0.0199151
Pedestrian -1 -1 -10 433 111 496 184-1 -1 -1 -1000 -1000 -1000 -10 -0.505758
Pedestrian -1 -1 -10 417 105 494 247-1 -1 -1 -1000 -1000 -1000 -10 -0.634052
Pedestrian -1 -1 -10 194 84 230 184-1 -1 -1 -1000 -1000 -1000 -10 -0.659213
Pedestrian -1 -1 -10 902 1 975 202-1 -1 -1 -1000 -1000 -1000 -10 -0.732948
Pedestrian -1 -1 -10 284 95 317 188-1 -1 -1 -1000 -1000 -1000 -10 -0.735068
Pedestrian -1 -1 -10 708 75 770 190-1 -1 -1 -1000 -1000 -1000 -10 -0.744122
Pedestrian -1 -1 -10 387 104 446 172-1 -1 -1 -1000 -1000 -1000 -10 -0.774823
Pedestrian -1 -1 -10 505 137 552 224-1 -1 -1 -1000 -1000 -1000 -10 -0.785002
Pedestrian -1 -1 -10 753 122 837 218-1 -1 -1 -1000 -1000 -1000 -10 -0.807717
Pedestrian -1 -1 -10 823 71 878 223-1 -1 -1 -1000 -1000 -1000 -10 -0.81573
Pedestrian -1 -1 -10 1 120 37 220-1 -1 -1 -1000 -1000 -1000 -10 -0.823924
Pedestrian -1 -1 -10 310 121 343 214-1 -1 -1 -1000 -1000 -1000 -10 -0.894723
Pedestrian -1 -1 -10 990 57 1045 209-1 -1 -1 -1000 -1000 -1000 -10 -0.895761
Pedestrian -1 -1 -10 644 1 698 101-1 -1 -1 -1000 -1000 -1000 -10 -0.935247
Pedestrian -1 -1 -10 329 81 360 168-1 -1 -1 -1000 -1000 -1000 -10 -0.999011
