Pedestrian -1 -1 -10 1209 113 1240 200-1 -1 -1 -1000 -1000 -1000 -10 -0.296274
Pedestrian -1 -1 -10 509 16 568 179-1 -1 -1 -1000 -1000 -1000 -10 -0.325754
Pedestrian -1 -1 -10 1185 1 1240 153-1 -1 -1 -1000 -1000 -1000 -10 -0.363303
Pedestrian -1 -1 -10 1159 65 1213 165-1 -1 -1 -1000 -1000 -1000 -10 -0.434711
Pedestrian -1 -1 -10 747 121 780 214-1 -1 -1 -1000 -1000 -1000 -10 -0.491348
Pedestrian -1 -1 -10 773 93 836 166-1 -1 -1 -1000 -1000 -1000 -10 -0.595782
Pedestrian -1 -1 -10 1173 296 1241 374-1 -1 -1 -1000 -1000 -1000 -10 -0.722899
Pedestrian -1 -1 -10 1209 185 1240 272-1 -1 -1 -1000 -1000 -1000 -10 -0.755004
Pedestrian -1 -1 -10 833 1 936 286-1 -1 -1 -1000 -1000 -1000 -10 -0.759379
Pedestrian -1 -1 -10 1163 1 1241 217-1 -1 -1 -1000 -1000 -1000 -10 -0.762405
Pedestrian -1 -1 -10 397 1 475 91-1 -1 -1 -1000 -1000 -1000 -10 -0.824183
Pedestrian -1 -1 -10 456 79 546 182-1 -1 -1 -1000 -1000 -1000 -10 -0.88773
Pedestrian -1 -1 -10 1038 61 1097 129-1 -1 -1 -1000 -1000 -1000 -10 -0.919705
Pedestrian -1 -1 -10 586 99 669 251-1 -1 -1 -1000 -1000 -1000 -10 -0.952501
Pedestrian -1 -1 -10 180 43 221 158-1 -1 -1 -1000 -1000 -1000 -10 -0.969406
