Pedestrian -1 -1 -10 134 62 182 194-1 -1 -1 -1000 -1000 -1000 -10 0.000312328
Pedestrian -1 -1 -10 210 61 269 224-1 -1 -1 -1000 -1000 -1000 -10 -0.42367
Pedestrian -1 -1 -10 937 49 984 136-1 -1 -1 -1000 -1000 -1000 -10 -0.442905
Pedestrian -1 -1 -10 911 222 962 364-1 -1 -1 -1000 -1000 -1000 -10 -0.46544
Pedestrian -1 -1 -10 753 49 816 224-1 -1 -1 -1000 -1000 -1000 -10 -0.687963
Pedestrian -1 -1 -10 292 219 461 375-1 -1 -1 -1000 -1000 -1000 -10 -0.69734
Pedestrian -1 -1 -10 481 169 528 256-1 -1 -1 -1000 -1000 -1000 -10 -0.708343
Pedestrian -1 -1 -10 852 46 911 209-1 -1 -1 -1000 -1000 -1000 -10 -0.709698
Pedestrian -1 -1 -10 450 110 522 242-1 -1 -1 -1000 -1000 -1000 -10 -0.73699
Pedestrian -1 -1 -10 1 46 158 226-1 -1 -1 -1000 -1000 -1000 -10 -0.753727
Pedestrian -1 -1 -10 493 159 551 266-1 -1 -1 -1000 -1000 -1000 -10 -0.769201
Pedestrian -1 -1 -10 402 85 443 200-1 -1 -1 -1000 -1000 -1000 -10 -0.776011
Pedestrian -1 -1 -10 729 209 760 296-1 -1 -1 -1000 -1000 -1000 -10 -0.780353
Pedestrian -1 -1 -10 651 1 709 108-1 -1 -1 -1000 -1000 -1000 -10 -0.78948
Pedestrian -1 -1 -10 807 196 858 338-1 -1 -1 -1000 -1000 -1000 -10 -0.800861
Pedestrian -1 -1 -10 318 1 401 232-1 -1 -1 -1000 -1000 -1000 -10 -0.816724
Pedestrian -1 -1 -10 835 212 908 295-1 -1 -1 -1000 -1000 -1000 -10 -0.846175
Pedestrian -1 -1 -10 920 56 956 156-1 -1 -1 -1000 -1000 -1000 -10 -0.899518
Pedestrian -1 -1 -10 691 1 769 91-1 -1 -1 -1000 -1000 -1000 -10 -0.914931
Pedestrian -1 -1 -10 987 233 1020 326-1 -1 -1 -1000 -1000 -1000 -10 -0.945057
Pedestrian -1 -1 -10 670 95 720 188-1 -1 -1 -1000 -1000 -1000 -10 -0.96856
Pedestrian -1 -1 -10 1145 169 1176 256-1 -1 -1 -1000 -1000 -1000 -10 -0.972507
Pedestrian -1 -1 -10 929 205 1007 295-1 -1 -1 -1000 -1000 -1000 -10 -0.996021
