Pedestrian -1 -1 -10 387 104 420 197-1 -1 -1 -1000 -1000 -1000 -10 -0.356697
Pedestrian -1 -1 -10 1047 121 1166 257-1 -1 -1 -1000 -1000 -1000 -10 -0.371295
Pedestrian -1 -1 -10 1092 74 1188 340-1 -1 -1 -1000 -1000 -1000 -10 -0.500489
Pedestrian -1 -1 -10 791 93 845 193-1 -1 -1 -1000 -1000 -1000 -10 -0.603167
Pedestrian -1 -1 -10 846 93 919 294-1 -1 -1 -1000 -1000 -1000 -10 -0.679323
Pedestrian -1 -1 -10 1153 1 1242 352-1 -1 -1 -1000 -1000 -1000 -10 -0.695786
Pedestrian -1 -1 -10 789 1 867 217-1 -1 -1 -1000 -1000 -1000 -10 -0.747381
Pedestrian -1 -1 -10 721 35 780 103-1 -1 -1 -1000 -1000 -1000 -10 -0.917066
Pedestrian -1 -1 -10 552 102 588 202-1 -1 -1 -1000 -1000 -1000 -10 -0.930418
Pedestrian -1 -1 -10 1076 61 1242 375-1 -1 -1 -1000 -1000 -1000 -10 -0.950218
Pedestrian -1 -1 -10 241 17 288 104-1 -1 -1 -1000 -1000 -1000 -10 -0.952485
Pedestrian -1 -1 -10 252 168 349 278-1 -1 -1 -1000 -1000 -1000 -10 -0.966466
