Pedestrian -1 -1 -10 154 154 209 306-1 -1 -1 -1000 -1000 -1000 -10 1.08463
Pedestrian -1 -1 -10 297 233 352 296-1 -1 -1 -1000 -1000 -1000 -10 -0.0484357
Pedestrian -1 -1 -10 139 119 217 335-1 -1 -1 -1000 -1000 -1000 -10 -0.200189
Pedestrian -1 -1 -10 421 155 480 223-1 -1 -1 -1000 -1000 -1000 -10 -0.605683
Pedestrian -1 -1 -10 582 265 644 370-1 -1 -1 -1000 -1000 -1000 -10 -0.690672
Pedestrian -1 -1 -10 306 70 344 177-1 -1 -1 -1000 -1000 -1000 -10 -0.731323
Pedestrian -1 -1 -10 545 273 600 336-1 -1 -1 -1000 -1000 -1000 -10 -0.735924
Pedestrian -1 -1 -10 353 159 401 291-1 -1 -1 -1000 -1000 -1000 -10 -0.736024
Pedestrian -1 -1 -10 1039 212 1075 312-1 -1 -1 -1000 -1000 -1000 -10 -0.811964
Pedestrian -1 -1 -10 508 274 598 370-1 -1 -1 -1000 -1000 -1000 -10 -0.828494
Pedestrian -1 -1 -10 1153 1 1216 176-1 -1 -1 -1000 -1000 -1000 -10 -0.844479
Pedestrian -1 -1 -10 1132 1 1222 249-1 -1 -1 -1000 -1000 -1000 -10 -0.874096
Pedestrian -1 -1 -10 617 1 672 64-1 -1 -1 -1000 -1000 -1000 -10 -0.930742
Pedestrian -1 -1 -10 665 177 712 264-1 -1 -1 -1000 -1000 -1000 -10 -0.931199
Pedestrian -1 -1 -10 537 1 592 64-1 -1 -1 -1000 -1000 -1000 -10 -0.948214
Pedestrian -1 -1 -10 121 9 152 96-1 -1 -1 -1000 -1000 -1000 -10 -0.962513
Pedestrian -1 -1 -10 833 129 864 216-1 -1 -1 -1000 -1000 -1000 -10 -0.967204
Pedestrian -1 -1 -10 1057 1 1224 370-1 -1 -1 -1000 -1000 -1000 -10 -0.972651
Pedestrian -1 -1 -10 207 112 240 205-1 -1 -1 -1000 -1000 -1000 -10 -0.979685
Pedestrian -1 -1 -10 329 105 418 268-1 -1 -1 -1000 -1000 -1000 -10 -0.985057
Pedestrian -1 -1 -10 634 1 717 232-1 -1 -1 -1000 -1000 -1000 -10 -0.987511
