Pedestrian -1 -1 -10 389 31 448 194-1 -1 -1 -1000 -1000 -1000 -10 -0.496963
Pedestrian -1 -1 -10 745 121 776 208-1 -1 -1 -1000 -1000 -1000 -10 -0.504769
Pedestrian -1 -1 -10 97 81 160 256-1 -1 -1 -1000 -1000 -1000 -10 -0.549319
Pedestrian -1 -1 -10 1016 1 1134 328-1 -1 -1 -1000 -1000 -1000 -10 -0.586015
Pedestrian -1 -1 -10 849 113 880 200-1 -1 -1 -1000 -1000 -1000 -10 -0.634647
Pedestrian -1 -1 -10 306 92 350 215-1 -1 -1 -1000 -1000 -1000 -10 -0.635108
Pedestrian -1 -1 -10 705 113 760 176-1 -1 -1 -1000 -1000 -1000 -10 -0.643111
Pedestrian -1 -1 -10 892 102 928 202-1 -1 -1 -1000 -1000 -1000 -10 -0.719186
Pedestrian -1 -1 -10 807 46 896 209-1 -1 -1 -1000 -1000 -1000 -10 -0.748705
Pedestrian -1 -1 -10 544 43 599 195-1 -1 -1 -1000 -1000 -1000 -10 -0.790892
Pedestrian -1 -1 -10 681 119 749 197-1 -1 -1 -1000 -1000 -1000 -10 -0.795869
Pedestrian -1 -1 -10 12 148 56 271-1 -1 -1 -1000 -1000 -1000 -10 -0.798087
Pedestrian -1 -1 -10 482 118 572 221-1 -1 -1 -1000 -1000 -1000 -10 -0.823706
Pedestrian -1 -1 -10 161 81 224 256-1 -1 -1 -1000 -1000 -1000 -10 -0.838365
Pedestrian -1 -1 -10 225 113 256 200-1 -1 -1 -1000 -1000 -1000 -10 -0.840301
Pedestrian -1 -1 -10 865 33 928 208-1 -1 -1 -1000 -1000 -1000 -10 -0.844919
Pedestrian -1 -1 -10 907 1 1044 158-1 -1 -1 -1000 -1000 -1000 -10 -0.866975
Pedestrian -1 -1 -10 137 35 215 125-1 -1 -1 -1000 -1000 -1000 -10 -0.901741
Pedestrian -1 -1 -10 670 85 767 195-1 -1 -1 -1000 -1000 -1000 -10 -0.905348
Pedestrian -1 -1 -10 599 53 650 195-1 -1 -1 -1000 -1000 -1000 -10 -0.922644
Pedestrian -1 -1 -10 35 1 171 375-1 -1 -1 -1000 -1000 -1000 -10 -0.942976
Pedestrian -1 -1 -10 349 29 404 181-1 -1 -1 -1000 -1000 -1000 -10 -0.96605
