Pedestrian -1 -1 -10 673 161 704 248-1 -1 -1 -1000 -1000 -1000 -10 0.0125794
Pedestrian -1 -1 -10 782 240 818 340-1 -1 -1 -1000 -1000 -1000 -10 -0.259387
Pedestrian -1 -1 -10 961 185 1016 248-1 -1 -1 -1000 -1000 -1000 -10 -0.372974
Pedestrian -1 -1 -10 1049 194 1112 267-1 -1 -1 -1000 -1000 -1000 -10 -0.39321
Pedestrian -1 -1 -10 449 161 480 248-1 -1 -1 -1000 -1000 -1000 -10 -0.485127
Pedestrian -1 -1 -10 1006 237 1074 315-1 -1 -1 -1000 -1000 -1000 -10 -0.590412
Pedestrian -1 -1 -10 447 112 502 264-1 -1 -1 -1000 -1000 -1000 -10 -0.608495
Pedestrian -1 -1 -10 1004 238 1087 374-1 -1 -1 -1000 -1000 -1000 -10 -0.683289
Pedestrian -1 -1 -10 618 27 677 95-1 -1 -1 -1000 -1000 -1000 -10 -0.712595
Pedestrian -1 -1 -10 781 182 836 334-1 -1 -1 -1000 -1000 -1000 -10 -0.736413
Pedestrian -1 -1 -10 897 289 928 374-1 -1 -1 -1000 -1000 -1000 -10 -0.742433
Pedestrian -1 -1 -10 920 203 1048 349-1 -1 -1 -1000 -1000 -1000 -10 -0.764576
Pedestrian -1 -1 -10 327 172 360 265-1 -1 -1 -1000 -1000 -1000 -10 -0.767993
Pedestrian -1 -1 -10 1197 248 1238 374-1 -1 -1 -1000 -1000 -1000 -10 -0.820007
Pedestrian -1 -1 -10 170 118 247 260-1 -1 -1 -1000 -1000 -1000 -10 -0.837822
Pedestrian -1 -1 -10 203 111 276 312-1 -1 -1 -1000 -1000 -1000 -10 -0.885711
Pedestrian -1 -1 -10 1 273 68 374-1 -1 -1 -1000 -1000 -1000 -10 -0.887257
Pedestrian -1 -1 -10 65 129 288 374-1 -1 -1 -1000 -1000 -1000 -10 -0.900335
Pedestrian -1 -1 -10 1109 297 1182 374-1 -1 -1 -1000 -1000 -1000 -10 -0.903449
Pedestrian -1 -1 -10 770 1 814 124-1 -1 -1 -1000 -1000 -1000 -10 -0.904724
Pedestrian -1 -1 -10 845 202 918 285-1 -1 -1 -1000 -1000 -1000 -10 -0.907156
Pedestrian -1 -1 -10 370 27 403 120-1 -1 -1 -1000 -1000 -1000 -10 -0.94446
Pedestrian -1 -1 -10 617 47 653 147-1 -1 -1 -1000 -1000 -1000 -10 -0.970124
Pedestrian -1 -1 -10 886 256 934 374-1 -1 -1 -1000 -1000 -1000 -10 -0.980302
Pedestrian -1 -1 -10 1105 145 1152 232-1 -1 -1 -1000 -1000 -1000 -10 -0.980312
