Pedestrian -1 -1 -10 1189 25 1237 157-1 -1 -1 -1000 -1000 -1000 -10 -0.484477
Pedestrian -1 -1 -10 841 130 891 223-1 -1 -1 -1000 -1000 -1000 -10 -0.50673
Pedestrian -1 -1 -10 569 89 600 176-1 -1 -1 -1000 -1000 -1000 -10 -0.638857
Pedestrian -1 -1 -10 1098 70 1241 376-1 -1 -1 -1000 -1000 -1000 -10 -0.825536
Pedestrian -1 -1 -10 363 168 460 278-1 -1 -1 -1000 -1000 -1000 -10 -0.832401
Pedestrian -1 -1 -10 332 166 441 367-1 -1 -1 -1000 -1000 -1000 -10 -0.914907
Pedestrian -1 -1 -10 857 89 904 176-1 -1 -1 -1000 -1000 -1000 -10 -0.944399
Pedestrian -1 -1 -10 1 60 39 167-1 -1 -1 -1000 -1000 -1000 -10 -0.956513
Pedestrian -1 -1 -10 665 33 696 120-1 -1 -1 -1000 -1000 -1000 -10 -0.980364
Pedestrian -1 -1 -10 438 121 488 214-1 -1 -1 -1000 -1000 -1000 -10 -0.980587
Pedestrian -1 -1 -10 161 121 192 208-1 -1 -1 -1000 -1000 -1000 -10 -0.997576
