Pedestrian -1 -1 -10 1061 1 1120 164-1 -1 -1 -1000 -1000 -1000 -10 0.163222
Pedestrian -1 -1 -10 1197 1 1242 143-1 -1 -1 -1000 -1000 -1000 -10 -0.136182
Pedestrian -1 -1 -10 344 207 446 375-1 -1 -1 -1000 -1000 -1000 -10 -0.141589
Pedestrian -1 -1 -10 1194 149 1235 264-1 -1 -1 -1000 -1000 -1000 -10 -0.231688
Pedestrian -1 -1 -10 673 16 732 179-1 -1 -1 -1000 -1000 -1000 -10 -0.406653
Pedestrian -1 -1 -10 105 217 160 280-1 -1 -1 -1000 -1000 -1000 -10 -0.41361
Pedestrian -1 -1 -10 1159 1 1232 202-1 -1 -1 -1000 -1000 -1000 -10 -0.680959
Pedestrian -1 -1 -10 1099 22 1182 253-1 -1 -1 -1000 -1000 -1000 -10 -0.710903
Pedestrian -1 -1 -10 977 129 1008 216-1 -1 -1 -1000 -1000 -1000 -10 -0.795551
Pedestrian -1 -1 -10 441 177 472 264-1 -1 -1 -1000 -1000 -1000 -10 -0.871558
Pedestrian -1 -1 -10 488 286 542 375-1 -1 -1 -1000 -1000 -1000 -10 -0.872244
Pedestrian -1 -1 -10 1 1 181 375-1 -1 -1 -1000 -1000 -1000 -10 -0.884786
Pedestrian -1 -1 -10 747 87 780 180-1 -1 -1 -1000 -1000 -1000 -10 -0.900381
Pedestrian -1 -1 -10 585 65 616 152-1 -1 -1 -1000 -1000 -1000 -10 -0.916486
Pedestrian -1 -1 -10 801 113 912 240-1 -1 -1 -1000 -1000 -1000 -10 -0.934187
Pedestrian -1 -1 -10 1033 145 1064 232-1 -1 -1 -1000 -1000 -1000 -10 -0.963828
Pedestrian -1 -1 -10 1035 22 1118 253-1 -1 -1 -1000 -1000 -1000 -10 -0.972766
Pedestrian -1 -1 -10 585 105 640 168-1 -1 -1 -1000 -1000 -1000 -10 -0.976374
