Pedestrian -1 -1 -10 892 157 928 257-1 -1 -1 -1000 -1000 -1000 -10 0.184549
Pedestrian -1 -1 -10 475 57 530 209-1 -1 -1 -1000 -1000 -1000 -10 -0.0639029
Pedestrian -1 -1 -10 241 185 272 272-1 -1 -1 -1000 -1000 -1000 -10 -0.320406
Pedestrian -1 -1 -10 672 120 708 220-1 -1 -1 -1000 -1000 -1000 -10 -0.403473
Pedestrian -1 -1 -10 1185 57 1240 209-1 -1 -1 -1000 -1000 -1000 -10 -0.442368
Pedestrian -1 -1 -10 705 129 736 216-1 -1 -1 -1000 -1000 -1000 -10 -0.58163
Pedestrian -1 -1 -10 1049 102 1085 202-1 -1 -1 -1000 -1000 -1000 -10 -0.646362
Pedestrian -1 -1 -10 867 170 929 285-1 -1 -1 -1000 -1000 -1000 -10 -0.671209
Pedestrian -1 -1 -10 911 118 962 260-1 -1 -1 -1000 -1000 -1000 -10 -0.695305
Pedestrian -1 -1 -10 756 1 815 69-1 -1 -1 -1000 -1000 -1000 -10 -0.75325
Pedestrian -1 -1 -10 1145 1 1200 64-1 -1 -1 -1000 -1000 -1000 -10 -0.757997
Pedestrian -1 -1 -10 881 33 928 120-1 -1 -1 -1000 -1000 -1000 -10 -0.763512
Pedestrian -1 -1 -10 1145 161 1176 248-1 -1 -1 -1000 -1000 -1000 -10 -0.781744
Pedestrian -1 -1 -10 529 113 576 200-1 -1 -1 -1000 -1000 -1000 -10 -0.846015
Pedestrian -1 -1 -10 1 270 104 375-1 -1 -1 -1000 -1000 -1000 -10 -0.851422
Pedestrian -1 -1 -10 641 137 672 224-1 -1 -1 -1000 -1000 -1000 -10 -0.881312
Pedestrian -1 -1 -10 950 118 1001 260-1 -1 -1 -1000 -1000 -1000 -10 -0.891357
Pedestrian -1 -1 -10 486 25 558 157-1 -1 -1 -1000 -1000 -1000 -10 -0.907121
Pedestrian -1 -1 -10 1065 60 1202 217-1 -1 -1 -1000 -1000 -1000 -10 -0.912436
Pedestrian -1 -1 -10 713 130 763 223-1 -1 -1 -1000 -1000 -1000 -10 -0.922984
Pedestrian -1 -1 -10 849 25 904 88-1 -1 -1 -1000 -1000 -1000 -10 -0.936246
Pedestrian -1 -1 -10 893 70 943 163-1 -1 -1 -1000 -1000 -1000 -10 -0.938919
Pedestrian -1 -1 -10 856 64 897 179-1 -1 -1 -1000 -1000 -1000 -10 -0.947183
Pedestrian -1 -1 -10 623 35 690 158-1 -1 -1 -1000 -1000 -1000 -10 -0.950202
Pedestrian -1 -1 -10 850 318 909 375-1 -1 -1 -1000 -1000 -1000 -10 -0.980682
Pedestrian -1 -1 -10 609 129 664 192-1 -1 -1 -1000 -1000 -1000 -10 -0.984126
