Pedestrian -1 -1 -10 777 86 825 218-1 -1 -1 -1000 -1000 -1000 -10 -0.304863
Pedestrian -1 -1 -10 294 57 349 209-1 -1 -1 -1000 -1000 -1000 -10 -0.363304
Pedestrian -1 -1 -10 147 25 195 157-1 -1 -1 -1000 -1000 -1000 -10 -0.511567
Pedestrian -1 -1 -10 1076 69 1143 192-1 -1 -1 -1000 -1000 -1000 -10 -0.670614
Pedestrian -1 -1 -10 1 27 104 312-1 -1 -1 -1000 -1000 -1000 -10 -0.670879
Pedestrian -1 -1 -10 807 46 866 209-1 -1 -1 -1000 -1000 -1000 -10 -0.709738
Pedestrian -1 -1 -10 1065 40 1143 256-1 -1 -1 -1000 -1000 -1000 -10 -0.774536
Pedestrian -1 -1 -10 1035 60 1093 167-1 -1 -1 -1000 -1000 -1000 -10 -0.789483
Pedestrian -1 -1 -10 868 11 936 89-1 -1 -1 -1000 -1000 -1000 -10 -0.792935
Pedestrian -1 -1 -10 1 1 181 375-1 -1 -1 -1000 -1000 -1000 -10 -0.812588
Pedestrian -1 -1 -10 729 117 802 200-1 -1 -1 -1000 -1000 -1000 -10 -0.850837
Pedestrian -1 -1 -10 217 89 264 176-1 -1 -1 -1000 -1000 -1000 -10 -0.914082
Pedestrian -1 -1 -10 951 12 992 127-1 -1 -1 -1000 -1000 -1000 -10 -0.915907
Pedestrian -1 -1 -10 729 1 806 143-1 -1 -1 -1000 -1000 -1000 -10 -0.922586
Pedestrian -1 -1 -10 198 44 248 137-1 -1 -1 -1000 -1000 -1000 -10 -0.937991
Pedestrian -1 -1 -10 329 16 418 179-1 -1 -1 -1000 -1000 -1000 -10 -0.938543
Pedestrian -1 -1 -10 481 112 531 205-1 -1 -1 -1000 -1000 -1000 -10 -0.945233
Pedestrian -1 -1 -10 413 74 485 206-1 -1 -1 -1000 -1000 -1000 -10 -0.966365
Pedestrian -1 -1 -10 267 104 300 197-1 -1 -1 -1000 -1000 -1000 -10 -0.983657
Pedestrian -1 -1 -10 476 69 543 192-1 -1 -1 -1000 -1000 -1000 -10 -0.984669
