Pedestrian -1 -1 -10 295 46 373 136-1 -1 -1 -1000 -1000 -1000 -10 -0.16896
Pedestrian -1 -1 -10 223 85 264 200-1 -1 -1 -1000 -1000 -1000 -10 -0.400702
Pedestrian -1 -1 -10 833 113 864 200-1 -1 -1 -1000 -1000 -1000 -10 -0.477442
Pedestrian -1 -1 -10 258 102 294 202-1 -1 -1 -1000 -1000 -1000 -10 -0.54435
Pedestrian -1 -1 -10 1049 137 1080 224-1 -1 -1 -1000 -1000 -1000 -10 -0.793055
Pedestrian -1 -1 -10 681 113 712 200-1 -1 -1 -1000 -1000 -1000 -10 -0.828348
Pedestrian -1 -1 -10 363 85 460 195-1 -1 -1 -1000 -1000 -1000 -10 -0.828726
Pedestrian -1 -1 -10 300 31 389 194-1 -1 -1 -1000 -1000 -1000 -10 -0.837309
Pedestrian -1 -1 -10 945 145 976 232-1 -1 -1 -1000 -1000 -1000 -10 -0.871111
Pedestrian -1 -1 -10 1001 145 1032 232-1 -1 -1 -1000 -1000 -1000 -10 -0.875626
Pedestrian -1 -1 -10 1076 46 1135 209-1 -1 -1 -1000 -1000 -1000 -10 -0.95252
Pedestrian -1 -1 -10 883 148 946 221-1 -1 -1 -1000 -1000 -1000 -10 -0.955159
Pedestrian -1 -1 -10 601 261 668 375-1 -1 -1 -1000 -1000 -1000 -10 -0.959955
Pedestrian -1 -1 -10 1003 130 1057 230-1 -1 -1 -1000 -1000 -1000 -10 -0.969189
Pedestrian -1 -1 -10 1045 90 1083 197-1 -1 -1 -1000 -1000 -1000 -10 -0.986929
