Pedestrian -1 -1 -10 267 90 325 197-1 -1 -1 -1000 -1000 -1000 -10 -0.18286
Pedestrian -1 -1 -10 12 149 53 264-1 -1 -1 -1000 -1000 -1000 -10 -0.216529
Pedestrian -1 -1 -10 11 1 49 108-1 -1 -1 -1000 -1000 -1000 -10 -0.355914
Pedestrian -1 -1 -10 1180 135 1239 298-1 -1 -1 -1000 -1000 -1000 -10 -0.552186
Pedestrian -1 -1 -10 52 233 85 326-1 -1 -1 -1000 -1000 -1000 -10 -0.560631
Pedestrian -1 -1 -10 833 161 864 248-1 -1 -1 -1000 -1000 -1000 -10 -0.585245
Pedestrian -1 -1 -10 1180 46 1239 209-1 -1 -1 -1000 -1000 -1000 -10 -0.661386
Pedestrian -1 -1 -10 277 194 331 294-1 -1 -1 -1000 -1000 -1000 -10 -0.696028
Pedestrian -1 -1 -10 1104 256 1176 375-1 -1 -1 -1000 -1000 -1000 -10 -0.724432
Pedestrian -1 -1 -10 18 275 51 368-1 -1 -1 -1000 -1000 -1000 -10 -0.739998
Pedestrian -1 -1 -10 822 91 881 254-1 -1 -1 -1000 -1000 -1000 -10 -0.756565
Pedestrian -1 -1 -10 417 66 468 208-1 -1 -1 -1000 -1000 -1000 -10 -0.807542
Pedestrian -1 -1 -10 261 157 338 299-1 -1 -1 -1000 -1000 -1000 -10 -0.813272
Pedestrian -1 -1 -10 1186 304 1242 375-1 -1 -1 -1000 -1000 -1000 -10 -0.87281
Pedestrian -1 -1 -10 38 102 92 202-1 -1 -1 -1000 -1000 -1000 -10 -0.889942
Pedestrian -1 -1 -10 1 281 32 368-1 -1 -1 -1000 -1000 -1000 -10 -0.896886
Pedestrian -1 -1 -10 635 103 702 226-1 -1 -1 -1000 -1000 -1000 -10 -0.908263
Pedestrian -1 -1 -10 1 121 32 208-1 -1 -1 -1000 -1000 -1000 -10 -0.922515
Pedestrian -1 -1 -10 222 166 258 266-1 -1 -1 -1000 -1000 -1000 -10 -0.932104
Pedestrian -1 -1 -10 592 296 650 375-1 -1 -1 -1000 -1000 -1000 -10 -0.948024
Pedestrian -1 -1 -10 417 14 494 156-1 -1 -1 -1000 -1000 -1000 -10 -0.951382
Pedestrian -1 -1 -10 215 130 265 223-1 -1 -1 -1000 -1000 -1000 -10 -0.955595
Pedestrian -1 -1 -10 169 145 200 232-1 -1 -1 -1000 -1000 -1000 -10 -0.960687
Pedestrian -1 -1 -10 1150 1 1242 119-1 -1 -1 -1000 -1000 -1000 -10 -0.960837
Pedestrian -1 -1 -10 102 222 138 322-1 -1 -1 -1000 -1000 -1000 -10 -0.980313
Pedestrian -1 -1 -10 193 177 224 264-1 -1 -1 -1000 -1000 -1000 -10 -0.982651
