Pedestrian -1 -1 -10 785 161 848 336-1 -1 -1 -1000 -1000 -1000 -10 3.6077
Pedestrian -1 -1 -10 721 138 789 326-1 -1 -1 -1000 -1000 -1000 -10 2.01304
Pedestrian -1 -1 -10 947 159 995 291-1 -1 -1 -1000 -1000 -1000 -10 1.33871
Pedestrian -1 -1 -10 697 57 863 362-1 -1 -1 -1000 -1000 -1000 -10 -0.0818348
Pedestrian -1 -1 -10 944 138 1012 326-1 -1 -1 -1000 -1000 -1000 -10 -0.360641
Pedestrian -1 -1 -10 233 161 264 248-1 -1 -1 -1000 -1000 -1000 -10 -0.473708
Pedestrian -1 -1 -10 653 52 686 145-1 -1 -1 -1000 -1000 -1000 -10 -0.556676
Pedestrian -1 -1 -10 102 1 138 101-1 -1 -1 -1000 -1000 -1000 -10 -0.558162
Pedestrian -1 -1 -10 349 159 390 274-1 -1 -1 -1000 -1000 -1000 -10 -0.747584
Pedestrian -1 -1 -10 481 18 531 111-1 -1 -1 -1000 -1000 -1000 -10 -0.766206
Pedestrian -1 -1 -10 297 305 328 370-1 -1 -1 -1000 -1000 -1000 -10 -0.772295
Pedestrian -1 -1 -10 293 121 352 189-1 -1 -1 -1000 -1000 -1000 -10 -0.792051
Pedestrian -1 -1 -10 240 225 299 370-1 -1 -1 -1000 -1000 -1000 -10 -0.801306
Pedestrian -1 -1 -10 316 122 461 370-1 -1 -1 -1000 -1000 -1000 -10 -0.871387
Pedestrian -1 -1 -10 241 1 309 189-1 -1 -1 -1000 -1000 -1000 -10 -0.899254
Pedestrian -1 -1 -10 807 1 896 164-1 -1 -1 -1000 -1000 -1000 -10 -0.950705
Pedestrian -1 -1 -10 172 61 205 154-1 -1 -1 -1000 -1000 -1000 -10 -0.965636
