Pedestrian -1 -1 -10 851 71 906 223-1 -1 -1 -1000 -1000 -1000 -10 -0.556312
Pedestrian -1 -1 -10 306 92 350 215-1 -1 -1 -1000 -1000 -1000 -10 -0.798663
Pedestrian -1 -1 -10 861 1 1177 362-1 -1 -1 -1000 -1000 -1000 -10 -0.805073
Pedestrian -1 -1 -10 702 69 746 192-1 -1 -1 -1000 -1000 -1000 -10 -0.82666
Pedestrian -1 -1 -10 385 50 423 157-1 -1 -1 -1000 -1000 -1000 -10 -0.914382
Pedestrian -1 -1 -10 681 21 719 128-1 -1 -1 -1000 -1000 -1000 -10 -0.926781
Pedestrian -1 -1 -10 444 96 485 211-1 -1 -1 -1000 -1000 -1000 -10 -0.947353
Pedestrian -1 -1 -10 529 97 576 184-1 -1 -1 -1000 -1000 -1000 -10 -0.965753
Pedestrian -1 -1 -10 469 92 559 195-1 -1 -1 -1000 -1000 -1000 -10 -0.969023
Pedestrian -1 -1 -10 223 149 296 232-1 -1 -1 -1000 -1000 -1000 -10 -0.982723
