Pedestrian -1 -1 -10 1185 29 1240 181-1 -1 -1 -1000 -1000 -1000 -10 -0.379971
Pedestrian -1 -1 -10 1213 224 1242 375-1 -1 -1 -1000 -1000 -1000 -10 -0.517009
Pedestrian -1 -1 -10 310 112 343 205-1 -1 -1 -1000 -1000 -1000 -10 -0.580205
Pedestrian -1 -1 -10 729 128 770 243-1 -1 -1 -1000 -1000 -1000 -10 -0.741127
Pedestrian -1 -1 -10 584 104 617 197-1 -1 -1 -1000 -1000 -1000 -10 -0.747108
Pedestrian -1 -1 -10 481 104 540 172-1 -1 -1 -1000 -1000 -1000 -10 -0.850345
Pedestrian -1 -1 -10 1137 81 1168 168-1 -1 -1 -1000 -1000 -1000 -10 -0.886423
Pedestrian -1 -1 -10 755 75 791 175-1 -1 -1 -1000 -1000 -1000 -10 -0.956275
Pedestrian -1 -1 -10 986 1 1064 217-1 -1 -1 -1000 -1000 -1000 -10 -0.979865
Pedestrian -1 -1 -10 1121 31 1210 194-1 -1 -1 -1000 -1000 -1000 -10 -0.980756
Pedestrian -1 -1 -10 1178 284 1242 375-1 -1 -1 -1000 -1000 -1000 -10 -0.985276
