Pedestrian -1 -1 -10 378 1 446 189-1 -1 -1 -1000 -1000 -1000 -10 -0.233356
Pedestrian -1 -1 -10 687 104 746 172-1 -1 -1 -1000 -1000 -1000 -10 -0.295482
Pedestrian -1 -1 -10 879 43 934 195-1 -1 -1 -1000 -1000 -1000 -10 -0.390116
Pedestrian -1 -1 -10 515 87 565 180-1 -1 -1 -1000 -1000 -1000 -10 -0.484735
Pedestrian -1 -1 -10 547 79 637 182-1 -1 -1 -1000 -1000 -1000 -10 -0.578762
Pedestrian -1 -1 -10 1 1 158 375-1 -1 -1 -1000 -1000 -1000 -10 -0.763608
Pedestrian -1 -1 -10 257 25 288 112-1 -1 -1 -1000 -1000 -1000 -10 -0.826123
Pedestrian -1 -1 -10 293 1 352 69-1 -1 -1 -1000 -1000 -1000 -10 -0.909676
Pedestrian -1 -1 -10 747 1 836 164-1 -1 -1 -1000 -1000 -1000 -10 -0.910787
Pedestrian -1 -1 -10 417 79 507 182-1 -1 -1 -1000 -1000 -1000 -10 -0.917183
Pedestrian -1 -1 -10 310 1 378 189-1 -1 -1 -1000 -1000 -1000 -10 -0.945333
Pedestrian -1 -1 -10 670 85 767 195-1 -1 -1 -1000 -1000 -1000 -10 -0.953097
Pedestrian -1 -1 -10 950 66 1001 208-1 -1 -1 -1000 -1000 -1000 -10 -0.968679
Pedestrian -1 -1 -10 195 76 298 194-1 -1 -1 -1000 -1000 -1000 -10 -0.984569
Pedestrian -1 -1 -10 447 35 652 375-1 -1 -1 -1000 -1000 -1000 -10 -0.985169
Pedestrian -1 -1 -10 845 75 886 190-1 -1 -1 -1000 -1000 -1000 -10 -0.996626
