Pedestrian -1 -1 -10 573 79 624 221-1 -1 -1 -1000 -1000 -1000 -10 2.28882e-05
Pedestrian -1 -1 -10 618 95 668 188-1 -1 -1 -1000 -1000 -1000 -10 -0.435167
Pedestrian -1 -1 -10 539 85 580 200-1 -1 -1 -1000 -1000 -1000 -10 -0.472195
Pedestrian -1 -1 -10 460 56 533 257-1 -1 -1 -1000 -1000 -1000 -10 -0.626206
Pedestrian -1 -1 -10 644 130 698 230-1 -1 -1 -1000 -1000 -1000 -10 -0.713019
Pedestrian -1 -1 -10 791 157 854 230-1 -1 -1 -1000 -1000 -1000 -10 -0.745393
Pedestrian -1 -1 -10 433 1 480 88-1 -1 -1 -1000 -1000 -1000 -10 -0.780945
Pedestrian -1 -1 -10 609 97 672 272-1 -1 -1 -1000 -1000 -1000 -10 -0.813865
Pedestrian -1 -1 -10 1046 1 1164 328-1 -1 -1 -1000 -1000 -1000 -10 -0.844365
Pedestrian -1 -1 -10 356 1 591 375-1 -1 -1 -1000 -1000 -1000 -10 -0.880672
Pedestrian -1 -1 -10 98 292 182 375-1 -1 -1 -1000 -1000 -1000 -10 -0.887502
Pedestrian -1 -1 -10 255 31 358 149-1 -1 -1 -1000 -1000 -1000 -10 -0.890155
Pedestrian -1 -1 -10 198 130 248 223-1 -1 -1 -1000 -1000 -1000 -10 -0.905895
Pedestrian -1 -1 -10 704 98 752 230-1 -1 -1 -1000 -1000 -1000 -10 -0.918358
Pedestrian -1 -1 -10 736 157 799 230-1 -1 -1 -1000 -1000 -1000 -10 -0.947796
Pedestrian -1 -1 -10 1171 1 1226 153-1 -1 -1 -1000 -1000 -1000 -10 -0.948982
Pedestrian -1 -1 -10 1 29 98 139-1 -1 -1 -1000 -1000 -1000 -10 -0.964679
