Pedestrian -1 -1 -10 441 169 472 256-1 -1 -1 -1000 -1000 -1000 -10 0.40321
Pedestrian -1 -1 -10 937 177 984 264-1 -1 -1 -1000 -1000 -1000 -10 -0.343448
Pedestrian -1 -1 -10 339 180 380 295-1 -1 -1 -1000 -1000 -1000 -10 -0.367965
Pedestrian -1 -1 -10 105 1 136 88-1 -1 -1 -1000 -1000 -1000 -10 -0.482533
Pedestrian -1 -1 -10 258 102 294 202-1 -1 -1 -1000 -1000 -1000 -10 -0.54606
Pedestrian -1 -1 -10 521 97 552 184-1 -1 -1 -1000 -1000 -1000 -10 -0.564844
Pedestrian -1 -1 -10 33 1 64 88-1 -1 -1 -1000 -1000 -1000 -10 -0.703395
Pedestrian -1 -1 -10 1020 74 1092 206-1 -1 -1 -1000 -1000 -1000 -10 -0.711263
Pedestrian -1 -1 -10 487 92 565 182-1 -1 -1 -1000 -1000 -1000 -10 -0.756187
Pedestrian -1 -1 -10 292 1 340 133-1 -1 -1 -1000 -1000 -1000 -10 -0.757876
Pedestrian -1 -1 -10 602 1 640 108-1 -1 -1 -1000 -1000 -1000 -10 -0.814536
Pedestrian -1 -1 -10 1 85 56 237-1 -1 -1 -1000 -1000 -1000 -10 -0.848866
Pedestrian -1 -1 -10 438 122 486 254-1 -1 -1 -1000 -1000 -1000 -10 -0.882977
Pedestrian -1 -1 -10 1195 105 1242 268-1 -1 -1 -1000 -1000 -1000 -10 -0.943836
Pedestrian -1 -1 -10 1057 113 1168 240-1 -1 -1 -1000 -1000 -1000 -10 -0.951869
Pedestrian -1 -1 -10 951 138 1024 221-1 -1 -1 -1000 -1000 -1000 -10 -0.964025
Pedestrian -1 -1 -10 681 111 717 211-1 -1 -1 -1000 -1000 -1000 -10 -0.974731
Pedestrian -1 -1 -10 883 130 1011 276-1 -1 -1 -1000 -1000 -1000 -10 -0.979469
Pedestrian -1 -1 -10 53 144 143 247-1 -1 -1 -1000 -1000 -1000 -10 -0.998267
