Pedestrian -1 -1 -10 1021 130 1057 230-1 -1 -1 -1000 -1000 -1000 -10 -0.257043
Pedestrian -1 -1 -10 216 80 260 203-1 -1 -1 -1000 -1000 -1000 -10 -0.405843
Pedestrian -1 -1 -10 370 180 411 295-1 -1 -1 -1000 -1000 -1000 -10 -0.494031
Pedestrian -1 -1 -10 608 93 736 239-1 -1 -1 -1000 -1000 -1000 -10 -0.495957
Pedestrian -1 -1 -10 725 103 803 193-1 -1 -1 -1000 -1000 -1000 -10 -0.541654
Pedestrian -1 -1 -10 304 13 388 109-1 -1 -1 -1000 -1000 -1000 -10 -0.708587
Pedestrian -1 -1 -10 917 92 961 215-1 -1 -1 -1000 -1000 -1000 -10 -0.818988
Pedestrian -1 -1 -10 339 64 422 295-1 -1 -1 -1000 -1000 -1000 -10 -0.908058
Pedestrian -1 -1 -10 190 87 309 223-1 -1 -1 -1000 -1000 -1000 -10 -0.944629
Pedestrian -1 -1 -10 1045 119 1103 226-1 -1 -1 -1000 -1000 -1000 -10 -0.99788
