Pedestrian -1 -1 -10 1 97 32 184-1 -1 -1 -1000 -1000 -1000 -10 -0.585293
Pedestrian -1 -1 -10 352 159 396 282-1 -1 -1 -1000 -1000 -1000 -10 -0.629275
Pedestrian -1 -1 -10 537 313 592 370-1 -1 -1 -1000 -1000 -1000 -10 -0.664936
Pedestrian -1 -1 -10 98 134 146 266-1 -1 -1 -1000 -1000 -1000 -10 -0.684424
Pedestrian -1 -1 -10 543 267 601 370-1 -1 -1 -1000 -1000 -1000 -10 -0.698446
Pedestrian -1 -1 -10 1141 117 1203 232-1 -1 -1 -1000 -1000 -1000 -10 -0.720337
Pedestrian -1 -1 -10 768 105 845 247-1 -1 -1 -1000 -1000 -1000 -10 -0.720969
Pedestrian -1 -1 -10 1104 130 1158 230-1 -1 -1 -1000 -1000 -1000 -10 -0.760552
Pedestrian -1 -1 -10 425 161 480 224-1 -1 -1 -1000 -1000 -1000 -10 -0.789277
Pedestrian -1 -1 -10 387 231 450 304-1 -1 -1 -1000 -1000 -1000 -10 -0.828362
Pedestrian -1 -1 -10 533 1 592 69-1 -1 -1 -1000 -1000 -1000 -10 -0.866966
Pedestrian -1 -1 -10 1081 1 1114 94-1 -1 -1 -1000 -1000 -1000 -10 -0.868571
Pedestrian -1 -1 -10 465 193 543 283-1 -1 -1 -1000 -1000 -1000 -10 -0.914299
Pedestrian -1 -1 -10 580 267 634 367-1 -1 -1 -1000 -1000 -1000 -10 -0.915535
Pedestrian -1 -1 -10 65 41 112 128-1 -1 -1 -1000 -1000 -1000 -10 -0.920272
Pedestrian -1 -1 -10 996 241 1029 334-1 -1 -1 -1000 -1000 -1000 -10 -0.938935
Pedestrian -1 -1 -10 304 195 388 291-1 -1 -1 -1000 -1000 -1000 -10 -0.941823
Pedestrian -1 -1 -10 257 178 315 285-1 -1 -1 -1000 -1000 -1000 -10 -0.947743
Pedestrian -1 -1 -10 479 313 607 370-1 -1 -1 -1000 -1000 -1000 -10 -0.950606
Pedestrian -1 -1 -10 345 121 400 184-1 -1 -1 -1000 -1000 -1000 -10 -0.954964
Pedestrian -1 -1 -10 687 172 737 265-1 -1 -1 -1000 -1000 -1000 -10 -0.955095
Pedestrian -1 -1 -10 81 201 128 288-1 -1 -1 -1000 -1000 -1000 -10 -0.974452
