Pedestrian -1 -1 -10 937 168 975 275-1 -1 -1 -1000 -1000 -1000 -10 1.03863
Pedestrian -1 -1 -10 714 103 758 226-1 -1 -1 -1000 -1000 -1000 -10 -0.205478
Pedestrian -1 -1 -10 929 145 992 320-1 -1 -1 -1000 -1000 -1000 -10 -0.365483
Pedestrian -1 -1 -10 841 129 872 216-1 -1 -1 -1000 -1000 -1000 -10 -0.478614
Pedestrian -1 -1 -10 1 47 37 147-1 -1 -1 -1000 -1000 -1000 -10 -0.517342
Pedestrian -1 -1 -10 275 18 308 111-1 -1 -1 -1000 -1000 -1000 -10 -0.532911
Pedestrian -1 -1 -10 1067 120 1103 220-1 -1 -1 -1000 -1000 -1000 -10 -0.551426
Pedestrian -1 -1 -10 252 15 307 167-1 -1 -1 -1000 -1000 -1000 -10 -0.625475
Pedestrian -1 -1 -10 769 33 992 288-1 -1 -1 -1000 -1000 -1000 -10 -0.647228
Pedestrian -1 -1 -10 353 41 384 128-1 -1 -1 -1000 -1000 -1000 -10 -0.696659
Pedestrian -1 -1 -10 1002 144 1092 247-1 -1 -1 -1000 -1000 -1000 -10 -0.705086
Pedestrian -1 -1 -10 1113 209 1160 296-1 -1 -1 -1000 -1000 -1000 -10 -0.814283
Pedestrian -1 -1 -10 703 76 806 194-1 -1 -1 -1000 -1000 -1000 -10 -0.849525
Pedestrian -1 -1 -10 1168 111 1231 184-1 -1 -1 -1000 -1000 -1000 -10 -0.869377
Pedestrian -1 -1 -10 538 120 746 358-1 -1 -1 -1000 -1000 -1000 -10 -0.870846
Pedestrian -1 -1 -10 405 90 473 168-1 -1 -1 -1000 -1000 -1000 -10 -0.8897
Pedestrian -1 -1 -10 135 16 238 134-1 -1 -1 -1000 -1000 -1000 -10 -0.907596
Pedestrian -1 -1 -10 339 54 412 137-1 -1 -1 -1000 -1000 -1000 -10 -0.934316
Pedestrian -1 -1 -10 1065 225 1120 288-1 -1 -1 -1000 -1000 -1000 -10 -0.957407
