Pedestrian -1 -1 -10 657 137 701 260-1 -1 -1 -1000 -1000 -1000 -10 2.02595
Pedestrian -1 -1 -10 550 130 583 223-1 -1 -1 -1000 -1000 -1000 -10 1.96418
Pedestrian -1 -1 -10 593 145 624 232-1 -1 -1 -1000 -1000 -1000 -10 0.243291
Pedestrian -1 -1 -10 874 29 910 129-1 -1 -1 -1000 -1000 -1000 -10 -0.541566
Pedestrian -1 -1 -10 643 46 702 209-1 -1 -1 -1000 -1000 -1000 -10 -0.718858
Pedestrian -1 -1 -10 476 1 538 116-1 -1 -1 -1000 -1000 -1000 -10 -0.745842
Pedestrian -1 -1 -10 385 281 440 344-1 -1 -1 -1000 -1000 -1000 -10 -0.817015
Pedestrian -1 -1 -10 107 1 148 116-1 -1 -1 -1000 -1000 -1000 -10 -0.823275
Pedestrian -1 -1 -10 571 98 619 230-1 -1 -1 -1000 -1000 -1000 -10 -0.824365
Pedestrian -1 -1 -10 328 43 369 158-1 -1 -1 -1000 -1000 -1000 -10 -0.855165
Pedestrian -1 -1 -10 389 225 478 370-1 -1 -1 -1000 -1000 -1000 -10 -0.8737
Pedestrian -1 -1 -10 1009 73 1064 136-1 -1 -1 -1000 -1000 -1000 -10 -0.875579
Pedestrian -1 -1 -10 33 145 64 232-1 -1 -1 -1000 -1000 -1000 -10 -0.895567
Pedestrian -1 -1 -10 337 289 384 370-1 -1 -1 -1000 -1000 -1000 -10 -0.91059
Pedestrian -1 -1 -10 657 24 747 272-1 -1 -1 -1000 -1000 -1000 -10 -0.935525
Pedestrian -1 -1 -10 529 1 592 176-1 -1 -1 -1000 -1000 -1000 -10 -0.957364
Pedestrian -1 -1 -10 391 183 572 370-1 -1 -1 -1000 -1000 -1000 -10 -0.999262
