Pedestrian -1 -1 -10 851 168 906 320-1 -1 -1 -1000 -1000 -1000 -10 0.310362
Pedestrian -1 -1 -10 530 280 627 370-1 -1 -1 -1000 -1000 -1000 -10 -0.686689
Pedestrian -1 -1 -10 225 135 314 298-1 -1 -1 -1000 -1000 -1000 -10 -0.74291
Pedestrian -1 -1 -10 790 164 823 257-1 -1 -1 -1000 -1000 -1000 -10 -0.857246
Pedestrian -1 -1 -10 352 159 396 282-1 -1 -1 -1000 -1000 -1000 -10 -0.883281
Pedestrian -1 -1 -10 599 287 689 370-1 -1 -1 -1000 -1000 -1000 -10 -0.912024
Pedestrian -1 -1 -10 1105 137 1160 200-1 -1 -1 -1000 -1000 -1000 -10 -0.915858
Pedestrian -1 -1 -10 425 161 480 224-1 -1 -1 -1000 -1000 -1000 -10 -0.916994
Pedestrian -1 -1 -10 387 231 450 304-1 -1 -1 -1000 -1000 -1000 -10 -0.94466
Pedestrian -1 -1 -10 1158 1 1209 143-1 -1 -1 -1000 -1000 -1000 -10 -0.946781
Pedestrian -1 -1 -10 44 95 77 188-1 -1 -1 -1000 -1000 -1000 -10 -0.973674
Pedestrian -1 -1 -10 634 1 717 232-1 -1 -1 -1000 -1000 -1000 -10 -0.9771
Pedestrian -1 -1 -10 470 1 524 101-1 -1 -1 -1000 -1000 -1000 -10 -0.982016
