Pedestrian -1 -1 -10 732 61 791 224-1 -1 -1 -1000 -1000 -1000 -10 0.237273
Pedestrian -1 -1 -10 1104 1 1242 375-1 -1 -1 -1000 -1000 -1000 -10 -0.522382
Pedestrian -1 -1 -10 638 92 689 234-1 -1 -1 -1000 -1000 -1000 -10 -0.642932
Pedestrian -1 -1 -10 12 1 56 124-1 -1 -1 -1000 -1000 -1000 -10 -0.712958
Pedestrian -1 -1 -10 280 1 328 133-1 -1 -1 -1000 -1000 -1000 -10 -0.722033
Pedestrian -1 -1 -10 397 24 441 147-1 -1 -1 -1000 -1000 -1000 -10 -0.740867
Pedestrian -1 -1 -10 555 80 599 203-1 -1 -1 -1000 -1000 -1000 -10 -0.8351
Pedestrian -1 -1 -10 239 69 283 192-1 -1 -1 -1000 -1000 -1000 -10 -0.838685
Pedestrian -1 -1 -10 700 1 738 108-1 -1 -1 -1000 -1000 -1000 -10 -0.916287
Pedestrian -1 -1 -10 544 99 627 251-1 -1 -1 -1000 -1000 -1000 -10 -0.917119
Pedestrian -1 -1 -10 1 130 34 223-1 -1 -1 -1000 -1000 -1000 -10 -0.928528
Pedestrian -1 -1 -10 233 265 306 348-1 -1 -1 -1000 -1000 -1000 -10 -0.928576
Pedestrian -1 -1 -10 729 1 825 267-1 -1 -1 -1000 -1000 -1000 -10 -0.932117
Pedestrian -1 -1 -10 550 1 600 94-1 -1 -1 -1000 -1000 -1000 -10 -0.96244
Pedestrian -1 -1 -10 997 148 1075 238-1 -1 -1 -1000 -1000 -1000 -10 -0.965555
