Pedestrian -1 -1 -10 1 193 32 280-1 -1 -1 -1000 -1000 -1000 -10 -0.264339
Pedestrian -1 -1 -10 730 78 780 171-1 -1 -1 -1000 -1000 -1000 -10 -0.338546
Pedestrian -1 -1 -10 558 138 591 231-1 -1 -1 -1000 -1000 -1000 -10 -0.374312
Pedestrian -1 -1 -10 841 35 909 223-1 -1 -1 -1000 -1000 -1000 -10 -0.393441
Pedestrian -1 -1 -10 541 112 574 205-1 -1 -1 -1000 -1000 -1000 -10 -0.423774
Pedestrian -1 -1 -10 1 1 56 153-1 -1 -1 -1000 -1000 -1000 -10 -0.598478
Pedestrian -1 -1 -10 1030 1 1089 69-1 -1 -1 -1000 -1000 -1000 -10 -0.613802
Pedestrian -1 -1 -10 318 172 377 240-1 -1 -1 -1000 -1000 -1000 -10 -0.645275
Pedestrian -1 -1 -10 447 1 836 375-1 -1 -1 -1000 -1000 -1000 -10 -0.687649
Pedestrian -1 -1 -10 346 90 384 197-1 -1 -1 -1000 -1000 -1000 -10 -0.736206
Pedestrian -1 -1 -10 833 265 864 352-1 -1 -1 -1000 -1000 -1000 -10 -0.792561
Pedestrian -1 -1 -10 265 113 320 176-1 -1 -1 -1000 -1000 -1000 -10 -0.807998
Pedestrian -1 -1 -10 356 40 414 147-1 -1 -1 -1000 -1000 -1000 -10 -0.876202
Pedestrian -1 -1 -10 773 111 1029 375-1 -1 -1 -1000 -1000 -1000 -10 -0.903645
Pedestrian -1 -1 -10 9 121 56 208-1 -1 -1 -1000 -1000 -1000 -10 -0.920661
Pedestrian -1 -1 -10 374 80 418 203-1 -1 -1 -1000 -1000 -1000 -10 -0.955215
