Pedestrian -1 -1 -10 1054 53 1144 156-1 -1 -1 -1000 -1000 -1000 -10 -0.267481
Pedestrian -1 -1 -10 714 80 758 203-1 -1 -1 -1000 -1000 -1000 -10 -0.368515
Pedestrian -1 -1 -10 301 95 351 188-1 -1 -1 -1000 -1000 -1000 -10 -0.478744
Pedestrian -1 -1 -10 97 25 152 88-1 -1 -1 -1000 -1000 -1000 -10 -0.53245
Pedestrian -1 -1 -10 625 113 672 200-1 -1 -1 -1000 -1000 -1000 -10 -0.620182
Pedestrian -1 -1 -10 1153 113 1216 288-1 -1 -1 -1000 -1000 -1000 -10 -0.718157
Pedestrian -1 -1 -10 300 105 377 247-1 -1 -1 -1000 -1000 -1000 -10 -0.815412
Pedestrian -1 -1 -10 1 17 64 192-1 -1 -1 -1000 -1000 -1000 -10 -0.93722
Pedestrian -1 -1 -10 884 155 943 223-1 -1 -1 -1000 -1000 -1000 -10 -0.969244
Pedestrian -1 -1 -10 149 85 211 200-1 -1 -1 -1000 -1000 -1000 -10 -0.991609
