Pedestrian -1 -1 -10 1 168 56 320-1 -1 -1 -1000 -1000 -1000 -10 0.799829
Pedestrian -1 -1 -10 1 159 79 375-1 -1 -1 -1000 -1000 -1000 -10 -0.315126
Pedestrian -1 -1 -10 729 223 802 306-1 -1 -1 -1000 -1000 -1000 -10 -0.766248
Pedestrian -1 -1 -10 329 35 373 158-1 -1 -1 -1000 -1000 -1000 -10 -0.841948
Pedestrian -1 -1 -10 1 46 317 375-1 -1 -1 -1000 -1000 -1000 -10 -0.856111
Pedestrian -1 -1 -10 1165 165 1242 283-1 -1 -1 -1000 -1000 -1000 -10 -0.896893
Pedestrian -1 -1 -10 300 92 351 234-1 -1 -1 -1000 -1000 -1000 -10 -0.907372
Pedestrian -1 -1 -10 487 149 560 232-1 -1 -1 -1000 -1000 -1000 -10 -0.922342
Pedestrian -1 -1 -10 413 86 485 218-1 -1 -1 -1000 -1000 -1000 -10 -0.940353
Pedestrian -1 -1 -10 813 110 897 206-1 -1 -1 -1000 -1000 -1000 -10 -0.992164
Pedestrian -1 -1 -10 370 104 420 197-1 -1 -1 -1000 -1000 -1000 -10 -0.999135
