Pedestrian -1 -1 -10 365 178 403 285-1 -1 -1 -1000 -1000 -1000 -10 2.30328
Pedestrian -1 -1 -10 920 157 956 257-1 -1 -1 -1000 -1000 -1000 -10 -0.265154
Pedestrian -1 -1 -10 104 1 240 375-1 -1 -1 -1000 -1000 -1000 -10 -0.347979
Pedestrian -1 -1 -10 1067 170 1140 253-1 -1 -1 -1000 -1000 -1000 -10 -0.764903
Pedestrian -1 -1 -10 310 27 360 120-1 -1 -1 -1000 -1000 -1000 -10 -0.796212
Pedestrian -1 -1 -10 902 139 965 212-1 -1 -1 -1000 -1000 -1000 -10 -0.826818
Pedestrian -1 -1 -10 817 121 864 208-1 -1 -1 -1000 -1000 -1000 -10 -0.836156
Pedestrian -1 -1 -10 1073 89 1104 176-1 -1 -1 -1000 -1000 -1000 -10 -0.893926
Pedestrian -1 -1 -10 359 135 418 298-1 -1 -1 -1000 -1000 -1000 -10 -0.899353
Pedestrian -1 -1 -10 1129 81 1160 168-1 -1 -1 -1000 -1000 -1000 -10 -0.936594
Pedestrian -1 -1 -10 277 93 350 294-1 -1 -1 -1000 -1000 -1000 -10 -0.95764
Pedestrian -1 -1 -10 826 147 874 279-1 -1 -1 -1000 -1000 -1000 -10 -0.986238
