Pedestrian -1 -1 -10 1045 129 1113 207-1 -1 -1 -1000 -1000 -1000 -10 -0.439377
Pedestrian -1 -1 -10 1019 114 1154 362-1 -1 -1 -1000 -1000 -1000 -10 -0.440022
Pedestrian -1 -1 -10 285 61 344 224-1 -1 -1 -1000 -1000 -1000 -10 -0.513273
Pedestrian -1 -1 -10 353 97 384 184-1 -1 -1 -1000 -1000 -1000 -10 -0.624236
Pedestrian -1 -1 -10 886 86 970 182-1 -1 -1 -1000 -1000 -1000 -10 -0.681386
Pedestrian -1 -1 -10 449 121 504 184-1 -1 -1 -1000 -1000 -1000 -10 -0.707294
Pedestrian -1 -1 -10 257 113 288 200-1 -1 -1 -1000 -1000 -1000 -10 -0.732876
Pedestrian -1 -1 -10 1004 10 1037 103-1 -1 -1 -1000 -1000 -1000 -10 -0.760473
Pedestrian -1 -1 -10 753 1 801 133-1 -1 -1 -1000 -1000 -1000 -10 -0.837485
Pedestrian -1 -1 -10 687 85 728 200-1 -1 -1 -1000 -1000 -1000 -10 -0.842762
Pedestrian -1 -1 -10 1203 90 1241 197-1 -1 -1 -1000 -1000 -1000 -10 -0.865337
Pedestrian -1 -1 -10 198 318 257 375-1 -1 -1 -1000 -1000 -1000 -10 -0.870433
Pedestrian -1 -1 -10 103 125 147 248-1 -1 -1 -1000 -1000 -1000 -10 -0.884784
Pedestrian -1 -1 -10 425 98 509 194-1 -1 -1 -1000 -1000 -1000 -10 -0.911102
Pedestrian -1 -1 -10 1144 1 1222 91-1 -1 -1 -1000 -1000 -1000 -10 -0.957637
Pedestrian -1 -1 -10 893 1 1012 137-1 -1 -1 -1000 -1000 -1000 -10 -0.995212
Pedestrian -1 -1 -10 1085 240 1213 375-1 -1 -1 -1000 -1000 -1000 -10 -0.999306
