Pedestrian -1 -1 -10 1184 131 1235 273-1 -1 -1 -1000 -1000 -1000 -10 -0.379045
Pedestrian -1 -1 -10 119 1 197 217-1 -1 -1 -1000 -1000 -1000 -10 -0.508008
Pedestrian -1 -1 -10 850 1 928 91-1 -1 -1 -1000 -1000 -1000 -10 -0.615579
Pedestrian -1 -1 -10 976 168 1031 320-1 -1 -1 -1000 -1000 -1000 -10 -0.656219
Pedestrian -1 -1 -10 696 147 746 240-1 -1 -1 -1000 -1000 -1000 -10 -0.697709
Pedestrian -1 -1 -10 1032 168 1087 320-1 -1 -1 -1000 -1000 -1000 -10 -0.716014
Pedestrian -1 -1 -10 433 137 464 224-1 -1 -1 -1000 -1000 -1000 -10 -0.718385
Pedestrian -1 -1 -10 781 147 831 240-1 -1 -1 -1000 -1000 -1000 -10 -0.758337
Pedestrian -1 -1 -10 793 313 824 375-1 -1 -1 -1000 -1000 -1000 -10 -0.768944
Pedestrian -1 -1 -10 352 80 419 203-1 -1 -1 -1000 -1000 -1000 -10 -0.778391
Pedestrian -1 -1 -10 1227 78 1242 171-1 -1 -1 -1000 -1000 -1000 -10 -0.784124
Pedestrian -1 -1 -10 349 140 446 250-1 -1 -1 -1000 -1000 -1000 -10 -0.806348
Pedestrian -1 -1 -10 1209 65 1242 128-1 -1 -1 -1000 -1000 -1000 -10 -0.833775
Pedestrian -1 -1 -10 1158 79 1235 221-1 -1 -1 -1000 -1000 -1000 -10 -0.841577
Pedestrian -1 -1 -10 1171 53 1242 338-1 -1 -1 -1000 -1000 -1000 -10 -0.858467
Pedestrian -1 -1 -10 816 1 860 124-1 -1 -1 -1000 -1000 -1000 -10 -0.872709
Pedestrian -1 -1 -10 97 1 224 352-1 -1 -1 -1000 -1000 -1000 -10 -0.922945
Pedestrian -1 -1 -10 1075 306 1143 375-1 -1 -1 -1000 -1000 -1000 -10 -0.936903
Pedestrian -1 -1 -10 873 321 928 375-1 -1 -1 -1000 -1000 -1000 -10 -0.988603
Pedestrian -1 -1 -10 966 119 1044 335-1 -1 -1 -1000 -1000 -1000 -10 -0.991045
Pedestrian -1 -1 -10 1073 95 1132 163-1 -1 -1 -1000 -1000 -1000 -10 -0.998386
