Pedestrian -1 -1 -10 505 161 560 224-1 -1 -1 -1000 -1000 -1000 -10 -0.35707
Pedestrian -1 -1 -10 1 57 56 209-1 -1 -1 -1000 -1000 -1000 -10 -0.547571
Pedestrian -1 -1 -10 339 1 494 286-1 -1 -1 -1000 -1000 -1000 -10 -0.565688
Pedestrian -1 -1 -10 65 1 192 352-1 -1 -1 -1000 -1000 -1000 -10 -0.671533
Pedestrian -1 -1 -10 1213 210 1242 362-1 -1 -1 -1000 -1000 -1000 -10 -0.744667
Pedestrian -1 -1 -10 601 129 632 216-1 -1 -1 -1000 -1000 -1000 -10 -0.812781
Pedestrian -1 -1 -10 1019 12 1097 102-1 -1 -1 -1000 -1000 -1000 -10 -0.812962
Pedestrian -1 -1 -10 185 10 221 110-1 -1 -1 -1000 -1000 -1000 -10 -0.822968
Pedestrian -1 -1 -10 1097 249 1128 336-1 -1 -1 -1000 -1000 -1000 -10 -0.840809
Pedestrian -1 -1 -10 277 139 345 217-1 -1 -1 -1000 -1000 -1000 -10 -0.85021
Pedestrian -1 -1 -10 1 60 79 276-1 -1 -1 -1000 -1000 -1000 -10 -0.853398
Pedestrian -1 -1 -10 1013 318 1072 375-1 -1 -1 -1000 -1000 -1000 -10 -0.881932
Pedestrian -1 -1 -10 553 137 608 200-1 -1 -1 -1000 -1000 -1000 -10 -0.891553
Pedestrian -1 -1 -10 1152 265 1214 375-1 -1 -1 -1000 -1000 -1000 -10 -0.924673
Pedestrian -1 -1 -10 1065 193 1112 280-1 -1 -1 -1000 -1000 -1000 -10 -0.943868
Pedestrian -1 -1 -10 612 139 680 217-1 -1 -1 -1000 -1000 -1000 -10 -0.953715
Pedestrian -1 -1 -10 465 313 520 375-1 -1 -1 -1000 -1000 -1000 -10 -0.954967
Pedestrian -1 -1 -10 962 233 1024 348-1 -1 -1 -1000 -1000 -1000 -10 -0.972212
