Pedestrian -1 -1 -10 552 1 625 202-1 -1 -1 -1000 -1000 -1000 -10 -0.0782833
Pedestrian -1 -1 -10 352 35 396 158-1 -1 -1 -1000 -1000 -1000 -10 -0.419443
Pedestrian -1 -1 -10 1129 153 1160 240-1 -1 -1 -1000 -1000 -1000 -10 -0.636853
Pedestrian -1 -1 -10 661 104 711 197-1 -1 -1 -1000 -1000 -1000 -10 -0.652152
Pedestrian -1 -1 -10 1136 105 1195 268-1 -1 -1 -1000 -1000 -1000 -10 -0.789358
Pedestrian -1 -1 -10 1017 113 1048 200-1 -1 -1 -1000 -1000 -1000 -10 -0.943346
Pedestrian -1 -1 -10 1056 110 1104 242-1 -1 -1 -1000 -1000 -1000 -10 -0.944967
Pedestrian -1 -1 -10 937 137 992 200-1 -1 -1 -1000 -1000 -1000 -10 -0.969366
Pedestrian -1 -1 -10 813 122 885 254-1 -1 -1 -1000 -1000 -1000 -10 -0.969824
Pedestrian -1 -1 -10 634 64 696 179-1 -1 -1 -1000 -1000 -1000 -10 -0.983745
