Pedestrian -1 -1 -10 433 102 469 202-1 -1 -1 -1000 -1000 -1000 -10 -0.387633
Pedestrian -1 -1 -10 323 75 359 175-1 -1 -1 -1000 -1000 -1000 -10 -0.646303
Pedestrian -1 -1 -10 147 241 206 309-1 -1 -1 -1000 -1000 -1000 -10 -0.697301
Pedestrian -1 -1 -10 335 112 390 264-1 -1 -1 -1000 -1000 -1000 -10 -0.745731
Pedestrian -1 -1 -10 750 119 818 197-1 -1 -1 -1000 -1000 -1000 -10 -0.789823
Pedestrian -1 -1 -10 793 24 860 147-1 -1 -1 -1000 -1000 -1000 -10 -0.834527
Pedestrian -1 -1 -10 40 248 130 351-1 -1 -1 -1000 -1000 -1000 -10 -0.850964
Pedestrian -1 -1 -10 449 145 480 232-1 -1 -1 -1000 -1000 -1000 -10 -0.859402
Pedestrian -1 -1 -10 845 96 886 211-1 -1 -1 -1000 -1000 -1000 -10 -0.901271
Pedestrian -1 -1 -10 404 105 494 208-1 -1 -1 -1000 -1000 -1000 -10 -0.905799
Pedestrian -1 -1 -10 99 154 196 264-1 -1 -1 -1000 -1000 -1000 -10 -0.981765
