Pedestrian -1 -1 -10 653 112 703 205-1 -1 -1 -1000 -1000 -1000 -10 -0.272754
Pedestrian -1 -1 -10 9 97 40 184-1 -1 -1 -1000 -1000 -1000 -10 -0.452158
Pedestrian -1 -1 -10 895 295 973 375-1 -1 -1 -1000 -1000 -1000 -10 -0.476181
Pedestrian -1 -1 -10 408 46 724 375-1 -1 -1 -1000 -1000 -1000 -10 -0.520316
Pedestrian -1 -1 -10 721 138 960 375-1 -1 -1 -1000 -1000 -1000 -10 -0.601089
Pedestrian -1 -1 -10 819 19 882 92-1 -1 -1 -1000 -1000 -1000 -10 -0.628936
Pedestrian -1 -1 -10 301 87 334 180-1 -1 -1 -1000 -1000 -1000 -10 -0.639227
Pedestrian -1 -1 -10 361 9 408 96-1 -1 -1 -1000 -1000 -1000 -10 -0.729072
Pedestrian -1 -1 -10 222 1 442 375-1 -1 -1 -1000 -1000 -1000 -10 -0.746863
Pedestrian -1 -1 -10 1 99 59 206-1 -1 -1 -1000 -1000 -1000 -10 -0.763147
Pedestrian -1 -1 -10 1012 1 1085 202-1 -1 -1 -1000 -1000 -1000 -10 -0.763703
Pedestrian -1 -1 -10 112 57 195 209-1 -1 -1 -1000 -1000 -1000 -10 -0.775451
Pedestrian -1 -1 -10 46 61 135 224-1 -1 -1 -1000 -1000 -1000 -10 -0.795398
Pedestrian -1 -1 -10 1 1 97 267-1 -1 -1 -1000 -1000 -1000 -10 -0.832325
Pedestrian -1 -1 -10 172 78 231 146-1 -1 -1 -1000 -1000 -1000 -10 -0.85725
Pedestrian -1 -1 -10 680 25 825 291-1 -1 -1 -1000 -1000 -1000 -10 -0.911075
Pedestrian -1 -1 -10 1 1 253 375-1 -1 -1 -1000 -1000 -1000 -10 -0.920033
Pedestrian -1 -1 -10 923 37 971 169-1 -1 -1 -1000 -1000 -1000 -10 -0.972599
