Pedestrian -1 -1 -10 497 105 528 192-1 -1 -1 -1000 -1000 -1000 -10 -0.308255
Pedestrian -1 -1 -10 18 95 51 188-1 -1 -1 -1000 -1000 -1000 -10 -0.445338
Pedestrian -1 -1 -10 419 76 522 194-1 -1 -1 -1000 -1000 -1000 -10 -0.467018
Pedestrian -1 -1 -10 97 49 160 224-1 -1 -1 -1000 -1000 -1000 -10 -0.511848
Pedestrian -1 -1 -10 1 130 34 223-1 -1 -1 -1000 -1000 -1000 -10 -0.538077
Pedestrian -1 -1 -10 1049 102 1103 202-1 -1 -1 -1000 -1000 -1000 -10 -0.578022
Pedestrian -1 -1 -10 638 66 728 169-1 -1 -1 -1000 -1000 -1000 -10 -0.822411
Pedestrian -1 -1 -10 1021 1 1075 101-1 -1 -1 -1000 -1000 -1000 -10 -0.844394
Pedestrian -1 -1 -10 716 86 800 182-1 -1 -1 -1000 -1000 -1000 -10 -0.874058
Pedestrian -1 -1 -10 171 1 215 124-1 -1 -1 -1000 -1000 -1000 -10 -0.891244
Pedestrian -1 -1 -10 977 41 1024 128-1 -1 -1 -1000 -1000 -1000 -10 -0.918823
Pedestrian -1 -1 -10 1015 131 1105 234-1 -1 -1 -1000 -1000 -1000 -10 -0.984186
Pedestrian -1 -1 -10 688 31 747 194-1 -1 -1 -1000 -1000 -1000 -10 -0.999869
