Pedestrian -1 -1 -10 49 113 80 200-1 -1 -1 -1000 -1000 -1000 -10 -0.199697
Pedestrian -1 -1 -10 793 145 824 232-1 -1 -1 -1000 -1000 -1000 -10 -0.583719
Pedestrian -1 -1 -10 70 130 129 198-1 -1 -1 -1000 -1000 -1000 -10 -0.627266
Pedestrian -1 -1 -10 215 130 274 198-1 -1 -1 -1000 -1000 -1000 -10 -0.88203
Pedestrian -1 -1 -10 653 275 712 343-1 -1 -1 -1000 -1000 -1000 -10 -0.890687
Pedestrian -1 -1 -10 789 98 837 230-1 -1 -1 -1000 -1000 -1000 -10 -0.891267
Pedestrian -1 -1 -10 60 80 118 187-1 -1 -1 -1000 -1000 -1000 -10 -0.910534
Pedestrian -1 -1 -10 601 257 632 344-1 -1 -1 -1000 -1000 -1000 -10 -0.916028
Pedestrian -1 -1 -10 1064 52 1114 145-1 -1 -1 -1000 -1000 -1000 -10 -0.979151
Pedestrian -1 -1 -10 672 111 708 211-1 -1 -1 -1000 -1000 -1000 -10 -0.993677
