Pedestrian -1 -1 -10 1184 121 1217 214-1 -1 -1 -1000 -1000 -1000 -10 -0.243386
Pedestrian -1 -1 -10 626 84 662 184-1 -1 -1 -1000 -1000 -1000 -10 -0.530695
Pedestrian -1 -1 -10 1124 87 1183 155-1 -1 -1 -1000 -1000 -1000 -10 -0.554368
Pedestrian -1 -1 -10 625 53 702 195-1 -1 -1 -1000 -1000 -1000 -10 -0.673921
Pedestrian -1 -1 -10 568 31 746 358-1 -1 -1 -1000 -1000 -1000 -10 -0.68613
Pedestrian -1 -1 -10 1173 117 1235 232-1 -1 -1 -1000 -1000 -1000 -10 -0.746916
Pedestrian -1 -1 -10 917 159 975 266-1 -1 -1 -1000 -1000 -1000 -10 -0.84483
Pedestrian -1 -1 -10 316 109 384 187-1 -1 -1 -1000 -1000 -1000 -10 -0.895249
Pedestrian -1 -1 -10 1210 275 1242 368-1 -1 -1 -1000 -1000 -1000 -10 -0.94869
Pedestrian -1 -1 -10 970 233 1020 326-1 -1 -1 -1000 -1000 -1000 -10 -0.975432
Pedestrian -1 -1 -10 1129 74 1213 170-1 -1 -1 -1000 -1000 -1000 -10 -0.981637
