Pedestrian -1 -1 -10 25 49 56 136-1 -1 -1 -1000 -1000 -1000 -10 -0.462799
Pedestrian -1 -1 -10 817 57 848 144-1 -1 -1 -1000 -1000 -1000 -10 -0.5
Pedestrian -1 -1 -10 117 85 158 200-1 -1 -1 -1000 -1000 -1000 -10 -0.512034
Pedestrian -1 -1 -10 10 75 46 175-1 -1 -1 -1000 -1000 -1000 -10 -0.526127
Pedestrian -1 -1 -10 1144 1 1222 217-1 -1 -1 -1000 -1000 -1000 -10 -0.556229
Pedestrian -1 -1 -10 791 47 845 147-1 -1 -1 -1000 -1000 -1000 -10 -0.688546
Pedestrian -1 -1 -10 665 105 696 192-1 -1 -1 -1000 -1000 -1000 -10 -0.695621
Pedestrian -1 -1 -10 1 117 42 232-1 -1 -1 -1000 -1000 -1000 -10 -0.737407
Pedestrian -1 -1 -10 1049 1 1177 147-1 -1 -1 -1000 -1000 -1000 -10 -0.737423
Pedestrian -1 -1 -10 827 80 905 170-1 -1 -1 -1000 -1000 -1000 -10 -0.758159
Pedestrian -1 -1 -10 267 293 326 361-1 -1 -1 -1000 -1000 -1000 -10 -0.784119
Pedestrian -1 -1 -10 502 43 557 195-1 -1 -1 -1000 -1000 -1000 -10 -0.789314
Pedestrian -1 -1 -10 577 1 768 352-1 -1 -1 -1000 -1000 -1000 -10 -0.810847
Pedestrian -1 -1 -10 1020 25 1068 157-1 -1 -1 -1000 -1000 -1000 -10 -0.829673
Pedestrian -1 -1 -10 833 10 866 103-1 -1 -1 -1000 -1000 -1000 -10 -0.855089
Pedestrian -1 -1 -10 748 35 826 125-1 -1 -1 -1000 -1000 -1000 -10 -0.880951
Pedestrian -1 -1 -10 867 61 970 179-1 -1 -1 -1000 -1000 -1000 -10 -0.943657
Pedestrian -1 -1 -10 145 97 176 184-1 -1 -1 -1000 -1000 -1000 -10 -0.962623
Pedestrian -1 -1 -10 316 1 591 315-1 -1 -1 -1000 -1000 -1000 -10 -0.967275
Pedestrian -1 -1 -10 1046 1 1242 239-1 -1 -1 -1000 -1000 -1000 -10 -0.990842
