Pedestrian -1 -1 -10 837 154 892 306-1 -1 -1 -1000 -1000 -1000 -10 0.694209
Pedestrian -1 -1 -10 809 119 887 335-1 -1 -1 -1000 -1000 -1000 -10 -0.46638
Pedestrian -1 -1 -10 207 112 240 205-1 -1 -1 -1000 -1000 -1000 -10 -0.607696
Pedestrian -1 -1 -10 543 267 601 370-1 -1 -1 -1000 -1000 -1000 -10 -0.616622
Pedestrian -1 -1 -10 1 78 34 171-1 -1 -1 -1000 -1000 -1000 -10 -0.682038
Pedestrian -1 -1 -10 27 87 86 155-1 -1 -1 -1000 -1000 -1000 -10 -0.727422
Pedestrian -1 -1 -10 578 261 645 370-1 -1 -1 -1000 -1000 -1000 -10 -0.737804
Pedestrian -1 -1 -10 340 159 384 282-1 -1 -1 -1000 -1000 -1000 -10 -0.773319
Pedestrian -1 -1 -10 295 203 358 276-1 -1 -1 -1000 -1000 -1000 -10 -0.789725
Pedestrian -1 -1 -10 1133 147 1183 240-1 -1 -1 -1000 -1000 -1000 -10 -0.798481
Pedestrian -1 -1 -10 381 223 454 306-1 -1 -1 -1000 -1000 -1000 -10 -0.80369
Pedestrian -1 -1 -10 497 304 560 370-1 -1 -1 -1000 -1000 -1000 -10 -0.806106
Pedestrian -1 -1 -10 54 64 127 147-1 -1 -1 -1000 -1000 -1000 -10 -0.820982
Pedestrian -1 -1 -10 304 195 388 291-1 -1 -1 -1000 -1000 -1000 -10 -0.823442
Pedestrian -1 -1 -10 809 49 856 136-1 -1 -1 -1000 -1000 -1000 -10 -0.863915
Pedestrian -1 -1 -10 1158 1 1209 143-1 -1 -1 -1000 -1000 -1000 -10 -0.883502
Pedestrian -1 -1 -10 1081 1 1112 88-1 -1 -1 -1000 -1000 -1000 -10 -0.884626
Pedestrian -1 -1 -10 644 87 694 180-1 -1 -1 -1000 -1000 -1000 -10 -0.89854
Pedestrian -1 -1 -10 113 129 144 216-1 -1 -1 -1000 -1000 -1000 -10 -0.930444
Pedestrian -1 -1 -10 470 1 524 101-1 -1 -1 -1000 -1000 -1000 -10 -0.940317
Pedestrian -1 -1 -10 1076 157 1130 257-1 -1 -1 -1000 -1000 -1000 -10 -0.945277
Pedestrian -1 -1 -10 1 40 52 182-1 -1 -1 -1000 -1000 -1000 -10 -0.973792
Pedestrian -1 -1 -10 996 155 1064 343-1 -1 -1 -1000 -1000 -1000 -10 -0.97759
Pedestrian -1 -1 -10 709 120 763 220-1 -1 -1 -1000 -1000 -1000 -10 -0.987352
Pedestrian -1 -1 -10 1098 130 1148 223-1 -1 -1 -1000 -1000 -1000 -10 -0.999091
