Pedestrian -1 -1 -10 817 193 928 320-1 -1 -1 -1000 -1000 -1000 -10 -0.291431
Pedestrian -1 -1 -10 451 111 487 211-1 -1 -1 -1000 -1000 -1000 -10 -0.32763
Pedestrian -1 -1 -10 1204 170 1242 285-1 -1 -1 -1000 -1000 -1000 -10 -0.343028
Pedestrian -1 -1 -10 1081 257 1112 344-1 -1 -1 -1000 -1000 -1000 -10 -0.531602
Pedestrian -1 -1 -10 541 95 574 188-1 -1 -1 -1000 -1000 -1000 -10 -0.549471
Pedestrian -1 -1 -10 794 170 845 312-1 -1 -1 -1000 -1000 -1000 -10 -0.635559
Pedestrian -1 -1 -10 1185 126 1240 278-1 -1 -1 -1000 -1000 -1000 -10 -0.646338
Pedestrian -1 -1 -10 462 86 510 218-1 -1 -1 -1000 -1000 -1000 -10 -0.699183
Pedestrian -1 -1 -10 265 43 306 158-1 -1 -1 -1000 -1000 -1000 -10 -0.845027
Pedestrian -1 -1 -10 798 1 848 94-1 -1 -1 -1000 -1000 -1000 -10 -0.866394
Pedestrian -1 -1 -10 1 1 147 375-1 -1 -1 -1000 -1000 -1000 -10 -0.909763
Pedestrian -1 -1 -10 782 64 865 295-1 -1 -1 -1000 -1000 -1000 -10 -0.954926
Pedestrian -1 -1 -10 601 113 632 200-1 -1 -1 -1000 -1000 -1000 -10 -0.960477
Pedestrian -1 -1 -10 293 52 343 145-1 -1 -1 -1000 -1000 -1000 -10 -0.962278
Pedestrian -1 -1 -10 846 1 1102 294-1 -1 -1 -1000 -1000 -1000 -10 -0.986328
Pedestrian -1 -1 -10 535 98 583 230-1 -1 -1 -1000 -1000 -1000 -10 -0.995852
Pedestrian -1 -1 -10 498 50 570 182-1 -1 -1 -1000 -1000 -1000 -10 -0.996087
