Pedestrian -1 -1 -10 365 1 461 267-1 -1 -1 -1000 -1000 -1000 -10 -0.258658
Pedestrian -1 -1 -10 464 87 532 275-1 -1 -1 -1000 -1000 -1000 -10 -0.432461
Pedestrian -1 -1 -10 377 238 460 375-1 -1 -1 -1000 -1000 -1000 -10 -0.655771
Pedestrian -1 -1 -10 598 31 687 194-1 -1 -1 -1000 -1000 -1000 -10 -0.679057
Pedestrian -1 -1 -10 850 104 883 197-1 -1 -1 -1000 -1000 -1000 -10 -0.681151
Pedestrian -1 -1 -10 1001 9 1048 96-1 -1 -1 -1000 -1000 -1000 -10 -0.78986
Pedestrian -1 -1 -10 560 107 622 222-1 -1 -1 -1000 -1000 -1000 -10 -0.824474
Pedestrian -1 -1 -10 233 169 288 232-1 -1 -1 -1000 -1000 -1000 -10 -0.836421
Pedestrian -1 -1 -10 1078 22 1151 105-1 -1 -1 -1000 -1000 -1000 -10 -0.850335
Pedestrian -1 -1 -10 721 121 754 214-1 -1 -1 -1000 -1000 -1000 -10 -0.862124
Pedestrian -1 -1 -10 764 147 797 240-1 -1 -1 -1000 -1000 -1000 -10 -0.87251
Pedestrian -1 -1 -10 1064 1 1200 375-1 -1 -1 -1000 -1000 -1000 -10 -0.879368
Pedestrian -1 -1 -10 1035 22 1076 137-1 -1 -1 -1000 -1000 -1000 -10 -0.907568
Pedestrian -1 -1 -10 888 180 961 263-1 -1 -1 -1000 -1000 -1000 -10 -0.918922
Pedestrian -1 -1 -10 1189 134 1242 266-1 -1 -1 -1000 -1000 -1000 -10 -0.947711
Pedestrian -1 -1 -10 516 99 599 251-1 -1 -1 -1000 -1000 -1000 -10 -0.953452
Pedestrian -1 -1 -10 1003 102 1039 202-1 -1 -1 -1000 -1000 -1000 -10 -0.954007
Pedestrian -1 -1 -10 1 1 296 338-1 -1 -1 -1000 -1000 -1000 -10 -0.975413
Pedestrian -1 -1 -10 947 139 985 246-1 -1 -1 -1000 -1000 -1000 -10 -0.997005
