Pedestrian -1 -1 -10 978 190 1097 326-1 -1 -1 -1000 -1000 -1000 -10 0.147487
Pedestrian -1 -1 -10 785 241 816 328-1 -1 -1 -1000 -1000 -1000 -10 -0.236712
Pedestrian -1 -1 -10 1189 1 1233 124-1 -1 -1 -1000 -1000 -1000 -10 -0.495485
Pedestrian -1 -1 -10 907 80 965 187-1 -1 -1 -1000 -1000 -1000 -10 -0.51236
Pedestrian -1 -1 -10 1136 1 1195 164-1 -1 -1 -1000 -1000 -1000 -10 -0.56974
Pedestrian -1 -1 -10 851 266 948 375-1 -1 -1 -1000 -1000 -1000 -10 -0.699639
Pedestrian -1 -1 -10 661 10 720 78-1 -1 -1 -1000 -1000 -1000 -10 -0.729037
Pedestrian -1 -1 -10 1074 1 1129 153-1 -1 -1 -1000 -1000 -1000 -10 -0.813341
Pedestrian -1 -1 -10 424 1 478 101-1 -1 -1 -1000 -1000 -1000 -10 -0.821915
Pedestrian -1 -1 -10 617 93 671 193-1 -1 -1 -1000 -1000 -1000 -10 -0.836946
Pedestrian -1 -1 -10 1104 1 1162 108-1 -1 -1 -1000 -1000 -1000 -10 -0.841569
Pedestrian -1 -1 -10 976 99 1059 251-1 -1 -1 -1000 -1000 -1000 -10 -0.850669
Pedestrian -1 -1 -10 748 92 838 340-1 -1 -1 -1000 -1000 -1000 -10 -0.898547
Pedestrian -1 -1 -10 486 50 558 182-1 -1 -1 -1000 -1000 -1000 -10 -0.913288
Pedestrian -1 -1 -10 222 1 276 101-1 -1 -1 -1000 -1000 -1000 -10 -0.992321
