Pedestrian -1 -1 -10 257 129 320 304-1 -1 -1 -1000 -1000 -1000 -10 -0.16363
Pedestrian -1 -1 -10 430 190 463 283-1 -1 -1 -1000 -1000 -1000 -10 -0.286883
Pedestrian -1 -1 -10 772 159 813 274-1 -1 -1 -1000 -1000 -1000 -10 -0.401193
Pedestrian -1 -1 -10 534 92 585 234-1 -1 -1 -1000 -1000 -1000 -10 -0.44466
Pedestrian -1 -1 -10 378 104 411 197-1 -1 -1 -1000 -1000 -1000 -10 -0.55311
Pedestrian -1 -1 -10 102 148 156 248-1 -1 -1 -1000 -1000 -1000 -10 -0.564205
Pedestrian -1 -1 -10 409 89 456 176-1 -1 -1 -1000 -1000 -1000 -10 -0.661005
Pedestrian -1 -1 -10 201 137 256 200-1 -1 -1 -1000 -1000 -1000 -10 -0.754093
Pedestrian -1 -1 -10 464 135 567 253-1 -1 -1 -1000 -1000 -1000 -10 -0.840735
Pedestrian -1 -1 -10 876 207 926 300-1 -1 -1 -1000 -1000 -1000 -10 -0.860704
Pedestrian -1 -1 -10 244 98 340 364-1 -1 -1 -1000 -1000 -1000 -10 -0.897218
Pedestrian -1 -1 -10 417 177 472 240-1 -1 -1 -1000 -1000 -1000 -10 -0.897796
Pedestrian -1 -1 -10 506 286 560 374-1 -1 -1 -1000 -1000 -1000 -10 -0.916179
Pedestrian -1 -1 -10 392 107 433 222-1 -1 -1 -1000 -1000 -1000 -10 -0.959428
Pedestrian -1 -1 -10 584 104 634 197-1 -1 -1 -1000 -1000 -1000 -10 -0.970316
Pedestrian -1 -1 -10 378 194 441 267-1 -1 -1 -1000 -1000 -1000 -10 -0.982842
Pedestrian -1 -1 -10 1099 202 1161 317-1 -1 -1 -1000 -1000 -1000 -10 -0.990278
