Pedestrian -1 -1 -10 27 183 104 325-1 -1 -1 -1000 -1000 -1000 -10 0.413804
Pedestrian -1 -1 -10 929 148 965 248-1 -1 -1 -1000 -1000 -1000 -10 -0.288165
Pedestrian -1 -1 -10 1045 40 1123 256-1 -1 -1 -1000 -1000 -1000 -10 -0.350598
Pedestrian -1 -1 -10 216 114 260 237-1 -1 -1 -1000 -1000 -1000 -10 -0.368662
Pedestrian -1 -1 -10 711 43 766 195-1 -1 -1 -1000 -1000 -1000 -10 -0.453438
Pedestrian -1 -1 -10 765 110 813 242-1 -1 -1 -1000 -1000 -1000 -10 -0.518025
Pedestrian -1 -1 -10 103 1 147 124-1 -1 -1 -1000 -1000 -1000 -10 -0.63916
Pedestrian -1 -1 -10 9 65 56 152-1 -1 -1 -1000 -1000 -1000 -10 -0.658063
Pedestrian -1 -1 -10 273 1 317 124-1 -1 -1 -1000 -1000 -1000 -10 -0.66438
Pedestrian -1 -1 -10 655 85 717 200-1 -1 -1 -1000 -1000 -1000 -10 -0.692287
Pedestrian -1 -1 -10 850 18 883 111-1 -1 -1 -1000 -1000 -1000 -10 -0.708987
Pedestrian -1 -1 -10 905 57 936 144-1 -1 -1 -1000 -1000 -1000 -10 -0.736111
Pedestrian -1 -1 -10 929 1 1086 181-1 -1 -1 -1000 -1000 -1000 -10 -0.756672
Pedestrian -1 -1 -10 130 155 163 248-1 -1 -1 -1000 -1000 -1000 -10 -0.790393
Pedestrian -1 -1 -10 46 114 136 362-1 -1 -1 -1000 -1000 -1000 -10 -0.811321
Pedestrian -1 -1 -10 838 13 886 145-1 -1 -1 -1000 -1000 -1000 -10 -0.811693
Pedestrian -1 -1 -10 219 1 315 267-1 -1 -1 -1000 -1000 -1000 -10 -0.830566
Pedestrian -1 -1 -10 375 109 413 216-1 -1 -1 -1000 -1000 -1000 -10 -0.855968
Pedestrian -1 -1 -10 433 89 464 176-1 -1 -1 -1000 -1000 -1000 -10 -0.871822
Pedestrian -1 -1 -10 1 145 32 232-1 -1 -1 -1000 -1000 -1000 -10 -0.927001
Pedestrian -1 -1 -10 837 1 1194 375-1 -1 -1 -1000 -1000 -1000 -10 -0.974873
Pedestrian -1 -1 -10 365 60 423 167-1 -1 -1 -1000 -1000 -1000 -10 -0.99339
