Pedestrian -1 -1 -10 1159 130 1209 223-1 -1 -1 -1000 -1000 -1000 -10 -0.649177
Pedestrian -1 -1 -10 661 90 719 197-1 -1 -1 -1000 -1000 -1000 -10 -0.654781
Pedestrian -1 -1 -10 837 111 873 211-1 -1 -1 -1000 -1000 -1000 -10 -0.689432
Pedestrian -1 -1 -10 885 14 936 156-1 -1 -1 -1000 -1000 -1000 -10 -0.703637
Pedestrian -1 -1 -10 1214 13 1242 145-1 -1 -1 -1000 -1000 -1000 -10 -0.75609
Pedestrian -1 -1 -10 592 85 887 375-1 -1 -1 -1000 -1000 -1000 -10 -0.757209
Pedestrian -1 -1 -10 961 284 1011 375-1 -1 -1 -1000 -1000 -1000 -10 -0.799712
Pedestrian -1 -1 -10 223 349 296 375-1 -1 -1 -1000 -1000 -1000 -10 -0.800511
Pedestrian -1 -1 -10 268 1 437 194-1 -1 -1 -1000 -1000 -1000 -10 -0.812878
Pedestrian -1 -1 -10 1008 114 1075 237-1 -1 -1 -1000 -1000 -1000 -10 -0.877344
Pedestrian -1 -1 -10 876 258 926 351-1 -1 -1 -1000 -1000 -1000 -10 -0.911094
Pedestrian -1 -1 -10 441 113 472 200-1 -1 -1 -1000 -1000 -1000 -10 -0.954966
Pedestrian -1 -1 -10 764 10 800 110-1 -1 -1 -1000 -1000 -1000 -10 -0.96751
