Pedestrian -1 -1 -10 635 102 671 202-1 -1 -1 -1000 -1000 -1000 -10 -0.571507
Pedestrian -1 -1 -10 1 119 79 335-1 -1 -1 -1000 -1000 -1000 -10 -0.61512
Pedestrian -1 -1 -10 1178 261 1242 375-1 -1 -1 -1000 -1000 -1000 -10 -0.6223
Pedestrian -1 -1 -10 1210 155 1242 248-1 -1 -1 -1000 -1000 -1000 -10 -0.738871
Pedestrian -1 -1 -10 789 37 837 169-1 -1 -1 -1000 -1000 -1000 -10 -0.740062
Pedestrian -1 -1 -10 1222 1 1242 108-1 -1 -1 -1000 -1000 -1000 -10 -0.74735
Pedestrian -1 -1 -10 188 70 246 177-1 -1 -1 -1000 -1000 -1000 -10 -0.757559
Pedestrian -1 -1 -10 1204 54 1242 169-1 -1 -1 -1000 -1000 -1000 -10 -0.793718
Pedestrian -1 -1 -10 1180 1 1239 164-1 -1 -1 -1000 -1000 -1000 -10 -0.840702
Pedestrian -1 -1 -10 572 50 630 157-1 -1 -1 -1000 -1000 -1000 -10 -0.844894
Pedestrian -1 -1 -10 497 129 528 216-1 -1 -1 -1000 -1000 -1000 -10 -0.846499
Pedestrian -1 -1 -10 1141 1 1237 267-1 -1 -1 -1000 -1000 -1000 -10 -0.859709
Pedestrian -1 -1 -10 716 86 764 218-1 -1 -1 -1000 -1000 -1000 -10 -0.872672
Pedestrian -1 -1 -10 653 78 686 171-1 -1 -1 -1000 -1000 -1000 -10 -0.911478
Pedestrian -1 -1 -10 628 43 683 195-1 -1 -1 -1000 -1000 -1000 -10 -0.913301
Pedestrian -1 -1 -10 1133 318 1192 375-1 -1 -1 -1000 -1000 -1000 -10 -0.915535
Pedestrian -1 -1 -10 281 257 336 320-1 -1 -1 -1000 -1000 -1000 -10 -0.919361
Pedestrian -1 -1 -10 266 140 321 292-1 -1 -1 -1000 -1000 -1000 -10 -0.929071
