Pedestrian -1 -1 -10 1194 149 1235 264-1 -1 -1 -1000 -1000 -1000 -10 -0.558714
Pedestrian -1 -1 -10 953 145 1000 232-1 -1 -1 -1000 -1000 -1000 -10 -0.74084
Pedestrian -1 -1 -10 144 79 221 221-1 -1 -1 -1000 -1000 -1000 -10 -0.761107
Pedestrian -1 -1 -10 281 49 336 112-1 -1 -1 -1000 -1000 -1000 -10 -0.825233
Pedestrian -1 -1 -10 370 112 403 205-1 -1 -1 -1000 -1000 -1000 -10 -0.855035
Pedestrian -1 -1 -10 828 109 896 187-1 -1 -1 -1000 -1000 -1000 -10 -0.869999
Pedestrian -1 -1 -10 217 121 272 184-1 -1 -1 -1000 -1000 -1000 -10 -0.879641
Pedestrian -1 -1 -10 336 119 404 197-1 -1 -1 -1000 -1000 -1000 -10 -0.900569
Pedestrian -1 -1 -10 947 277 1005 375-1 -1 -1 -1000 -1000 -1000 -10 -0.904674
Pedestrian -1 -1 -10 888 265 950 375-1 -1 -1 -1000 -1000 -1000 -10 -0.912101
Pedestrian -1 -1 -10 966 90 1004 197-1 -1 -1 -1000 -1000 -1000 -10 -0.924485
Pedestrian -1 -1 -10 1209 89 1240 176-1 -1 -1 -1000 -1000 -1000 -10 -0.943961
Pedestrian -1 -1 -10 1017 145 1048 232-1 -1 -1 -1000 -1000 -1000 -10 -0.94865
Pedestrian -1 -1 -10 1184 44 1242 112-1 -1 -1 -1000 -1000 -1000 -10 -0.962388
Pedestrian -1 -1 -10 884 121 943 189-1 -1 -1 -1000 -1000 -1000 -10 -0.979045
Pedestrian -1 -1 -10 1169 33 1232 208-1 -1 -1 -1000 -1000 -1000 -10 -0.982879
