Pedestrian -1 -1 -10 868 60 906 167-1 -1 -1 -1000 -1000 -1000 -10 -0.381561
Pedestrian -1 -1 -10 258 172 326 360-1 -1 -1 -1000 -1000 -1000 -10 -0.440297
Pedestrian -1 -1 -10 17 1 80 176-1 -1 -1 -1000 -1000 -1000 -10 -0.458894
Pedestrian -1 -1 -10 70 1 189 137-1 -1 -1 -1000 -1000 -1000 -10 -0.517397
Pedestrian -1 -1 -10 1076 1 1135 164-1 -1 -1 -1000 -1000 -1000 -10 -0.547894
Pedestrian -1 -1 -10 897 65 928 152-1 -1 -1 -1000 -1000 -1000 -10 -0.547921
Pedestrian -1 -1 -10 521 40 572 182-1 -1 -1 -1000 -1000 -1000 -10 -0.550885
Pedestrian -1 -1 -10 460 84 496 184-1 -1 -1 -1000 -1000 -1000 -10 -0.618914
Pedestrian -1 -1 -10 1 1 91 249-1 -1 -1 -1000 -1000 -1000 -10 -0.6199
Pedestrian -1 -1 -10 791 93 827 193-1 -1 -1 -1000 -1000 -1000 -10 -0.633676
Pedestrian -1 -1 -10 635 84 689 184-1 -1 -1 -1000 -1000 -1000 -10 -0.655473
Pedestrian -1 -1 -10 1 1 137 375-1 -1 -1 -1000 -1000 -1000 -10 -0.717803
Pedestrian -1 -1 -10 747 70 797 163-1 -1 -1 -1000 -1000 -1000 -10 -0.796664
Pedestrian -1 -1 -10 909 1 992 232-1 -1 -1 -1000 -1000 -1000 -10 -0.809171
Pedestrian -1 -1 -10 872 1 916 124-1 -1 -1 -1000 -1000 -1000 -10 -0.85345
Pedestrian -1 -1 -10 824 318 883 375-1 -1 -1 -1000 -1000 -1000 -10 -0.858233
Pedestrian -1 -1 -10 697 105 728 192-1 -1 -1 -1000 -1000 -1000 -10 -0.878747
Pedestrian -1 -1 -10 823 15 878 167-1 -1 -1 -1000 -1000 -1000 -10 -0.889585
Pedestrian -1 -1 -10 856 313 919 375-1 -1 -1 -1000 -1000 -1000 -10 -0.946643
Pedestrian -1 -1 -10 822 1 925 119-1 -1 -1 -1000 -1000 -1000 -10 -0.959193
Pedestrian -1 -1 -10 425 33 456 120-1 -1 -1 -1000 -1000 -1000 -10 -0.967922
Pedestrian -1 -1 -10 716 66 793 208-1 -1 -1 -1000 -1000 -1000 -10 -0.974284
Pedestrian -1 -1 -10 385 1 432 88-1 -1 -1 -1000 -1000 -1000 -10 -0.986062
Pedestrian -1 -1 -10 469 53 520 195-1 -1 -1 -1000 -1000 -1000 -10 -0.998264
