Pedestrian -1 -1 -10 1 1 39 108-1 -1 -1 -1000 -1000 -1000 -10 -0.0260725
Pedestrian -1 -1 -10 881 145 912 232-1 -1 -1 -1000 -1000 -1000 -10 -0.623494
Pedestrian -1 -1 -10 577 121 608 208-1 -1 -1 -1000 -1000 -1000 -10 -0.632037
Pedestrian -1 -1 -10 1105 97 1200 272-1 -1 -1 -1000 -1000 -1000 -10 -0.670985
Pedestrian -1 -1 -10 1001 161 1032 248-1 -1 -1 -1000 -1000 -1000 -10 -0.731697
Pedestrian -1 -1 -10 1045 149 1083 256-1 -1 -1 -1000 -1000 -1000 -10 -0.850689
Pedestrian -1 -1 -10 598 93 634 193-1 -1 -1 -1000 -1000 -1000 -10 -0.895776
Pedestrian -1 -1 -10 959 159 1043 255-1 -1 -1 -1000 -1000 -1000 -10 -0.904709
Pedestrian -1 -1 -10 18 27 68 120-1 -1 -1 -1000 -1000 -1000 -10 -0.938032
Pedestrian -1 -1 -10 1092 122 1237 375-1 -1 -1 -1000 -1000 -1000 -10 -0.945364
Pedestrian -1 -1 -10 740 75 813 158-1 -1 -1 -1000 -1000 -1000 -10 -0.95482
Pedestrian -1 -1 -10 846 47 909 120-1 -1 -1 -1000 -1000 -1000 -10 -0.969582
Pedestrian -1 -1 -10 905 137 936 224-1 -1 -1 -1000 -1000 -1000 -10 -0.99781
