Pedestrian -1 -1 -10 1 233 63 348-1 -1 -1 -1000 -1000 -1000 -10 -0.101325
Pedestrian -1 -1 -10 121 87 154 180-1 -1 -1 -1000 -1000 -1000 -10 -0.37994
Pedestrian -1 -1 -10 81 225 128 312-1 -1 -1 -1000 -1000 -1000 -10 -0.461432
Pedestrian -1 -1 -10 465 159 506 274-1 -1 -1 -1000 -1000 -1000 -10 -0.620757
Pedestrian -1 -1 -10 305 177 336 264-1 -1 -1 -1000 -1000 -1000 -10 -0.726021
Pedestrian -1 -1 -10 96 85 158 200-1 -1 -1 -1000 -1000 -1000 -10 -0.816226
Pedestrian -1 -1 -10 515 293 565 376-1 -1 -1 -1000 -1000 -1000 -10 -0.835979
Pedestrian -1 -1 -10 1227 121 1241 214-1 -1 -1 -1000 -1000 -1000 -10 -0.912798
Pedestrian -1 -1 -10 1210 164 1241 257-1 -1 -1 -1000 -1000 -1000 -10 -0.959819
Pedestrian -1 -1 -10 76 225 165 376-1 -1 -1 -1000 -1000 -1000 -10 -0.967833
