Pedestrian -1 -1 -10 510 69 554 192-1 -1 -1 -1000 -1000 -1000 -10 -0.246181
Pedestrian -1 -1 -10 777 25 861 121-1 -1 -1 -1000 -1000 -1000 -10 -0.433434
Pedestrian -1 -1 -10 852 76 911 239-1 -1 -1 -1000 -1000 -1000 -10 -0.594206
Pedestrian -1 -1 -10 487 96 528 211-1 -1 -1 -1000 -1000 -1000 -10 -0.725441
Pedestrian -1 -1 -10 73 129 104 216-1 -1 -1 -1000 -1000 -1000 -10 -0.753076
Pedestrian -1 -1 -10 421 112 454 205-1 -1 -1 -1000 -1000 -1000 -10 -0.773913
Pedestrian -1 -1 -10 773 172 806 265-1 -1 -1 -1000 -1000 -1000 -10 -0.817195
Pedestrian -1 -1 -10 87 18 155 206-1 -1 -1 -1000 -1000 -1000 -10 -0.818439
Pedestrian -1 -1 -10 598 1 1015 375-1 -1 -1 -1000 -1000 -1000 -10 -0.856011
Pedestrian -1 -1 -10 155 10 214 78-1 -1 -1 -1000 -1000 -1000 -10 -0.866932
Pedestrian -1 -1 -10 425 110 509 206-1 -1 -1 -1000 -1000 -1000 -10 -0.876987
Pedestrian -1 -1 -10 1178 1 1242 124-1 -1 -1 -1000 -1000 -1000 -10 -0.877312
Pedestrian -1 -1 -10 111 1 220 202-1 -1 -1 -1000 -1000 -1000 -10 -0.941728
Pedestrian -1 -1 -10 1080 1 1170 104-1 -1 -1 -1000 -1000 -1000 -10 -0.976669
