Pedestrian -1 -1 -10 205 295 283 375-1 -1 -1 -1000 -1000 -1000 -10 0.206466
Pedestrian -1 -1 -10 1073 33 1136 208-1 -1 -1 -1000 -1000 -1000 -10 -0.348587
Pedestrian -1 -1 -10 310 112 343 205-1 -1 -1 -1000 -1000 -1000 -10 -0.421168
Pedestrian -1 -1 -10 569 113 600 200-1 -1 -1 -1000 -1000 -1000 -10 -0.721293
Pedestrian -1 -1 -10 275 117 348 200-1 -1 -1 -1000 -1000 -1000 -10 -0.729115
Pedestrian -1 -1 -10 1185 1 1240 153-1 -1 -1 -1000 -1000 -1000 -10 -0.775094
Pedestrian -1 -1 -10 119 159 236 375-1 -1 -1 -1000 -1000 -1000 -10 -0.792406
Pedestrian -1 -1 -10 289 193 400 320-1 -1 -1 -1000 -1000 -1000 -10 -0.806819
Pedestrian -1 -1 -10 534 66 624 169-1 -1 -1 -1000 -1000 -1000 -10 -0.915739
Pedestrian -1 -1 -10 963 80 1007 203-1 -1 -1 -1000 -1000 -1000 -10 -0.954946
Pedestrian -1 -1 -10 996 1 1029 94-1 -1 -1 -1000 -1000 -1000 -10 -0.957083
Pedestrian -1 -1 -10 1121 65 1242 320-1 -1 -1 -1000 -1000 -1000 -10 -0.990149
