Pedestrian -1 -1 -10 764 1 800 101-1 -1 -1 -1000 -1000 -1000 -10 -0.405961
Pedestrian -1 -1 -10 29 224 84 375-1 -1 -1 -1000 -1000 -1000 -10 -0.594523
Pedestrian -1 -1 -10 365 178 433 256-1 -1 -1 -1000 -1000 -1000 -10 -0.669926
Pedestrian -1 -1 -10 430 40 507 182-1 -1 -1 -1000 -1000 -1000 -10 -0.706768
Pedestrian -1 -1 -10 345 113 392 200-1 -1 -1 -1000 -1000 -1000 -10 -0.760428
Pedestrian -1 -1 -10 523 1 581 108-1 -1 -1 -1000 -1000 -1000 -10 -0.782649
Pedestrian -1 -1 -10 335 61 368 154-1 -1 -1 -1000 -1000 -1000 -10 -0.785699
Pedestrian -1 -1 -10 837 31 896 194-1 -1 -1 -1000 -1000 -1000 -10 -0.826986
Pedestrian -1 -1 -10 120 1 209 164-1 -1 -1 -1000 -1000 -1000 -10 -0.837341
Pedestrian -1 -1 -10 241 193 352 320-1 -1 -1 -1000 -1000 -1000 -10 -0.884249
Pedestrian -1 -1 -10 736 227 803 350-1 -1 -1 -1000 -1000 -1000 -10 -0.893462
Pedestrian -1 -1 -10 1 19 37 119-1 -1 -1 -1000 -1000 -1000 -10 -0.894293
Pedestrian -1 -1 -10 721 95 771 188-1 -1 -1 -1000 -1000 -1000 -10 -0.918115
Pedestrian -1 -1 -10 196 1 251 153-1 -1 -1 -1000 -1000 -1000 -10 -0.934356
Pedestrian -1 -1 -10 721 207 823 375-1 -1 -1 -1000 -1000 -1000 -10 -0.9544
Pedestrian -1 -1 -10 240 1 299 164-1 -1 -1 -1000 -1000 -1000 -10 -0.959067
Pedestrian -1 -1 -10 185 38 258 239-1 -1 -1 -1000 -1000 -1000 -10 -0.983285
