Pedestrian -1 -1 -10 995 62 1043 194-1 -1 -1 -1000 -1000 -1000 -10 -0.338998
Pedestrian -1 -1 -10 1201 104 1242 292-1 -1 -1 -1000 -1000 -1000 -10 -0.466183
Pedestrian -1 -1 -10 704 95 737 188-1 -1 -1 -1000 -1000 -1000 -10 -0.650245
Pedestrian -1 -1 -10 1209 41 1240 128-1 -1 -1 -1000 -1000 -1000 -10 -0.665515
Pedestrian -1 -1 -10 408 58 475 181-1 -1 -1 -1000 -1000 -1000 -10 -0.747537
Pedestrian -1 -1 -10 544 46 611 169-1 -1 -1 -1000 -1000 -1000 -10 -0.756328
Pedestrian -1 -1 -10 893 95 952 163-1 -1 -1 -1000 -1000 -1000 -10 -0.76033
Pedestrian -1 -1 -10 131 1 234 286-1 -1 -1 -1000 -1000 -1000 -10 -0.813359
Pedestrian -1 -1 -10 816 61 866 154-1 -1 -1 -1000 -1000 -1000 -10 -0.824103
Pedestrian -1 -1 -10 1189 1 1242 267-1 -1 -1 -1000 -1000 -1000 -10 -0.828266
Pedestrian -1 -1 -10 1 121 32 208-1 -1 -1 -1000 -1000 -1000 -10 -0.85
Pedestrian -1 -1 -10 1 119 69 197-1 -1 -1 -1000 -1000 -1000 -10 -0.891995
Pedestrian -1 -1 -10 601 1 634 94-1 -1 -1 -1000 -1000 -1000 -10 -0.927872
Pedestrian -1 -1 -10 697 43 752 195-1 -1 -1 -1000 -1000 -1000 -10 -0.959491
Pedestrian -1 -1 -10 464 1 523 69-1 -1 -1 -1000 -1000 -1000 -10 -0.962973
Pedestrian -1 -1 -10 747 10 797 103-1 -1 -1 -1000 -1000 -1000 -10 -0.969497
Pedestrian -1 -1 -10 1095 38 1131 138-1 -1 -1 -1000 -1000 -1000 -10 -0.980742
