Pedestrian -1 -1 -10 807 144 858 286-1 -1 -1 -1000 -1000 -1000 -10 0.156874
Pedestrian -1 -1 -10 634 1 717 232-1 -1 -1 -1000 -1000 -1000 -10 -0.63737
Pedestrian -1 -1 -10 254 170 316 285-1 -1 -1 -1000 -1000 -1000 -10 -0.645925
Pedestrian -1 -1 -10 349 159 390 274-1 -1 -1 -1000 -1000 -1000 -10 -0.694828
Pedestrian -1 -1 -10 791 130 864 331-1 -1 -1 -1000 -1000 -1000 -10 -0.787357
Pedestrian -1 -1 -10 530 280 627 370-1 -1 -1 -1000 -1000 -1000 -10 -0.807477
Pedestrian -1 -1 -10 153 89 200 176-1 -1 -1 -1000 -1000 -1000 -10 -0.838904
Pedestrian -1 -1 -10 702 103 746 226-1 -1 -1 -1000 -1000 -1000 -10 -0.901312
Pedestrian -1 -1 -10 947 1 985 108-1 -1 -1 -1000 -1000 -1000 -10 -0.92391
Pedestrian -1 -1 -10 487 297 560 370-1 -1 -1 -1000 -1000 -1000 -10 -0.927972
Pedestrian -1 -1 -10 387 231 450 304-1 -1 -1 -1000 -1000 -1000 -10 -0.928102
Pedestrian -1 -1 -10 421 155 480 223-1 -1 -1 -1000 -1000 -1000 -10 -0.941796
Pedestrian -1 -1 -10 301 198 351 291-1 -1 -1 -1000 -1000 -1000 -10 -0.987345
Pedestrian -1 -1 -10 745 111 781 211-1 -1 -1 -1000 -1000 -1000 -10 -0.995731
Pedestrian -1 -1 -10 1081 1 1114 94-1 -1 -1 -1000 -1000 -1000 -10 -0.997531
