Pedestrian -1 -1 -10 1 176 37 276-1 -1 -1 -1000 -1000 -1000 -10 -0.048099
Pedestrian -1 -1 -10 795 43 878 195-1 -1 -1 -1000 -1000 -1000 -10 -0.296269
Pedestrian -1 -1 -10 1 122 49 254-1 -1 -1 -1000 -1000 -1000 -10 -0.567089
Pedestrian -1 -1 -10 181 130 214 223-1 -1 -1 -1000 -1000 -1000 -10 -0.598972
Pedestrian -1 -1 -10 709 75 745 175-1 -1 -1 -1000 -1000 -1000 -10 -0.623929
Pedestrian -1 -1 -10 208 139 276 217-1 -1 -1 -1000 -1000 -1000 -10 -0.629893
Pedestrian -1 -1 -10 340 125 384 248-1 -1 -1 -1000 -1000 -1000 -10 -0.631409
Pedestrian -1 -1 -10 18 104 86 292-1 -1 -1 -1000 -1000 -1000 -10 -0.673034
Pedestrian -1 -1 -10 65 33 120 96-1 -1 -1 -1000 -1000 -1000 -10 -0.732409
Pedestrian -1 -1 -10 852 1 955 119-1 -1 -1 -1000 -1000 -1000 -10 -0.742266
Pedestrian -1 -1 -10 281 137 312 224-1 -1 -1 -1000 -1000 -1000 -10 -0.748899
Pedestrian -1 -1 -10 1141 147 1174 240-1 -1 -1 -1000 -1000 -1000 -10 -0.78577
Pedestrian -1 -1 -10 209 157 364 375-1 -1 -1 -1000 -1000 -1000 -10 -0.852749
Pedestrian -1 -1 -10 78 155 111 248-1 -1 -1 -1000 -1000 -1000 -10 -0.858826
Pedestrian -1 -1 -10 1017 1 1064 88-1 -1 -1 -1000 -1000 -1000 -10 -0.931269
Pedestrian -1 -1 -10 747 91 850 209-1 -1 -1 -1000 -1000 -1000 -10 -0.935916
Pedestrian -1 -1 -10 953 17 1000 104-1 -1 -1 -1000 -1000 -1000 -10 -0.943161
Pedestrian -1 -1 -10 845 297 918 375-1 -1 -1 -1000 -1000 -1000 -10 -0.944534
Pedestrian -1 -1 -10 533 147 592 215-1 -1 -1 -1000 -1000 -1000 -10 -0.946998
Pedestrian -1 -1 -10 1210 27 1242 120-1 -1 -1 -1000 -1000 -1000 -10 -0.950038
Pedestrian -1 -1 -10 1104 157 1140 257-1 -1 -1 -1000 -1000 -1000 -10 -0.951882
Pedestrian -1 -1 -10 1046 1 1101 153-1 -1 -1 -1000 -1000 -1000 -10 -0.959871
Pedestrian -1 -1 -10 972 1 1098 232-1 -1 -1 -1000 -1000 -1000 -10 -0.961163
Pedestrian -1 -1 -10 644 121 694 214-1 -1 -1 -1000 -1000 -1000 -10 -0.978715
Pedestrian -1 -1 -10 310 27 369 95-1 -1 -1 -1000 -1000 -1000 -10 -0.995263
