Pedestrian -1 -1 -10 793 201 824 288-1 -1 -1 -1000 -1000 -1000 -10 -0.42807
Pedestrian -1 -1 -10 876 155 935 223-1 -1 -1 -1000 -1000 -1000 -10 -0.46239
Pedestrian -1 -1 -10 508 66 559 208-1 -1 -1 -1000 -1000 -1000 -10 -0.513751
Pedestrian -1 -1 -10 1041 73 1096 136-1 -1 -1 -1000 -1000 -1000 -10 -0.575373
Pedestrian -1 -1 -10 865 15 948 167-1 -1 -1 -1000 -1000 -1000 -10 -0.589243
Pedestrian -1 -1 -10 681 129 712 216-1 -1 -1 -1000 -1000 -1000 -10 -0.647382
Pedestrian -1 -1 -10 1213 1 1242 153-1 -1 -1 -1000 -1000 -1000 -10 -0.670148
Pedestrian -1 -1 -10 782 159 826 282-1 -1 -1 -1000 -1000 -1000 -10 -0.710886
Pedestrian -1 -1 -10 850 74 898 206-1 -1 -1 -1000 -1000 -1000 -10 -0.734979
Pedestrian -1 -1 -10 628 225 717 375-1 -1 -1 -1000 -1000 -1000 -10 -0.849608
Pedestrian -1 -1 -10 231 286 285 375-1 -1 -1 -1000 -1000 -1000 -10 -0.857643
Pedestrian -1 -1 -10 1014 43 1161 211-1 -1 -1 -1000 -1000 -1000 -10 -0.889879
Pedestrian -1 -1 -10 93 332 156 375-1 -1 -1 -1000 -1000 -1000 -10 -0.89763
Pedestrian -1 -1 -10 38 313 166 375-1 -1 -1 -1000 -1000 -1000 -10 -0.902089
Pedestrian -1 -1 -10 1 1 194 375-1 -1 -1 -1000 -1000 -1000 -10 -0.912276
Pedestrian -1 -1 -10 569 297 616 375-1 -1 -1 -1000 -1000 -1000 -10 -0.943969
Pedestrian -1 -1 -10 769 99 807 206-1 -1 -1 -1000 -1000 -1000 -10 -0.950535
