Pedestrian -1 -1 -10 718 46 777 209-1 -1 -1 -1000 -1000 -1000 -10 -0.408092
Pedestrian -1 -1 -10 249 111 285 211-1 -1 -1 -1000 -1000 -1000 -10 -0.526871
Pedestrian -1 -1 -10 628 1 836 239-1 -1 -1 -1000 -1000 -1000 -10 -0.730375
Pedestrian -1 -1 -10 833 89 880 176-1 -1 -1 -1000 -1000 -1000 -10 -0.792821
Pedestrian -1 -1 -10 93 56 166 257-1 -1 -1 -1000 -1000 -1000 -10 -0.838446
Pedestrian -1 -1 -10 838 122 922 218-1 -1 -1 -1000 -1000 -1000 -10 -0.846321
Pedestrian -1 -1 -10 868 50 936 128-1 -1 -1 -1000 -1000 -1000 -10 -0.895809
Pedestrian -1 -1 -10 350 130 413 203-1 -1 -1 -1000 -1000 -1000 -10 -0.897037
Pedestrian -1 -1 -10 1009 25 1040 112-1 -1 -1 -1000 -1000 -1000 -10 -0.905999
Pedestrian -1 -1 -10 321 29 376 181-1 -1 -1 -1000 -1000 -1000 -10 -0.928011
Pedestrian -1 -1 -10 1201 10 1242 103-1 -1 -1 -1000 -1000 -1000 -10 -0.940577
