Pedestrian -1 -1 -10 820 157 871 299-1 -1 -1 -1000 -1000 -1000 -10 0.264165
Pedestrian -1 -1 -10 543 267 601 370-1 -1 -1 -1000 -1000 -1000 -10 -0.339222
Pedestrian -1 -1 -10 297 233 352 296-1 -1 -1 -1000 -1000 -1000 -10 -0.502585
Pedestrian -1 -1 -10 344 112 394 205-1 -1 -1 -1000 -1000 -1000 -10 -0.633557
Pedestrian -1 -1 -10 810 130 883 331-1 -1 -1 -1000 -1000 -1000 -10 -0.634384
Pedestrian -1 -1 -10 1150 138 1183 231-1 -1 -1 -1000 -1000 -1000 -10 -0.750198
Pedestrian -1 -1 -10 306 70 344 177-1 -1 -1 -1000 -1000 -1000 -10 -0.761421
Pedestrian -1 -1 -10 369 176 423 276-1 -1 -1 -1000 -1000 -1000 -10 -0.777078
Pedestrian -1 -1 -10 1039 212 1075 312-1 -1 -1 -1000 -1000 -1000 -10 -0.784722
Pedestrian -1 -1 -10 417 161 472 224-1 -1 -1 -1000 -1000 -1000 -10 -0.785777
Pedestrian -1 -1 -10 153 89 200 176-1 -1 -1 -1000 -1000 -1000 -10 -0.789569
Pedestrian -1 -1 -10 634 1 717 232-1 -1 -1 -1000 -1000 -1000 -10 -0.806732
Pedestrian -1 -1 -10 1132 1 1222 249-1 -1 -1 -1000 -1000 -1000 -10 -0.832693
Pedestrian -1 -1 -10 580 267 634 367-1 -1 -1 -1000 -1000 -1000 -10 -0.867014
Pedestrian -1 -1 -10 1057 1 1224 370-1 -1 -1 -1000 -1000 -1000 -10 -0.895495
Pedestrian -1 -1 -10 709 120 763 220-1 -1 -1 -1000 -1000 -1000 -10 -0.910294
Pedestrian -1 -1 -10 387 233 446 301-1 -1 -1 -1000 -1000 -1000 -10 -0.926786
Pedestrian -1 -1 -10 534 212 570 312-1 -1 -1 -1000 -1000 -1000 -10 -0.939116
Pedestrian -1 -1 -10 497 304 560 370-1 -1 -1 -1000 -1000 -1000 -10 -0.944446
Pedestrian -1 -1 -10 543 1 601 108-1 -1 -1 -1000 -1000 -1000 -10 -0.964151
Pedestrian -1 -1 -10 339 196 429 299-1 -1 -1 -1000 -1000 -1000 -10 -0.964917
Pedestrian -1 -1 -10 470 1 524 101-1 -1 -1 -1000 -1000 -1000 -10 -0.982127
