Pedestrian -1 -1 -10 464 46 523 209-1 -1 -1 -1000 -1000 -1000 -10 -0.270152
Pedestrian -1 -1 -10 353 164 386 257-1 -1 -1 -1000 -1000 -1000 -10 -0.341551
Pedestrian -1 -1 -10 737 17 832 192-1 -1 -1 -1000 -1000 -1000 -10 -0.661571
Pedestrian -1 -1 -10 1076 58 1120 181-1 -1 -1 -1000 -1000 -1000 -10 -0.696381
Pedestrian -1 -1 -10 61 112 111 205-1 -1 -1 -1000 -1000 -1000 -10 -0.775666
Pedestrian -1 -1 -10 352 118 403 260-1 -1 -1 -1000 -1000 -1000 -10 -0.784609
Pedestrian -1 -1 -10 1150 102 1213 175-1 -1 -1 -1000 -1000 -1000 -10 -0.806632
Pedestrian -1 -1 -10 421 121 471 214-1 -1 -1 -1000 -1000 -1000 -10 -0.83741
Pedestrian -1 -1 -10 1209 97 1240 184-1 -1 -1 -1000 -1000 -1000 -10 -0.846267
Pedestrian -1 -1 -10 1025 64 1087 179-1 -1 -1 -1000 -1000 -1000 -10 -0.854027
Pedestrian -1 -1 -10 294 57 349 209-1 -1 -1 -1000 -1000 -1000 -10 -0.856555
Pedestrian -1 -1 -10 95 138 154 206-1 -1 -1 -1000 -1000 -1000 -10 -0.881504
Pedestrian -1 -1 -10 1060 71 1143 223-1 -1 -1 -1000 -1000 -1000 -10 -0.896464
Pedestrian -1 -1 -10 1185 1 1242 352-1 -1 -1 -1000 -1000 -1000 -10 -0.897952
Pedestrian -1 -1 -10 15 43 70 195-1 -1 -1 -1000 -1000 -1000 -10 -0.932098
Pedestrian -1 -1 -10 377 140 474 250-1 -1 -1 -1000 -1000 -1000 -10 -0.947871
Pedestrian -1 -1 -10 601 104 634 197-1 -1 -1 -1000 -1000 -1000 -10 -0.952347
