Pedestrian -1 -1 -10 765 159 813 291-1 -1 -1 -1000 -1000 -1000 -10 -0.555456
Pedestrian -1 -1 -10 911 102 947 202-1 -1 -1 -1000 -1000 -1000 -10 -0.56253
Pedestrian -1 -1 -10 1209 289 1240 375-1 -1 -1 -1000 -1000 -1000 -10 -0.670125
Pedestrian -1 -1 -10 978 104 1046 292-1 -1 -1 -1000 -1000 -1000 -10 -0.700374
Pedestrian -1 -1 -10 444 31 512 109-1 -1 -1 -1000 -1000 -1000 -10 -0.708066
Pedestrian -1 -1 -10 1115 1 1225 306-1 -1 -1 -1000 -1000 -1000 -10 -0.715997
Pedestrian -1 -1 -10 661 119 699 226-1 -1 -1 -1000 -1000 -1000 -10 -0.745497
Pedestrian -1 -1 -10 755 65 809 165-1 -1 -1 -1000 -1000 -1000 -10 -0.783505
Pedestrian -1 -1 -10 1073 1 1132 69-1 -1 -1 -1000 -1000 -1000 -10 -0.811341
Pedestrian -1 -1 -10 318 96 380 211-1 -1 -1 -1000 -1000 -1000 -10 -0.817764
Pedestrian -1 -1 -10 793 137 824 224-1 -1 -1 -1000 -1000 -1000 -10 -0.81791
Pedestrian -1 -1 -10 286 93 340 193-1 -1 -1 -1000 -1000 -1000 -10 -0.860728
Pedestrian -1 -1 -10 602 90 670 168-1 -1 -1 -1000 -1000 -1000 -10 -0.869629
Pedestrian -1 -1 -10 885 53 936 195-1 -1 -1 -1000 -1000 -1000 -10 -0.879808
Pedestrian -1 -1 -10 635 65 689 165-1 -1 -1 -1000 -1000 -1000 -10 -0.882335
Pedestrian -1 -1 -10 687 54 749 169-1 -1 -1 -1000 -1000 -1000 -10 -0.908133
