Pedestrian -1 -1 -10 1180 1 1239 164-1 -1 -1 -1000 -1000 -1000 -10 -0.159795
Pedestrian -1 -1 -10 951 24 995 147-1 -1 -1 -1000 -1000 -1000 -10 -0.33335
Pedestrian -1 -1 -10 945 121 976 208-1 -1 -1 -1000 -1000 -1000 -10 -0.357325
Pedestrian -1 -1 -10 1141 1 1237 267-1 -1 -1 -1000 -1000 -1000 -10 -0.416848
Pedestrian -1 -1 -10 1021 52 1080 120-1 -1 -1 -1000 -1000 -1000 -10 -0.813948
Pedestrian -1 -1 -10 1098 1 1234 375-1 -1 -1 -1000 -1000 -1000 -10 -0.869958
Pedestrian -1 -1 -10 716 110 800 206-1 -1 -1 -1000 -1000 -1000 -10 -0.883856
Pedestrian -1 -1 -10 1004 104 1037 197-1 -1 -1 -1000 -1000 -1000 -10 -0.921073
Pedestrian -1 -1 -10 823 57 906 209-1 -1 -1 -1000 -1000 -1000 -10 -0.94314
Pedestrian -1 -1 -10 1001 137 1048 224-1 -1 -1 -1000 -1000 -1000 -10 -0.99315
Pedestrian -1 -1 -10 781 1 836 153-1 -1 -1 -1000 -1000 -1000 -10 -0.997097
