Pedestrian -1 -1 -10 671 109 709 216-1 -1 -1 -1000 -1000 -1000 -10 -0.441922
Pedestrian -1 -1 -10 353 62 401 194-1 -1 -1 -1000 -1000 -1000 -10 -0.732084
Pedestrian -1 -1 -10 148 125 215 248-1 -1 -1 -1000 -1000 -1000 -10 -0.83331
Pedestrian -1 -1 -10 569 297 616 375-1 -1 -1 -1000 -1000 -1000 -10 -0.858531
Pedestrian -1 -1 -10 718 180 821 298-1 -1 -1 -1000 -1000 -1000 -10 -0.8726
Pedestrian -1 -1 -10 698 96 771 179-1 -1 -1 -1000 -1000 -1000 -10 -0.914077
Pedestrian -1 -1 -10 993 286 1047 375-1 -1 -1 -1000 -1000 -1000 -10 -0.927392
Pedestrian -1 -1 -10 129 65 192 240-1 -1 -1 -1000 -1000 -1000 -10 -0.946907
Pedestrian -1 -1 -10 1110 1 1242 181-1 -1 -1 -1000 -1000 -1000 -10 -0.94998
Pedestrian -1 -1 -10 938 313 1001 375-1 -1 -1 -1000 -1000 -1000 -10 -0.979906
Pedestrian -1 -1 -10 1025 306 1093 375-1 -1 -1 -1000 -1000 -1000 -10 -0.993464
