Pedestrian -1 -1 -10 791 130 827 230-1 -1 -1 -1000 -1000 -1000 -10 -0.4983
Pedestrian -1 -1 -10 97 137 128 224-1 -1 -1 -1000 -1000 -1000 -10 -0.522722
Pedestrian -1 -1 -10 841 89 888 176-1 -1 -1 -1000 -1000 -1000 -10 -0.547266
Pedestrian -1 -1 -10 817 137 848 224-1 -1 -1 -1000 -1000 -1000 -10 -0.600499
Pedestrian -1 -1 -10 755 130 818 203-1 -1 -1 -1000 -1000 -1000 -10 -0.702828
Pedestrian -1 -1 -10 833 1 1014 208-1 -1 -1 -1000 -1000 -1000 -10 -0.751075
Pedestrian -1 -1 -10 1 46 91 294-1 -1 -1 -1000 -1000 -1000 -10 -0.764551
Pedestrian -1 -1 -10 417 66 494 208-1 -1 -1 -1000 -1000 -1000 -10 -0.869946
Pedestrian -1 -1 -10 344 35 412 223-1 -1 -1 -1000 -1000 -1000 -10 -0.8775
Pedestrian -1 -1 -10 828 1 1103 315-1 -1 -1 -1000 -1000 -1000 -10 -0.878899
Pedestrian -1 -1 -10 537 105 584 192-1 -1 -1 -1000 -1000 -1000 -10 -0.888927
Pedestrian -1 -1 -10 803 96 844 211-1 -1 -1 -1000 -1000 -1000 -10 -0.890135
Pedestrian -1 -1 -10 653 102 707 202-1 -1 -1 -1000 -1000 -1000 -10 -0.892586
Pedestrian -1 -1 -10 506 102 560 202-1 -1 -1 -1000 -1000 -1000 -10 -0.903998
Pedestrian -1 -1 -10 631 1 689 108-1 -1 -1 -1000 -1000 -1000 -10 -0.931472
Pedestrian -1 -1 -10 739 112 836 222-1 -1 -1 -1000 -1000 -1000 -10 -0.935565
Pedestrian -1 -1 -10 850 318 909 375-1 -1 -1 -1000 -1000 -1000 -10 -0.977413
Pedestrian -1 -1 -10 700 90 738 197-1 -1 -1 -1000 -1000 -1000 -10 -0.985781
