Pedestrian -1 -1 -10 85 170 211 375-1 -1 -1 -1000 -1000 -1000 -10 1.07591
Pedestrian -1 -1 -10 892 29 947 181-1 -1 -1 -1000 -1000 -1000 -10 0.060359
Pedestrian -1 -1 -10 690 149 728 256-1 -1 -1 -1000 -1000 -1000 -10 -0.101675
Pedestrian -1 -1 -10 793 54 834 169-1 -1 -1 -1000 -1000 -1000 -10 -0.716759
Pedestrian -1 -1 -10 223 275 285 375-1 -1 -1 -1000 -1000 -1000 -10 -0.724729
Pedestrian -1 -1 -10 417 169 464 256-1 -1 -1 -1000 -1000 -1000 -10 -0.745409
Pedestrian -1 -1 -10 91 61 269 375-1 -1 -1 -1000 -1000 -1000 -10 -0.768941
Pedestrian -1 -1 -10 858 104 1063 375-1 -1 -1 -1000 -1000 -1000 -10 -0.775237
Pedestrian -1 -1 -10 1056 207 1089 300-1 -1 -1 -1000 -1000 -1000 -10 -0.813857
Pedestrian -1 -1 -10 664 118 715 260-1 -1 -1 -1000 -1000 -1000 -10 -0.842683
Pedestrian -1 -1 -10 838 40 876 147-1 -1 -1 -1000 -1000 -1000 -10 -0.851149
Pedestrian -1 -1 -10 822 16 881 179-1 -1 -1 -1000 -1000 -1000 -10 -0.870016
Pedestrian -1 -1 -10 507 95 540 188-1 -1 -1 -1000 -1000 -1000 -10 -0.946719
Pedestrian -1 -1 -10 571 62 643 194-1 -1 -1 -1000 -1000 -1000 -10 -0.962367
