Pedestrian -1 -1 -10 1203 70 1241 177-1 -1 -1 -1000 -1000 -1000 -10 -0.336579
Pedestrian -1 -1 -10 755 313 818 375-1 -1 -1 -1000 -1000 -1000 -10 -0.64109
Pedestrian -1 -1 -10 1185 33 1242 208-1 -1 -1 -1000 -1000 -1000 -10 -0.716205
Pedestrian -1 -1 -10 1097 169 1152 232-1 -1 -1 -1000 -1000 -1000 -10 -0.773499
Pedestrian -1 -1 -10 1093 144 1144 286-1 -1 -1 -1000 -1000 -1000 -10 -0.796382
Pedestrian -1 -1 -10 692 292 776 375-1 -1 -1 -1000 -1000 -1000 -10 -0.824115
Pedestrian -1 -1 -10 489 9 536 96-1 -1 -1 -1000 -1000 -1000 -10 -0.833706
Pedestrian -1 -1 -10 600 85 697 195-1 -1 -1 -1000 -1000 -1000 -10 -0.839095
Pedestrian -1 -1 -10 1210 190 1242 283-1 -1 -1 -1000 -1000 -1000 -10 -0.866693
Pedestrian -1 -1 -10 589 75 845 368-1 -1 -1 -1000 -1000 -1000 -10 -0.895909
Pedestrian -1 -1 -10 1145 97 1200 160-1 -1 -1 -1000 -1000 -1000 -10 -0.917139
Pedestrian -1 -1 -10 1158 1 1209 143-1 -1 -1 -1000 -1000 -1000 -10 -0.923835
Pedestrian -1 -1 -10 1019 1 1109 249-1 -1 -1 -1000 -1000 -1000 -10 -0.938693
Pedestrian -1 -1 -10 518 54 580 169-1 -1 -1 -1000 -1000 -1000 -10 -0.997716
