Pedestrian -1 -1 -10 814 54 855 169-1 -1 -1 -1000 -1000 -1000 -10 -0.0375619
Pedestrian -1 -1 -10 626 120 662 220-1 -1 -1 -1000 -1000 -1000 -10 -0.245399
Pedestrian -1 -1 -10 265 313 320 370-1 -1 -1 -1000 -1000 -1000 -10 -0.365709
Pedestrian -1 -1 -10 721 121 752 208-1 -1 -1 -1000 -1000 -1000 -10 -0.383058
Pedestrian -1 -1 -10 892 15 947 167-1 -1 -1 -1000 -1000 -1000 -10 -0.620439
Pedestrian -1 -1 -10 1193 177 1224 264-1 -1 -1 -1000 -1000 -1000 -10 -0.650285
Pedestrian -1 -1 -10 1184 44 1217 137-1 -1 -1 -1000 -1000 -1000 -10 -0.775011
Pedestrian -1 -1 -10 1141 50 1224 316-1 -1 -1 -1000 -1000 -1000 -10 -0.803361
Pedestrian -1 -1 -10 1092 25 1188 291-1 -1 -1 -1000 -1000 -1000 -10 -0.868429
Pedestrian -1 -1 -10 231 65 285 165-1 -1 -1 -1000 -1000 -1000 -10 -0.877526
Pedestrian -1 -1 -10 1015 1 1118 286-1 -1 -1 -1000 -1000 -1000 -10 -0.880082
Pedestrian -1 -1 -10 451 130 487 230-1 -1 -1 -1000 -1000 -1000 -10 -0.893806
Pedestrian -1 -1 -10 989 1 1196 370-1 -1 -1 -1000 -1000 -1000 -10 -0.90471
Pedestrian -1 -1 -10 316 219 485 370-1 -1 -1 -1000 -1000 -1000 -10 -0.919561
Pedestrian -1 -1 -10 169 1 200 88-1 -1 -1 -1000 -1000 -1000 -10 -0.990438
