Pedestrian -1 -1 -10 592 1 633 116-1 -1 -1 -1000 -1000 -1000 -10 -0.413173
Pedestrian -1 -1 -10 1203 11 1238 118-1 -1 -1 -1000 -1000 -1000 -10 -0.578342
Pedestrian -1 -1 -10 625 9 656 96-1 -1 -1 -1000 -1000 -1000 -10 -0.606088
Pedestrian -1 -1 -10 1178 92 1222 215-1 -1 -1 -1000 -1000 -1000 -10 -0.650593
Pedestrian -1 -1 -10 809 210 906 320-1 -1 -1 -1000 -1000 -1000 -10 -0.695955
Pedestrian -1 -1 -10 644 130 680 230-1 -1 -1 -1000 -1000 -1000 -10 -0.747036
Pedestrian -1 -1 -10 893 87 926 180-1 -1 -1 -1000 -1000 -1000 -10 -0.847248
Pedestrian -1 -1 -10 713 145 768 208-1 -1 -1 -1000 -1000 -1000 -10 -0.858579
Pedestrian -1 -1 -10 401 161 432 248-1 -1 -1 -1000 -1000 -1000 -10 -0.859013
Pedestrian -1 -1 -10 661 164 720 232-1 -1 -1 -1000 -1000 -1000 -10 -0.927309
Pedestrian -1 -1 -10 628 1 683 153-1 -1 -1 -1000 -1000 -1000 -10 -0.937057
Pedestrian -1 -1 -10 618 121 677 189-1 -1 -1 -1000 -1000 -1000 -10 -0.939029
