Pedestrian -1 -1 -10 1065 153 1112 240-1 -1 -1 -1000 -1000 -1000 -10 -0.328566
Pedestrian -1 -1 -10 1194 64 1235 179-1 -1 -1 -1000 -1000 -1000 -10 -0.518151
Pedestrian -1 -1 -10 1153 209 1208 272-1 -1 -1 -1000 -1000 -1000 -10 -0.574018
Pedestrian -1 -1 -10 1090 224 1149 292-1 -1 -1 -1000 -1000 -1000 -10 -0.638895
Pedestrian -1 -1 -10 307 212 348 327-1 -1 -1 -1000 -1000 -1000 -10 -0.681859
Pedestrian -1 -1 -10 1209 129 1240 216-1 -1 -1 -1000 -1000 -1000 -10 -0.756166
Pedestrian -1 -1 -10 971 50 1241 376-1 -1 -1 -1000 -1000 -1000 -10 -0.763827
Pedestrian -1 -1 -10 212 170 253 285-1 -1 -1 -1000 -1000 -1000 -10 -0.798861
Pedestrian -1 -1 -10 457 57 504 144-1 -1 -1 -1000 -1000 -1000 -10 -0.885604
Pedestrian -1 -1 -10 898 107 960 222-1 -1 -1 -1000 -1000 -1000 -10 -0.909237
Pedestrian -1 -1 -10 921 57 968 144-1 -1 -1 -1000 -1000 -1000 -10 -0.943773
