Pedestrian -1 -1 -10 177 81 208 168-1 -1 -1 -1000 -1000 -1000 -10 -0.470093
Pedestrian -1 -1 -10 295 103 339 226-1 -1 -1 -1000 -1000 -1000 -10 -0.534141
Pedestrian -1 -1 -10 1 79 52 221-1 -1 -1 -1000 -1000 -1000 -10 -0.648695
Pedestrian -1 -1 -10 361 130 394 223-1 -1 -1 -1000 -1000 -1000 -10 -0.695816
Pedestrian -1 -1 -10 985 161 1016 248-1 -1 -1 -1000 -1000 -1000 -10 -0.702983
Pedestrian -1 -1 -10 1210 120 1242 283-1 -1 -1 -1000 -1000 -1000 -10 -0.73381
Pedestrian -1 -1 -10 405 29 488 181-1 -1 -1 -1000 -1000 -1000 -10 -0.738436
Pedestrian -1 -1 -10 306 99 374 177-1 -1 -1 -1000 -1000 -1000 -10 -0.759458
Pedestrian -1 -1 -10 1171 99 1226 251-1 -1 -1 -1000 -1000 -1000 -10 -0.772389
Pedestrian -1 -1 -10 65 75 101 175-1 -1 -1 -1000 -1000 -1000 -10 -0.79167
Pedestrian -1 -1 -10 1 31 69 109-1 -1 -1 -1000 -1000 -1000 -10 -0.845037
Pedestrian -1 -1 -10 972 128 1013 243-1 -1 -1 -1000 -1000 -1000 -10 -0.851032
Pedestrian -1 -1 -10 285 91 374 254-1 -1 -1 -1000 -1000 -1000 -10 -0.8548
Pedestrian -1 -1 -10 777 91 866 254-1 -1 -1 -1000 -1000 -1000 -10 -0.860584
Pedestrian -1 -1 -10 1200 24 1242 272-1 -1 -1 -1000 -1000 -1000 -10 -0.87066
Pedestrian -1 -1 -10 1 1 69 189-1 -1 -1 -1000 -1000 -1000 -10 -0.871123
Pedestrian -1 -1 -10 1014 212 1087 295-1 -1 -1 -1000 -1000 -1000 -10 -0.913087
Pedestrian -1 -1 -10 172 52 231 120-1 -1 -1 -1000 -1000 -1000 -10 -0.923352
Pedestrian -1 -1 -10 759 80 797 187-1 -1 -1 -1000 -1000 -1000 -10 -0.923372
Pedestrian -1 -1 -10 1 265 32 352-1 -1 -1 -1000 -1000 -1000 -10 -0.967965
Pedestrian -1 -1 -10 883 58 927 181-1 -1 -1 -1000 -1000 -1000 -10 -0.977619
Pedestrian -1 -1 -10 1177 1 1242 375-1 -1 -1 -1000 -1000 -1000 -10 -0.982036
Pedestrian -1 -1 -10 137 239 215 329-1 -1 -1 -1000 -1000 -1000 -10 -0.98526
