Pedestrian -1 -1 -10 883 286 937 375-1 -1 -1 -1000 -1000 -1000 -10 -0.386544
Pedestrian -1 -1 -10 824 107 886 222-1 -1 -1 -1000 -1000 -1000 -10 -0.582974
Pedestrian -1 -1 -10 1197 53 1242 195-1 -1 -1 -1000 -1000 -1000 -10 -0.583672
Pedestrian -1 -1 -10 250 261 317 375-1 -1 -1 -1000 -1000 -1000 -10 -0.728118
Pedestrian -1 -1 -10 375 50 413 157-1 -1 -1 -1000 -1000 -1000 -10 -0.762151
Pedestrian -1 -1 -10 40 257 108 335-1 -1 -1 -1000 -1000 -1000 -10 -0.768764
Pedestrian -1 -1 -10 275 43 358 274-1 -1 -1 -1000 -1000 -1000 -10 -0.783413
Pedestrian -1 -1 -10 725 46 815 294-1 -1 -1 -1000 -1000 -1000 -10 -0.798364
Pedestrian -1 -1 -10 885 105 1040 375-1 -1 -1 -1000 -1000 -1000 -10 -0.799158
Pedestrian -1 -1 -10 225 1 352 352-1 -1 -1 -1000 -1000 -1000 -10 -0.803193
Pedestrian -1 -1 -10 623 80 701 170-1 -1 -1 -1000 -1000 -1000 -10 -0.889535
Pedestrian -1 -1 -10 589 58 633 181-1 -1 -1 -1000 -1000 -1000 -10 -0.922402
Pedestrian -1 -1 -10 972 64 1119 232-1 -1 -1 -1000 -1000 -1000 -10 -0.930839
Pedestrian -1 -1 -10 470 102 524 202-1 -1 -1 -1000 -1000 -1000 -10 -0.963919
Pedestrian -1 -1 -10 58 261 125 375-1 -1 -1 -1000 -1000 -1000 -10 -0.978182
Pedestrian -1 -1 -10 661 284 711 375-1 -1 -1 -1000 -1000 -1000 -10 -0.982126
