Pedestrian -1 -1 -10 687 70 720 163-1 -1 -1 -1000 -1000 -1000 -10 0.129417
Pedestrian -1 -1 -10 748 171 815 294-1 -1 -1 -1000 -1000 -1000 -10 -0.487152
Pedestrian -1 -1 -10 801 241 856 304-1 -1 -1 -1000 -1000 -1000 -10 -0.48745
Pedestrian -1 -1 -10 697 185 752 248-1 -1 -1 -1000 -1000 -1000 -10 -0.541676
Pedestrian -1 -1 -10 845 22 886 137-1 -1 -1 -1000 -1000 -1000 -10 -0.576925
Pedestrian -1 -1 -10 1 1 52 143-1 -1 -1 -1000 -1000 -1000 -10 -0.667762
Pedestrian -1 -1 -10 267 111 321 211-1 -1 -1 -1000 -1000 -1000 -10 -0.690936
Pedestrian -1 -1 -10 1209 233 1240 320-1 -1 -1 -1000 -1000 -1000 -10 -0.715735
Pedestrian -1 -1 -10 111 29 147 129-1 -1 -1 -1000 -1000 -1000 -10 -0.748779
Pedestrian -1 -1 -10 961 1 1088 352-1 -1 -1 -1000 -1000 -1000 -10 -0.772431
Pedestrian -1 -1 -10 89 81 144 144-1 -1 -1 -1000 -1000 -1000 -10 -0.785609
Pedestrian -1 -1 -10 46 69 181 317-1 -1 -1 -1000 -1000 -1000 -10 -0.786213
Pedestrian -1 -1 -10 669 182 747 272-1 -1 -1 -1000 -1000 -1000 -10 -0.797901
Pedestrian -1 -1 -10 610 155 669 223-1 -1 -1 -1000 -1000 -1000 -10 -0.849791
Pedestrian -1 -1 -10 391 1 780 375-1 -1 -1 -1000 -1000 -1000 -10 -0.863354
Pedestrian -1 -1 -10 833 1 896 176-1 -1 -1 -1000 -1000 -1000 -10 -0.884336
Pedestrian -1 -1 -10 1223 40 1242 182-1 -1 -1 -1000 -1000 -1000 -10 -0.938537
Pedestrian -1 -1 -10 1121 195 1224 313-1 -1 -1 -1000 -1000 -1000 -10 -0.98627
Pedestrian -1 -1 -10 318 69 362 192-1 -1 -1 -1000 -1000 -1000 -10 -0.988598
