Pedestrian -1 -1 -10 641 113 672 200-1 -1 -1 -1000 -1000 -1000 -10 -0.392415
Pedestrian -1 -1 -10 559 50 607 182-1 -1 -1 -1000 -1000 -1000 -10 -0.647176
Pedestrian -1 -1 -10 438 78 488 171-1 -1 -1 -1000 -1000 -1000 -10 -0.659822
Pedestrian -1 -1 -10 497 54 538 169-1 -1 -1 -1000 -1000 -1000 -10 -0.683657
Pedestrian -1 -1 -10 98 292 182 375-1 -1 -1 -1000 -1000 -1000 -10 -0.736223
Pedestrian -1 -1 -10 714 46 781 169-1 -1 -1 -1000 -1000 -1000 -10 -0.7706
Pedestrian -1 -1 -10 592 90 660 168-1 -1 -1 -1000 -1000 -1000 -10 -0.787771
Pedestrian -1 -1 -10 550 275 612 375-1 -1 -1 -1000 -1000 -1000 -10 -0.855426
Pedestrian -1 -1 -10 627 138 660 231-1 -1 -1 -1000 -1000 -1000 -10 -0.862364
Pedestrian -1 -1 -10 838 148 882 271-1 -1 -1 -1000 -1000 -1000 -10 -0.885294
Pedestrian -1 -1 -10 1134 11 1172 118-1 -1 -1 -1000 -1000 -1000 -10 -0.891132
Pedestrian -1 -1 -10 469 92 520 234-1 -1 -1 -1000 -1000 -1000 -10 -0.904309
Pedestrian -1 -1 -10 493 1 610 217-1 -1 -1 -1000 -1000 -1000 -10 -0.921961
Pedestrian -1 -1 -10 874 98 958 194-1 -1 -1 -1000 -1000 -1000 -10 -0.954928
Pedestrian -1 -1 -10 699 267 735 367-1 -1 -1 -1000 -1000 -1000 -10 -0.974491
