Pedestrian -1 -1 -10 1090 27 1123 120-1 -1 -1 -1000 -1000 -1000 -10 -0.245718
Pedestrian -1 -1 -10 306 58 350 181-1 -1 -1 -1000 -1000 -1000 -10 -0.255013
Pedestrian -1 -1 -10 773 1 901 147-1 -1 -1 -1000 -1000 -1000 -10 -0.281837
Pedestrian -1 -1 -10 257 1 325 79-1 -1 -1 -1000 -1000 -1000 -10 -0.359695
Pedestrian -1 -1 -10 614 15 697 167-1 -1 -1 -1000 -1000 -1000 -10 -0.599757
Pedestrian -1 -1 -10 759 103 837 193-1 -1 -1 -1000 -1000 -1000 -10 -0.698468
Pedestrian -1 -1 -10 341 1 413 133-1 -1 -1 -1000 -1000 -1000 -10 -0.719587
Pedestrian -1 -1 -10 395 18 497 206-1 -1 -1 -1000 -1000 -1000 -10 -0.726736
Pedestrian -1 -1 -10 201 17 248 104-1 -1 -1 -1000 -1000 -1000 -10 -0.735541
Pedestrian -1 -1 -10 725 29 919 251-1 -1 -1 -1000 -1000 -1000 -10 -0.795381
Pedestrian -1 -1 -10 506 84 542 184-1 -1 -1 -1000 -1000 -1000 -10 -0.857177
Pedestrian -1 -1 -10 837 313 900 375-1 -1 -1 -1000 -1000 -1000 -10 -0.88528
Pedestrian -1 -1 -10 224 10 283 78-1 -1 -1 -1000 -1000 -1000 -10 -0.909986
Pedestrian -1 -1 -10 1081 70 1114 163-1 -1 -1 -1000 -1000 -1000 -10 -0.956124
Pedestrian -1 -1 -10 1080 14 1131 156-1 -1 -1 -1000 -1000 -1000 -10 -0.962092
Pedestrian -1 -1 -10 240 31 343 149-1 -1 -1 -1000 -1000 -1000 -10 -0.986807
Pedestrian -1 -1 -10 1 38 74 239-1 -1 -1 -1000 -1000 -1000 -10 -0.992833
Pedestrian -1 -1 -10 677 1 972 338-1 -1 -1 -1000 -1000 -1000 -10 -0.998063
