Pedestrian -1 -1 -10 617 97 648 184-1 -1 -1 -1000 -1000 -1000 -10 -0.740669
Pedestrian -1 -1 -10 966 119 1004 226-1 -1 -1 -1000 -1000 -1000 -10 -0.75995
Pedestrian -1 -1 -10 95 112 128 205-1 -1 -1 -1000 -1000 -1000 -10 -0.763611
Pedestrian -1 -1 -10 755 79 806 221-1 -1 -1 -1000 -1000 -1000 -10 -0.826288
Pedestrian -1 -1 -10 1212 139 1242 246-1 -1 -1 -1000 -1000 -1000 -10 -0.872362
Pedestrian -1 -1 -10 1090 172 1149 240-1 -1 -1 -1000 -1000 -1000 -10 -0.87479
Pedestrian -1 -1 -10 953 275 1012 343-1 -1 -1 -1000 -1000 -1000 -10 -0.894265
Pedestrian -1 -1 -10 929 257 984 320-1 -1 -1 -1000 -1000 -1000 -10 -0.907437
Pedestrian -1 -1 -10 405 120 441 220-1 -1 -1 -1000 -1000 -1000 -10 -0.930453
Pedestrian -1 -1 -10 612 92 702 195-1 -1 -1 -1000 -1000 -1000 -10 -0.936328
Pedestrian -1 -1 -10 602 139 640 246-1 -1 -1 -1000 -1000 -1000 -10 -0.960733
Pedestrian -1 -1 -10 98 25 267 218-1 -1 -1 -1000 -1000 -1000 -10 -0.96205
Pedestrian -1 -1 -10 273 89 328 152-1 -1 -1 -1000 -1000 -1000 -10 -0.978251
Pedestrian -1 -1 -10 267 109 335 187-1 -1 -1 -1000 -1000 -1000 -10 -0.986058
