Pedestrian -1 -1 -10 670 130 703 223-1 -1 -1 -1000 -1000 -1000 -10 -0.0582261
Pedestrian -1 -1 -10 950 53 1001 195-1 -1 -1 -1000 -1000 -1000 -10 -0.205591
Pedestrian -1 -1 -10 793 121 824 208-1 -1 -1 -1000 -1000 -1000 -10 -0.563288
Pedestrian -1 -1 -10 598 31 687 194-1 -1 -1 -1000 -1000 -1000 -10 -0.568445
Pedestrian -1 -1 -10 465 85 506 200-1 -1 -1 -1000 -1000 -1000 -10 -0.825334
Pedestrian -1 -1 -10 1087 92 1242 272-1 -1 -1 -1000 -1000 -1000 -10 -0.880903
Pedestrian -1 -1 -10 257 49 368 176-1 -1 -1 -1000 -1000 -1000 -10 -0.916179
Pedestrian -1 -1 -10 1 29 64 102-1 -1 -1 -1000 -1000 -1000 -10 -0.930661
Pedestrian -1 -1 -10 502 71 599 181-1 -1 -1 -1000 -1000 -1000 -10 -0.937715
Pedestrian -1 -1 -10 157 40 208 182-1 -1 -1 -1000 -1000 -1000 -10 -0.93953
Pedestrian -1 -1 -10 38 222 92 322-1 -1 -1 -1000 -1000 -1000 -10 -0.96424
Pedestrian -1 -1 -10 65 57 96 144-1 -1 -1 -1000 -1000 -1000 -10 -0.977627
Pedestrian -1 -1 -10 425 13 473 145-1 -1 -1 -1000 -1000 -1000 -10 -0.981104
Pedestrian -1 -1 -10 745 111 781 211-1 -1 -1 -1000 -1000 -1000 -10 -0.986798
