Pedestrian -1 -1 -10 114 250 192 340-1 -1 -1 -1000 -1000 -1000 -10 -0.413732
Pedestrian -1 -1 -10 161 89 216 152-1 -1 -1 -1000 -1000 -1000 -10 -0.629745
Pedestrian -1 -1 -10 773 10 809 110-1 -1 -1 -1000 -1000 -1000 -10 -0.657103
Pedestrian -1 -1 -10 1 35 51 128-1 -1 -1 -1000 -1000 -1000 -10 -0.662107
Pedestrian -1 -1 -10 1 273 79 363-1 -1 -1 -1000 -1000 -1000 -10 -0.690052
Pedestrian -1 -1 -10 1210 241 1241 334-1 -1 -1 -1000 -1000 -1000 -10 -0.824579
Pedestrian -1 -1 -10 1193 215 1241 308-1 -1 -1 -1000 -1000 -1000 -10 -0.845502
Pedestrian -1 -1 -10 690 56 753 129-1 -1 -1 -1000 -1000 -1000 -10 -0.886158
Pedestrian -1 -1 -10 201 89 232 176-1 -1 -1 -1000 -1000 -1000 -10 -0.957578
Pedestrian -1 -1 -10 423 138 464 253-1 -1 -1 -1000 -1000 -1000 -10 -0.964856
