Pedestrian -1 -1 -10 567 130 600 223-1 -1 -1 -1000 -1000 -1000 -10 -0.401156
Pedestrian -1 -1 -10 1214 110 1242 242-1 -1 -1 -1000 -1000 -1000 -10 -0.509125
Pedestrian -1 -1 -10 761 129 792 216-1 -1 -1 -1000 -1000 -1000 -10 -0.550529
Pedestrian -1 -1 -10 353 164 386 257-1 -1 -1 -1000 -1000 -1000 -10 -0.705202
Pedestrian -1 -1 -10 1185 99 1240 251-1 -1 -1 -1000 -1000 -1000 -10 -0.751898
Pedestrian -1 -1 -10 560 117 622 232-1 -1 -1 -1000 -1000 -1000 -10 -0.763527
Pedestrian -1 -1 -10 1054 1 1144 104-1 -1 -1 -1000 -1000 -1000 -10 -0.806624
Pedestrian -1 -1 -10 404 131 455 273-1 -1 -1 -1000 -1000 -1000 -10 -0.818902
Pedestrian -1 -1 -10 730 147 763 240-1 -1 -1 -1000 -1000 -1000 -10 -0.822032
Pedestrian -1 -1 -10 753 86 801 218-1 -1 -1 -1000 -1000 -1000 -10 -0.829659
Pedestrian -1 -1 -10 487 43 570 274-1 -1 -1 -1000 -1000 -1000 -10 -0.874815
Pedestrian -1 -1 -10 627 121 686 189-1 -1 -1 -1000 -1000 -1000 -10 -0.952866
Pedestrian -1 -1 -10 850 293 900 375-1 -1 -1 -1000 -1000 -1000 -10 -0.95736
Pedestrian -1 -1 -10 680 98 764 194-1 -1 -1 -1000 -1000 -1000 -10 -0.992036
