Pedestrian -1 -1 -10 1 86 49 218-1 -1 -1 -1000 -1000 -1000 -10 -0.012887
Pedestrian -1 -1 -10 696 87 746 180-1 -1 -1 -1000 -1000 -1000 -10 -0.61348
Pedestrian -1 -1 -10 753 105 784 192-1 -1 -1 -1000 -1000 -1000 -10 -0.625493
Pedestrian -1 -1 -10 474 40 512 147-1 -1 -1 -1000 -1000 -1000 -10 -0.64453
Pedestrian -1 -1 -10 911 75 974 148-1 -1 -1 -1000 -1000 -1000 -10 -0.729186
Pedestrian -1 -1 -10 215 121 248 214-1 -1 -1 -1000 -1000 -1000 -10 -0.734983
Pedestrian -1 -1 -10 807 170 897 273-1 -1 -1 -1000 -1000 -1000 -10 -0.74886
Pedestrian -1 -1 -10 71 85 126 237-1 -1 -1 -1000 -1000 -1000 -10 -0.754556
Pedestrian -1 -1 -10 1 70 69 258-1 -1 -1 -1000 -1000 -1000 -10 -0.775517
Pedestrian -1 -1 -10 770 114 814 237-1 -1 -1 -1000 -1000 -1000 -10 -0.811402
Pedestrian -1 -1 -10 438 181 488 274-1 -1 -1 -1000 -1000 -1000 -10 -0.830762
Pedestrian -1 -1 -10 198 70 231 163-1 -1 -1 -1000 -1000 -1000 -10 -0.839393
Pedestrian -1 -1 -10 195 86 243 218-1 -1 -1 -1000 -1000 -1000 -10 -0.875937
Pedestrian -1 -1 -10 482 66 533 208-1 -1 -1 -1000 -1000 -1000 -10 -0.90061
Pedestrian -1 -1 -10 1 1 104 286-1 -1 -1 -1000 -1000 -1000 -10 -0.907738
Pedestrian -1 -1 -10 762 46 851 209-1 -1 -1 -1000 -1000 -1000 -10 -0.924823
Pedestrian -1 -1 -10 498 122 546 254-1 -1 -1 -1000 -1000 -1000 -10 -0.946491
Pedestrian -1 -1 -10 233 65 288 128-1 -1 -1 -1000 -1000 -1000 -10 -0.957417
Pedestrian -1 -1 -10 341 139 404 212-1 -1 -1 -1000 -1000 -1000 -10 -0.968653
Pedestrian -1 -1 -10 508 180 581 263-1 -1 -1 -1000 -1000 -1000 -10 -0.985858
