Pedestrian -1 -1 -10 653 87 686 180-1 -1 -1 -1000 -1000 -1000 -10 -0.0246787
Pedestrian -1 -1 -10 785 57 832 144-1 -1 -1 -1000 -1000 -1000 -10 -0.124326
Pedestrian -1 -1 -10 569 145 600 232-1 -1 -1 -1000 -1000 -1000 -10 -0.210405
Pedestrian -1 -1 -10 687 64 728 179-1 -1 -1 -1000 -1000 -1000 -10 -0.223798
Pedestrian -1 -1 -10 217 169 248 256-1 -1 -1 -1000 -1000 -1000 -10 -0.290462
Pedestrian -1 -1 -10 807 138 840 231-1 -1 -1 -1000 -1000 -1000 -10 -0.474125
Pedestrian -1 -1 -10 961 35 994 128-1 -1 -1 -1000 -1000 -1000 -10 -0.513974
Pedestrian -1 -1 -10 807 61 866 224-1 -1 -1 -1000 -1000 -1000 -10 -0.552059
Pedestrian -1 -1 -10 677 40 754 182-1 -1 -1 -1000 -1000 -1000 -10 -0.58761
Pedestrian -1 -1 -10 139 120 175 220-1 -1 -1 -1000 -1000 -1000 -10 -0.682675
Pedestrian -1 -1 -10 959 13 1007 145-1 -1 -1 -1000 -1000 -1000 -10 -0.720135
Pedestrian -1 -1 -10 178 109 216 216-1 -1 -1 -1000 -1000 -1000 -10 -0.737752
Pedestrian -1 -1 -10 461 85 558 195-1 -1 -1 -1000 -1000 -1000 -10 -0.845885
Pedestrian -1 -1 -10 280 112 669 370-1 -1 -1 -1000 -1000 -1000 -10 -0.858349
Pedestrian -1 -1 -10 944 35 1046 223-1 -1 -1 -1000 -1000 -1000 -10 -0.882645
Pedestrian -1 -1 -10 219 110 267 242-1 -1 -1 -1000 -1000 -1000 -10 -0.925389
Pedestrian -1 -1 -10 1201 86 1224 218-1 -1 -1 -1000 -1000 -1000 -10 -0.929429
Pedestrian -1 -1 -10 188 149 246 256-1 -1 -1 -1000 -1000 -1000 -10 -0.937623
Pedestrian -1 -1 -10 690 1 753 74-1 -1 -1 -1000 -1000 -1000 -10 -0.938588
Pedestrian -1 -1 -10 747 10 780 103-1 -1 -1 -1000 -1000 -1000 -10 -0.970162
Pedestrian -1 -1 -10 12 96 53 211-1 -1 -1 -1000 -1000 -1000 -10 -0.973629
Pedestrian -1 -1 -10 1 91 60 254-1 -1 -1 -1000 -1000 -1000 -10 -0.980319
Pedestrian -1 -1 -10 1057 1 1224 338-1 -1 -1 -1000 -1000 -1000 -10 -0.983736
