Pedestrian -1 -1 -10 993 89 1024 176-1 -1 -1 -1000 -1000 -1000 -10 -0.421795
Pedestrian -1 -1 -10 1094 178 1162 256-1 -1 -1 -1000 -1000 -1000 -10 -0.52339
Pedestrian -1 -1 -10 825 145 856 232-1 -1 -1 -1000 -1000 -1000 -10 -0.701776
Pedestrian -1 -1 -10 130 231 184 331-1 -1 -1 -1000 -1000 -1000 -10 -0.705871
Pedestrian -1 -1 -10 773 104 806 197-1 -1 -1 -1000 -1000 -1000 -10 -0.757682
Pedestrian -1 -1 -10 575 155 634 223-1 -1 -1 -1000 -1000 -1000 -10 -0.833137
Pedestrian -1 -1 -10 12 107 53 222-1 -1 -1 -1000 -1000 -1000 -10 -0.862873
Pedestrian -1 -1 -10 665 129 696 216-1 -1 -1 -1000 -1000 -1000 -10 -0.90781
Pedestrian -1 -1 -10 1093 170 1170 312-1 -1 -1 -1000 -1000 -1000 -10 -0.920701
Pedestrian -1 -1 -10 653 87 703 180-1 -1 -1 -1000 -1000 -1000 -10 -0.940374
