Pedestrian -1 -1 -10 216 80 260 203-1 -1 -1 -1000 -1000 -1000 -10 -0.35104
Pedestrian -1 -1 -10 1021 130 1057 230-1 -1 -1 -1000 -1000 -1000 -10 -0.418809
Pedestrian -1 -1 -10 608 93 736 239-1 -1 -1 -1000 -1000 -1000 -10 -0.504641
Pedestrian -1 -1 -10 370 180 411 295-1 -1 -1 -1000 -1000 -1000 -10 -0.543107
Pedestrian -1 -1 -10 725 103 803 193-1 -1 -1 -1000 -1000 -1000 -10 -0.806157
Pedestrian -1 -1 -10 304 13 388 109-1 -1 -1 -1000 -1000 -1000 -10 -0.821995
Pedestrian -1 -1 -10 339 64 422 295-1 -1 -1 -1000 -1000 -1000 -10 -0.883362
Pedestrian -1 -1 -10 301 121 334 214-1 -1 -1 -1000 -1000 -1000 -10 -0.904946
Pedestrian -1 -1 -10 190 87 309 223-1 -1 -1 -1000 -1000 -1000 -10 -0.922559
Pedestrian -1 -1 -10 1058 102 1121 175-1 -1 -1 -1000 -1000 -1000 -10 -0.96041
Pedestrian -1 -1 -10 359 1 422 74-1 -1 -1 -1000 -1000 -1000 -10 -0.979345
Pedestrian -1 -1 -10 917 92 961 215-1 -1 -1 -1000 -1000 -1000 -10 -0.992744
