Pedestrian -1 -1 -10 661 78 694 171-1 -1 -1 -1000 -1000 -1000 -10 -0.0618782
Pedestrian -1 -1 -10 273 73 304 160-1 -1 -1 -1000 -1000 -1000 -10 -0.301949
Pedestrian -1 -1 -10 12 75 53 190-1 -1 -1 -1000 -1000 -1000 -10 -0.575068
Pedestrian -1 -1 -10 378 95 411 188-1 -1 -1 -1000 -1000 -1000 -10 -0.592945
Pedestrian -1 -1 -10 929 216 996 339-1 -1 -1 -1000 -1000 -1000 -10 -0.597166
Pedestrian -1 -1 -10 103 92 147 215-1 -1 -1 -1000 -1000 -1000 -10 -0.615072
Pedestrian -1 -1 -10 95 164 128 257-1 -1 -1 -1000 -1000 -1000 -10 -0.631901
Pedestrian -1 -1 -10 391 183 572 375-1 -1 -1 -1000 -1000 -1000 -10 -0.635518
Pedestrian -1 -1 -10 1 1 69 189-1 -1 -1 -1000 -1000 -1000 -10 -0.641366
Pedestrian -1 -1 -10 159 149 197 256-1 -1 -1 -1000 -1000 -1000 -10 -0.729708
Pedestrian -1 -1 -10 137 1 168 88-1 -1 -1 -1000 -1000 -1000 -10 -0.766315
Pedestrian -1 -1 -10 907 218 1024 375-1 -1 -1 -1000 -1000 -1000 -10 -0.82769
Pedestrian -1 -1 -10 137 81 192 144-1 -1 -1 -1000 -1000 -1000 -10 -0.850552
Pedestrian -1 -1 -10 61 27 94 120-1 -1 -1 -1000 -1000 -1000 -10 -0.877759
Pedestrian -1 -1 -10 673 57 720 144-1 -1 -1 -1000 -1000 -1000 -10 -0.88348
Pedestrian -1 -1 -10 43 43 169 274-1 -1 -1 -1000 -1000 -1000 -10 -0.889277
Pedestrian -1 -1 -10 178 99 216 206-1 -1 -1 -1000 -1000 -1000 -10 -0.907931
Pedestrian -1 -1 -10 741 62 813 194-1 -1 -1 -1000 -1000 -1000 -10 -0.921629
Pedestrian -1 -1 -10 670 293 720 375-1 -1 -1 -1000 -1000 -1000 -10 -0.926226
Pedestrian -1 -1 -10 927 180 1135 375-1 -1 -1 -1000 -1000 -1000 -10 -0.927496
Pedestrian -1 -1 -10 613 22 654 137-1 -1 -1 -1000 -1000 -1000 -10 -0.93273
Pedestrian -1 -1 -10 169 41 200 128-1 -1 -1 -1000 -1000 -1000 -10 -0.940434
Pedestrian -1 -1 -10 961 105 1008 192-1 -1 -1 -1000 -1000 -1000 -10 -0.941899
Pedestrian -1 -1 -10 798 95 831 188-1 -1 -1 -1000 -1000 -1000 -10 -0.945294
Pedestrian -1 -1 -10 193 161 224 248-1 -1 -1 -1000 -1000 -1000 -10 -0.973733
