Pedestrian -1 -1 -10 165 16 224 179-1 -1 -1 -1000 -1000 -1000 -10 -0.0400629
Pedestrian -1 -1 -10 927 135 986 298-1 -1 -1 -1000 -1000 -1000 -10 -0.100886
Pedestrian -1 -1 -10 729 193 760 280-1 -1 -1 -1000 -1000 -1000 -10 -0.133006
Pedestrian -1 -1 -10 121 44 154 137-1 -1 -1 -1000 -1000 -1000 -10 -0.261994
Pedestrian -1 -1 -10 454 168 492 275-1 -1 -1 -1000 -1000 -1000 -10 -0.307195
Pedestrian -1 -1 -10 872 284 950 374-1 -1 -1 -1000 -1000 -1000 -10 -0.31954
Pedestrian -1 -1 -10 1025 107 1066 222-1 -1 -1 -1000 -1000 -1000 -10 -0.384743
Pedestrian -1 -1 -10 438 147 510 279-1 -1 -1 -1000 -1000 -1000 -10 -0.553285
Pedestrian -1 -1 -10 833 92 884 234-1 -1 -1 -1000 -1000 -1000 -10 -0.611127
Pedestrian -1 -1 -10 986 119 1064 335-1 -1 -1 -1000 -1000 -1000 -10 -0.631006
Pedestrian -1 -1 -10 782 191 823 306-1 -1 -1 -1000 -1000 -1000 -10 -0.659163
Pedestrian -1 -1 -10 1012 47 1048 147-1 -1 -1 -1000 -1000 -1000 -10 -0.690682
Pedestrian -1 -1 -10 122 37 170 169-1 -1 -1 -1000 -1000 -1000 -10 -0.694936
Pedestrian -1 -1 -10 578 1 622 124-1 -1 -1 -1000 -1000 -1000 -10 -0.730349
Pedestrian -1 -1 -10 849 201 896 288-1 -1 -1 -1000 -1000 -1000 -10 -0.77223
Pedestrian -1 -1 -10 434 180 523 343-1 -1 -1 -1000 -1000 -1000 -10 -0.812349
Pedestrian -1 -1 -10 1183 218 1238 325-1 -1 -1 -1000 -1000 -1000 -10 -0.842083
Pedestrian -1 -1 -10 721 169 776 232-1 -1 -1 -1000 -1000 -1000 -10 -0.855932
Pedestrian -1 -1 -10 827 216 871 339-1 -1 -1 -1000 -1000 -1000 -10 -0.857787
Pedestrian -1 -1 -10 680 103 724 226-1 -1 -1 -1000 -1000 -1000 -10 -0.867614
Pedestrian -1 -1 -10 569 297 616 374-1 -1 -1 -1000 -1000 -1000 -10 -0.870794
Pedestrian -1 -1 -10 719 170 781 285-1 -1 -1 -1000 -1000 -1000 -10 -0.873171
Pedestrian -1 -1 -10 1189 125 1238 248-1 -1 -1 -1000 -1000 -1000 -10 -0.898265
Pedestrian -1 -1 -10 1098 95 1148 188-1 -1 -1 -1000 -1000 -1000 -10 -0.930401
Pedestrian -1 -1 -10 1 280 98 374-1 -1 -1 -1000 -1000 -1000 -10 -0.9712
Pedestrian -1 -1 -10 906 114 996 362-1 -1 -1 -1000 -1000 -1000 -10 -0.984839
