Pedestrian -1 -1 -10 948 157 984 257-1 -1 -1 -1000 -1000 -1000 -10 0.144868
Pedestrian -1 -1 -10 941 105 1000 268-1 -1 -1 -1000 -1000 -1000 -10 0.0407596
Pedestrian -1 -1 -10 1 1 104 286-1 -1 -1 -1000 -1000 -1000 -10 -0.494536
Pedestrian -1 -1 -10 593 105 624 192-1 -1 -1 -1000 -1000 -1000 -10 -0.664567
Pedestrian -1 -1 -10 705 129 736 216-1 -1 -1 -1000 -1000 -1000 -10 -0.670072
Pedestrian -1 -1 -10 287 60 325 167-1 -1 -1 -1000 -1000 -1000 -10 -0.756227
Pedestrian -1 -1 -10 1081 25 1112 112-1 -1 -1 -1000 -1000 -1000 -10 -0.765141
Pedestrian -1 -1 -10 442 111 698 375-1 -1 -1 -1000 -1000 -1000 -10 -0.82053
Pedestrian -1 -1 -10 336 80 404 158-1 -1 -1 -1000 -1000 -1000 -10 -0.847016
Pedestrian -1 -1 -10 927 87 960 180-1 -1 -1 -1000 -1000 -1000 -10 -0.872375
Pedestrian -1 -1 -10 1019 24 1097 114-1 -1 -1 -1000 -1000 -1000 -10 -0.956054
