Pedestrian -1 -1 -10 287 79 364 221-1 -1 -1 -1000 -1000 -1000 -10 -0.130154
Pedestrian -1 -1 -10 393 129 424 216-1 -1 -1 -1000 -1000 -1000 -10 -0.368504
Pedestrian -1 -1 -10 753 171 801 303-1 -1 -1 -1000 -1000 -1000 -10 -0.390205
Pedestrian -1 -1 -10 1025 129 1056 216-1 -1 -1 -1000 -1000 -1000 -10 -0.527275
Pedestrian -1 -1 -10 966 75 1002 175-1 -1 -1 -1000 -1000 -1000 -10 -0.577076
Pedestrian -1 -1 -10 813 244 885 375-1 -1 -1 -1000 -1000 -1000 -10 -0.623155
Pedestrian -1 -1 -10 433 121 480 208-1 -1 -1 -1000 -1000 -1000 -10 -0.629113
Pedestrian -1 -1 -10 697 15 794 125-1 -1 -1 -1000 -1000 -1000 -10 -0.693192
Pedestrian -1 -1 -10 996 119 1064 197-1 -1 -1 -1000 -1000 -1000 -10 -0.706341
Pedestrian -1 -1 -10 673 161 720 248-1 -1 -1 -1000 -1000 -1000 -10 -0.787691
Pedestrian -1 -1 -10 719 43 802 274-1 -1 -1 -1000 -1000 -1000 -10 -0.805779
Pedestrian -1 -1 -10 828 237 965 375-1 -1 -1 -1000 -1000 -1000 -10 -0.877161
Pedestrian -1 -1 -10 1 1 111 306-1 -1 -1 -1000 -1000 -1000 -10 -0.88706
Pedestrian -1 -1 -10 518 64 580 179-1 -1 -1 -1000 -1000 -1000 -10 -0.901228
Pedestrian -1 -1 -10 164 52 197 145-1 -1 -1 -1000 -1000 -1000 -10 -0.907373
Pedestrian -1 -1 -10 974 46 1018 169-1 -1 -1 -1000 -1000 -1000 -10 -0.907395
Pedestrian -1 -1 -10 455 121 505 214-1 -1 -1 -1000 -1000 -1000 -10 -0.907537
Pedestrian -1 -1 -10 598 61 701 179-1 -1 -1 -1000 -1000 -1000 -10 -0.968197
Pedestrian -1 -1 -10 353 81 400 168-1 -1 -1 -1000 -1000 -1000 -10 -0.976366
Pedestrian -1 -1 -10 387 19 496 220-1 -1 -1 -1000 -1000 -1000 -10 -0.985418
Pedestrian -1 -1 -10 233 65 280 152-1 -1 -1 -1000 -1000 -1000 -10 -0.9906
