Pedestrian -1 -1 -10 756 112 789 205-1 -1 -1 -1000 -1000 -1000 -10 0.114917
Pedestrian -1 -1 -10 359 31 418 194-1 -1 -1 -1000 -1000 -1000 -10 -0.35083
Pedestrian -1 -1 -10 618 18 677 86-1 -1 -1 -1000 -1000 -1000 -10 -0.653864
Pedestrian -1 -1 -10 503 80 571 158-1 -1 -1 -1000 -1000 -1000 -10 -0.702032
Pedestrian -1 -1 -10 736 92 780 215-1 -1 -1 -1000 -1000 -1000 -10 -0.73517
Pedestrian -1 -1 -10 794 79 884 182-1 -1 -1 -1000 -1000 -1000 -10 -0.755842
Pedestrian -1 -1 -10 781 1 878 111-1 -1 -1 -1000 -1000 -1000 -10 -0.799123
Pedestrian -1 -1 -10 340 92 384 215-1 -1 -1 -1000 -1000 -1000 -10 -0.817303
Pedestrian -1 -1 -10 628 16 687 179-1 -1 -1 -1000 -1000 -1000 -10 -0.828557
Pedestrian -1 -1 -10 408 69 475 192-1 -1 -1 -1000 -1000 -1000 -10 -0.881065
Pedestrian -1 -1 -10 529 65 592 240-1 -1 -1 -1000 -1000 -1000 -10 -0.897531
Pedestrian -1 -1 -10 681 80 739 187-1 -1 -1 -1000 -1000 -1000 -10 -0.901186
Pedestrian -1 -1 -10 1210 210 1242 373-1 -1 -1 -1000 -1000 -1000 -10 -0.950565
Pedestrian -1 -1 -10 721 49 784 224-1 -1 -1 -1000 -1000 -1000 -10 -0.988048
