Pedestrian -1 -1 -10 986 40 1024 147-1 -1 -1 -1000 -1000 -1000 -10 0.188713
Pedestrian -1 -1 -10 663 84 699 184-1 -1 -1 -1000 -1000 -1000 -10 0.177305
Pedestrian -1 -1 -10 704 50 752 182-1 -1 -1 -1000 -1000 -1000 -10 -0.0219536
Pedestrian -1 -1 -10 169 57 200 144-1 -1 -1 -1000 -1000 -1000 -10 -0.492829
Pedestrian -1 -1 -10 1 78 34 171-1 -1 -1 -1000 -1000 -1000 -10 -0.534024
Pedestrian -1 -1 -10 329 9 360 96-1 -1 -1 -1000 -1000 -1000 -10 -0.601753
Pedestrian -1 -1 -10 1 145 32 232-1 -1 -1 -1000 -1000 -1000 -10 -0.602254
Pedestrian -1 -1 -10 96 64 137 179-1 -1 -1 -1000 -1000 -1000 -10 -0.611529
Pedestrian -1 -1 -10 977 129 1008 216-1 -1 -1 -1000 -1000 -1000 -10 -0.621068
Pedestrian -1 -1 -10 976 43 1031 195-1 -1 -1 -1000 -1000 -1000 -10 -0.658886
Pedestrian -1 -1 -10 447 78 506 146-1 -1 -1 -1000 -1000 -1000 -10 -0.740671
Pedestrian -1 -1 -10 129 65 192 240-1 -1 -1 -1000 -1000 -1000 -10 -0.769736
Pedestrian -1 -1 -10 1008 148 1052 271-1 -1 -1 -1000 -1000 -1000 -10 -0.80453
Pedestrian -1 -1 -10 1 33 64 208-1 -1 -1 -1000 -1000 -1000 -10 -0.857391
Pedestrian -1 -1 -10 332 1 386 101-1 -1 -1 -1000 -1000 -1000 -10 -0.860507
Pedestrian -1 -1 -10 920 1 975 153-1 -1 -1 -1000 -1000 -1000 -10 -0.902107
Pedestrian -1 -1 -10 249 84 285 184-1 -1 -1 -1000 -1000 -1000 -10 -0.91009
Pedestrian -1 -1 -10 57 97 88 184-1 -1 -1 -1000 -1000 -1000 -10 -0.94921
Pedestrian -1 -1 -10 455 75 517 190-1 -1 -1 -1000 -1000 -1000 -10 -0.962269
Pedestrian -1 -1 -10 198 109 256 216-1 -1 -1 -1000 -1000 -1000 -10 -0.964962
Pedestrian -1 -1 -10 280 1 390 306-1 -1 -1 -1000 -1000 -1000 -10 -0.965314
Pedestrian -1 -1 -10 505 113 536 200-1 -1 -1 -1000 -1000 -1000 -10 -0.976339
Pedestrian -1 -1 -10 35 148 113 238-1 -1 -1 -1000 -1000 -1000 -10 -0.995931
