Pedestrian -1 -1 -10 1210 87 1241 180-1 -1 -1 -1000 -1000 -1000 -10 -0.583445
Pedestrian -1 -1 -10 293 27 326 120-1 -1 -1 -1000 -1000 -1000 -10 -0.648217
Pedestrian -1 -1 -10 12 233 85 316-1 -1 -1 -1000 -1000 -1000 -10 -0.733054
Pedestrian -1 -1 -10 332 10 386 110-1 -1 -1 -1000 -1000 -1000 -10 -0.78466
Pedestrian -1 -1 -10 1203 1 1241 108-1 -1 -1 -1000 -1000 -1000 -10 -0.789337
Pedestrian -1 -1 -10 171 58 215 181-1 -1 -1 -1000 -1000 -1000 -10 -0.810734
Pedestrian -1 -1 -10 1035 1 1103 79-1 -1 -1 -1000 -1000 -1000 -10 -0.838038
Pedestrian -1 -1 -10 963 92 1030 215-1 -1 -1 -1000 -1000 -1000 -10 -0.851127
Pedestrian -1 -1 -10 1205 222 1241 322-1 -1 -1 -1000 -1000 -1000 -10 -0.862697
Pedestrian -1 -1 -10 257 105 312 168-1 -1 -1 -1000 -1000 -1000 -10 -0.892938
Pedestrian -1 -1 -10 985 35 1063 125-1 -1 -1 -1000 -1000 -1000 -10 -0.908965
Pedestrian -1 -1 -10 65 209 112 296-1 -1 -1 -1000 -1000 -1000 -10 -0.919966
Pedestrian -1 -1 -10 1056 207 1115 275-1 -1 -1 -1000 -1000 -1000 -10 -0.92962
Pedestrian -1 -1 -10 1045 119 1083 226-1 -1 -1 -1000 -1000 -1000 -10 -0.979585
Pedestrian -1 -1 -10 489 65 536 152-1 -1 -1 -1000 -1000 -1000 -10 -0.989219
