Pedestrian -1 -1 -10 49 305 104 368-1 -1 -1 -1000 -1000 -1000 -10 -0.482477
Pedestrian -1 -1 -10 632 62 704 194-1 -1 -1 -1000 -1000 -1000 -10 -0.518635
Pedestrian -1 -1 -10 825 281 856 368-1 -1 -1 -1000 -1000 -1000 -10 -0.60378
Pedestrian -1 -1 -10 1054 105 1131 247-1 -1 -1 -1000 -1000 -1000 -10 -0.736197
Pedestrian -1 -1 -10 710 188 768 295-1 -1 -1 -1000 -1000 -1000 -10 -0.738148
Pedestrian -1 -1 -10 753 244 837 340-1 -1 -1 -1000 -1000 -1000 -10 -0.789096
Pedestrian -1 -1 -10 1210 209 1242 351-1 -1 -1 -1000 -1000 -1000 -10 -0.793346
Pedestrian -1 -1 -10 833 310 892 375-1 -1 -1 -1000 -1000 -1000 -10 -0.797513
Pedestrian -1 -1 -10 1025 257 1083 364-1 -1 -1 -1000 -1000 -1000 -10 -0.8006
Pedestrian -1 -1 -10 295 159 385 375-1 -1 -1 -1000 -1000 -1000 -10 -0.894734
Pedestrian -1 -1 -10 1081 10 1140 78-1 -1 -1 -1000 -1000 -1000 -10 -0.930491
Pedestrian -1 -1 -10 425 41 456 128-1 -1 -1 -1000 -1000 -1000 -10 -0.930782
Pedestrian -1 -1 -10 562 120 598 220-1 -1 -1 -1000 -1000 -1000 -10 -0.948201
Pedestrian -1 -1 -10 1081 49 1112 136-1 -1 -1 -1000 -1000 -1000 -10 -0.964495
Pedestrian -1 -1 -10 632 1 801 194-1 -1 -1 -1000 -1000 -1000 -10 -0.988664
Pedestrian -1 -1 -10 661 318 720 375-1 -1 -1 -1000 -1000 -1000 -10 -0.992969
Pedestrian -1 -1 -10 1064 284 1114 375-1 -1 -1 -1000 -1000 -1000 -10 -0.995127
