Pedestrian -1 -1 -10 872 159 916 282-1 -1 -1 -1000 -1000 -1000 -10 0.512055
Pedestrian -1 -1 -10 1039 212 1075 312-1 -1 -1 -1000 -1000 -1000 -10 -0.28909
Pedestrian -1 -1 -10 837 135 926 298-1 -1 -1 -1000 -1000 -1000 -10 -0.582338
Pedestrian -1 -1 -10 297 233 352 296-1 -1 -1 -1000 -1000 -1000 -10 -0.588973
Pedestrian -1 -1 -10 543 267 601 370-1 -1 -1 -1000 -1000 -1000 -10 -0.654453
Pedestrian -1 -1 -10 1144 139 1202 246-1 -1 -1 -1000 -1000 -1000 -10 -0.801792
Pedestrian -1 -1 -10 417 161 472 224-1 -1 -1 -1000 -1000 -1000 -10 -0.804607
Pedestrian -1 -1 -10 9 113 56 200-1 -1 -1 -1000 -1000 -1000 -10 -0.816061
Pedestrian -1 -1 -10 153 89 200 176-1 -1 -1 -1000 -1000 -1000 -10 -0.838104
Pedestrian -1 -1 -10 537 1 592 64-1 -1 -1 -1000 -1000 -1000 -10 -0.855627
Pedestrian -1 -1 -10 567 261 645 351-1 -1 -1 -1000 -1000 -1000 -10 -0.856469
Pedestrian -1 -1 -10 401 97 432 184-1 -1 -1 -1000 -1000 -1000 -10 -0.860078
Pedestrian -1 -1 -10 525 258 561 358-1 -1 -1 -1000 -1000 -1000 -10 -0.873825
Pedestrian -1 -1 -10 489 307 586 370-1 -1 -1 -1000 -1000 -1000 -10 -0.880591
Pedestrian -1 -1 -10 306 70 344 177-1 -1 -1 -1000 -1000 -1000 -10 -0.929362
Pedestrian -1 -1 -10 1144 1 1222 217-1 -1 -1 -1000 -1000 -1000 -10 -0.965282
Pedestrian -1 -1 -10 607 256 691 352-1 -1 -1 -1000 -1000 -1000 -10 -0.967192
Pedestrian -1 -1 -10 207 112 240 205-1 -1 -1 -1000 -1000 -1000 -10 -0.980369
Pedestrian -1 -1 -10 873 33 904 120-1 -1 -1 -1000 -1000 -1000 -10 -0.984209
Pedestrian -1 -1 -10 651 1 754 286-1 -1 -1 -1000 -1000 -1000 -10 -0.984868
