Pedestrian -1 -1 -10 704 62 752 194-1 -1 -1 -1000 -1000 -1000 -10 -0.425802
Pedestrian -1 -1 -10 375 90 413 197-1 -1 -1 -1000 -1000 -1000 -10 -0.58955
Pedestrian -1 -1 -10 729 107 791 222-1 -1 -1 -1000 -1000 -1000 -10 -0.603426
Pedestrian -1 -1 -10 488 111 551 184-1 -1 -1 -1000 -1000 -1000 -10 -0.616849
Pedestrian -1 -1 -10 867 147 926 215-1 -1 -1 -1000 -1000 -1000 -10 -0.738376
Pedestrian -1 -1 -10 335 57 418 209-1 -1 -1 -1000 -1000 -1000 -10 -0.743771
Pedestrian -1 -1 -10 183 110 231 242-1 -1 -1 -1000 -1000 -1000 -10 -0.744808
Pedestrian -1 -1 -10 598 313 661 375-1 -1 -1 -1000 -1000 -1000 -10 -0.823926
Pedestrian -1 -1 -10 917 109 955 216-1 -1 -1 -1000 -1000 -1000 -10 -0.865483
Pedestrian -1 -1 -10 159 267 217 374-1 -1 -1 -1000 -1000 -1000 -10 -0.880696
Pedestrian -1 -1 -10 583 62 631 194-1 -1 -1 -1000 -1000 -1000 -10 -0.885481
Pedestrian -1 -1 -10 107 33 180 116-1 -1 -1 -1000 -1000 -1000 -10 -0.907774
Pedestrian -1 -1 -10 300 61 478 375-1 -1 -1 -1000 -1000 -1000 -10 -0.92017
Pedestrian -1 -1 -10 993 33 1184 375-1 -1 -1 -1000 -1000 -1000 -10 -0.95441
Pedestrian -1 -1 -10 793 1 860 124-1 -1 -1 -1000 -1000 -1000 -10 -0.979647
