Pedestrian -1 -1 -10 369 65 405 165-1 -1 -1 -1000 -1000 -1000 -10 -0.365945
Pedestrian -1 -1 -10 321 85 376 237-1 -1 -1 -1000 -1000 -1000 -10 -0.580122
Pedestrian -1 -1 -10 635 93 671 193-1 -1 -1 -1000 -1000 -1000 -10 -0.76088
Pedestrian -1 -1 -10 704 50 752 182-1 -1 -1 -1000 -1000 -1000 -10 -0.831165
Pedestrian -1 -1 -10 295 56 368 257-1 -1 -1 -1000 -1000 -1000 -10 -0.834116
Pedestrian -1 -1 -10 401 193 456 256-1 -1 -1 -1000 -1000 -1000 -10 -0.841916
Pedestrian -1 -1 -10 238 71 335 181-1 -1 -1 -1000 -1000 -1000 -10 -0.931488
Pedestrian -1 -1 -10 267 148 303 248-1 -1 -1 -1000 -1000 -1000 -10 -0.937287
Pedestrian -1 -1 -10 352 79 429 221-1 -1 -1 -1000 -1000 -1000 -10 -0.937786
Pedestrian -1 -1 -10 84 29 120 129-1 -1 -1 -1000 -1000 -1000 -10 -0.951365
Pedestrian -1 -1 -10 33 1 88 64-1 -1 -1 -1000 -1000 -1000 -10 -0.966009
Pedestrian -1 -1 -10 518 43 580 158-1 -1 -1 -1000 -1000 -1000 -10 -0.991069
