Pedestrian -1 -1 -10 225 177 256 264-1 -1 -1 -1000 -1000 -1000 -10 1.14377
Pedestrian -1 -1 -10 391 99 488 209-1 -1 -1 -1000 -1000 -1000 -10 -0.575479
Pedestrian -1 -1 -10 628 85 725 195-1 -1 -1 -1000 -1000 -1000 -10 -0.687262
Pedestrian -1 -1 -10 1193 81 1242 144-1 -1 -1 -1000 -1000 -1000 -10 -0.707008
Pedestrian -1 -1 -10 1104 11 1142 118-1 -1 -1 -1000 -1000 -1000 -10 -0.768632
Pedestrian -1 -1 -10 139 47 175 147-1 -1 -1 -1000 -1000 -1000 -10 -0.843434
Pedestrian -1 -1 -10 225 91 284 254-1 -1 -1 -1000 -1000 -1000 -10 -0.858881
Pedestrian -1 -1 -10 284 70 317 163-1 -1 -1 -1000 -1000 -1000 -10 -0.879724
Pedestrian -1 -1 -10 993 1 1140 169-1 -1 -1 -1000 -1000 -1000 -10 -0.906933
Pedestrian -1 -1 -10 198 159 256 266-1 -1 -1 -1000 -1000 -1000 -10 -0.928599
Pedestrian -1 -1 -10 1141 78 1200 146-1 -1 -1 -1000 -1000 -1000 -10 -0.960153
Pedestrian -1 -1 -10 793 321 848 375-1 -1 -1 -1000 -1000 -1000 -10 -0.96873
Pedestrian -1 -1 -10 465 85 760 375-1 -1 -1 -1000 -1000 -1000 -10 -0.992544
