Pedestrian -1 -1 -10 321 99 376 251-1 -1 -1 -1000 -1000 -1000 -10 -0.266169
Pedestrian -1 -1 -10 727 93 763 193-1 -1 -1 -1000 -1000 -1000 -10 -0.419766
Pedestrian -1 -1 -10 781 172 831 265-1 -1 -1 -1000 -1000 -1000 -10 -0.55248
Pedestrian -1 -1 -10 753 183 825 315-1 -1 -1 -1000 -1000 -1000 -10 -0.833581
Pedestrian -1 -1 -10 956 70 994 177-1 -1 -1 -1000 -1000 -1000 -10 -0.842419
Pedestrian -1 -1 -10 777 150 866 313-1 -1 -1 -1000 -1000 -1000 -10 -0.867037
Pedestrian -1 -1 -10 494 91 597 209-1 -1 -1 -1000 -1000 -1000 -10 -0.883252
Pedestrian -1 -1 -10 917 58 984 181-1 -1 -1 -1000 -1000 -1000 -10 -0.887346
Pedestrian -1 -1 -10 521 233 552 320-1 -1 -1 -1000 -1000 -1000 -10 -0.892407
Pedestrian -1 -1 -10 508 85 634 316-1 -1 -1 -1000 -1000 -1000 -10 -0.90847
Pedestrian -1 -1 -10 157 92 247 195-1 -1 -1 -1000 -1000 -1000 -10 -0.950981
Pedestrian -1 -1 -10 651 118 728 260-1 -1 -1 -1000 -1000 -1000 -10 -0.980409
