Pedestrian -1 -1 -10 1017 161 1048 248-1 -1 -1 -1000 -1000 -1000 -10 0.275753
Pedestrian -1 -1 -10 929 161 960 248-1 -1 -1 -1000 -1000 -1000 -10 0.169773
Pedestrian -1 -1 -10 95 164 154 232-1 -1 -1 -1000 -1000 -1000 -10 0.0362549
Pedestrian -1 -1 -10 524 130 557 223-1 -1 -1 -1000 -1000 -1000 -10 -0.0788069
Pedestrian -1 -1 -10 41 193 88 280-1 -1 -1 -1000 -1000 -1000 -10 -0.146644
Pedestrian -1 -1 -10 98 159 170 291-1 -1 -1 -1000 -1000 -1000 -10 -0.578562
Pedestrian -1 -1 -10 1 219 49 351-1 -1 -1 -1000 -1000 -1000 -10 -0.735056
Pedestrian -1 -1 -10 335 1 390 153-1 -1 -1 -1000 -1000 -1000 -10 -0.824544
Pedestrian -1 -1 -10 1203 159 1242 375-1 -1 -1 -1000 -1000 -1000 -10 -0.845516
Pedestrian -1 -1 -10 718 91 807 254-1 -1 -1 -1000 -1000 -1000 -10 -0.874331
Pedestrian -1 -1 -10 618 190 686 375-1 -1 -1 -1000 -1000 -1000 -10 -0.9017
Pedestrian -1 -1 -10 628 71 683 223-1 -1 -1 -1000 -1000 -1000 -10 -0.910505
Pedestrian -1 -1 -10 983 138 1056 221-1 -1 -1 -1000 -1000 -1000 -10 -0.939273
Pedestrian -1 -1 -10 46 270 149 375-1 -1 -1 -1000 -1000 -1000 -10 -0.962571
Pedestrian -1 -1 -10 64 149 137 232-1 -1 -1 -1000 -1000 -1000 -10 -0.970948
Pedestrian -1 -1 -10 49 145 144 320-1 -1 -1 -1000 -1000 -1000 -10 -0.971235
Pedestrian -1 -1 -10 638 131 728 234-1 -1 -1 -1000 -1000 -1000 -10 -0.972992
Pedestrian -1 -1 -10 1097 169 1144 256-1 -1 -1 -1000 -1000 -1000 -10 -0.992587
