Pedestrian -1 -1 -10 286 19 322 119-1 -1 -1 -1000 -1000 -1000 -10 -0.409401
Pedestrian -1 -1 -10 498 293 548 375-1 -1 -1 -1000 -1000 -1000 -10 -0.780525
Pedestrian -1 -1 -10 473 89 520 176-1 -1 -1 -1000 -1000 -1000 -10 -0.803423
Pedestrian -1 -1 -10 598 46 687 209-1 -1 -1 -1000 -1000 -1000 -10 -0.806645
Pedestrian -1 -1 -10 953 52 986 145-1 -1 -1 -1000 -1000 -1000 -10 -0.811062
Pedestrian -1 -1 -10 16 1 75 164-1 -1 -1 -1000 -1000 -1000 -10 -0.918762
Pedestrian -1 -1 -10 986 247 1054 325-1 -1 -1 -1000 -1000 -1000 -10 -0.922336
Pedestrian -1 -1 -10 286 107 327 222-1 -1 -1 -1000 -1000 -1000 -10 -0.938119
Pedestrian -1 -1 -10 529 105 576 192-1 -1 -1 -1000 -1000 -1000 -10 -0.990555
Pedestrian -1 -1 -10 270 91 329 254-1 -1 -1 -1000 -1000 -1000 -10 -0.992092
