Pedestrian -1 -1 -10 720 159 758 266-1 -1 -1 -1000 -1000 -1000 -10 0.195938
Pedestrian -1 -1 -10 404 164 437 257-1 -1 -1 -1000 -1000 -1000 -10 -0.0878911
Pedestrian -1 -1 -10 129 159 197 237-1 -1 -1 -1000 -1000 -1000 -10 -0.272128
Pedestrian -1 -1 -10 651 1 754 286-1 -1 -1 -1000 -1000 -1000 -10 -0.339422
Pedestrian -1 -1 -10 104 121 172 309-1 -1 -1 -1000 -1000 -1000 -10 -0.510979
Pedestrian -1 -1 -10 513 161 544 248-1 -1 -1 -1000 -1000 -1000 -10 -0.611961
Pedestrian -1 -1 -10 159 171 203 294-1 -1 -1 -1000 -1000 -1000 -10 -0.633751
Pedestrian -1 -1 -10 505 105 552 192-1 -1 -1 -1000 -1000 -1000 -10 -0.672273
Pedestrian -1 -1 -10 761 153 816 216-1 -1 -1 -1000 -1000 -1000 -10 -0.744638
Pedestrian -1 -1 -10 718 135 821 253-1 -1 -1 -1000 -1000 -1000 -10 -0.806809
Pedestrian -1 -1 -10 1 80 276 370-1 -1 -1 -1000 -1000 -1000 -10 -0.853445
Pedestrian -1 -1 -10 614 43 669 195-1 -1 -1 -1000 -1000 -1000 -10 -0.886787
Pedestrian -1 -1 -10 793 65 824 152-1 -1 -1 -1000 -1000 -1000 -10 -0.898224
Pedestrian -1 -1 -10 589 58 633 181-1 -1 -1 -1000 -1000 -1000 -10 -0.902586
Pedestrian -1 -1 -10 293 130 352 198-1 -1 -1 -1000 -1000 -1000 -10 -0.928098
Pedestrian -1 -1 -10 550 35 686 370-1 -1 -1 -1000 -1000 -1000 -10 -0.949415
Pedestrian -1 -1 -10 969 81 1016 168-1 -1 -1 -1000 -1000 -1000 -10 -0.972692
Pedestrian -1 -1 -10 902 120 938 220-1 -1 -1 -1000 -1000 -1000 -10 -0.998811
