Pedestrian -1 -1 -10 1 105 32 192-1 -1 -1 -1000 -1000 -1000 -10 -0.303751
Pedestrian -1 -1 -10 1 46 60 209-1 -1 -1 -1000 -1000 -1000 -10 -0.488187
Pedestrian -1 -1 -10 208 70 246 177-1 -1 -1 -1000 -1000 -1000 -10 -0.617933
Pedestrian -1 -1 -10 1185 49 1242 224-1 -1 -1 -1000 -1000 -1000 -10 -0.624331
Pedestrian -1 -1 -10 1081 130 1114 223-1 -1 -1 -1000 -1000 -1000 -10 -0.655354
Pedestrian -1 -1 -10 464 76 523 239-1 -1 -1 -1000 -1000 -1000 -10 -0.731816
Pedestrian -1 -1 -10 1097 185 1144 272-1 -1 -1 -1000 -1000 -1000 -10 -0.774913
Pedestrian -1 -1 -10 316 198 453 355-1 -1 -1 -1000 -1000 -1000 -10 -0.802308
Pedestrian -1 -1 -10 918 318 951 375-1 -1 -1 -1000 -1000 -1000 -10 -0.820889
Pedestrian -1 -1 -10 781 112 831 205-1 -1 -1 -1000 -1000 -1000 -10 -0.864929
Pedestrian -1 -1 -10 1165 219 1242 315-1 -1 -1 -1000 -1000 -1000 -10 -0.869486
Pedestrian -1 -1 -10 729 287 819 375-1 -1 -1 -1000 -1000 -1000 -10 -0.907435
Pedestrian -1 -1 -10 1 24 91 272-1 -1 -1 -1000 -1000 -1000 -10 -0.920356
Pedestrian -1 -1 -10 537 113 584 200-1 -1 -1 -1000 -1000 -1000 -10 -0.943215
Pedestrian -1 -1 -10 1 261 78 375-1 -1 -1 -1000 -1000 -1000 -10 -0.950735
Pedestrian -1 -1 -10 1153 65 1216 240-1 -1 -1 -1000 -1000 -1000 -10 -0.961914
Pedestrian -1 -1 -10 1155 46 1242 294-1 -1 -1 -1000 -1000 -1000 -10 -0.969988
Pedestrian -1 -1 -10 561 121 616 184-1 -1 -1 -1000 -1000 -1000 -10 -0.976431
Pedestrian -1 -1 -10 321 1 376 64-1 -1 -1 -1000 -1000 -1000 -10 -0.991338
