Pedestrian -1 -1 -10 837 111 873 211-1 -1 -1 -1000 -1000 -1000 -10 -0.484407
Pedestrian -1 -1 -10 430 10 480 103-1 -1 -1 -1000 -1000 -1000 -10 -0.659228
Pedestrian -1 -1 -10 1203 139 1241 246-1 -1 -1 -1000 -1000 -1000 -10 -0.674527
Pedestrian -1 -1 -10 833 9 880 96-1 -1 -1 -1000 -1000 -1000 -10 -0.765404
Pedestrian -1 -1 -10 781 61 814 154-1 -1 -1 -1000 -1000 -1000 -10 -0.827839
Pedestrian -1 -1 -10 336 1 374 108-1 -1 -1 -1000 -1000 -1000 -10 -0.828905
Pedestrian -1 -1 -10 1065 21 1103 128-1 -1 -1 -1000 -1000 -1000 -10 -0.893248
Pedestrian -1 -1 -10 289 1 400 128-1 -1 -1 -1000 -1000 -1000 -10 -0.9046
Pedestrian -1 -1 -10 295 1 430 249-1 -1 -1 -1000 -1000 -1000 -10 -0.911137
Pedestrian -1 -1 -10 633 105 680 192-1 -1 -1 -1000 -1000 -1000 -10 -0.953585
Pedestrian -1 -1 -10 1067 1 1130 74-1 -1 -1 -1000 -1000 -1000 -10 -0.962617
Pedestrian -1 -1 -10 833 57 880 144-1 -1 -1 -1000 -1000 -1000 -10 -0.990353
