Pedestrian -1 -1 -10 764 111 800 211-1 -1 -1 -1000 -1000 -1000 -10 -0.369157
Pedestrian -1 -1 -10 1165 225 1224 375-1 -1 -1 -1000 -1000 -1000 -10 -0.658467
Pedestrian -1 -1 -10 838 103 882 226-1 -1 -1 -1000 -1000 -1000 -10 -0.745667
Pedestrian -1 -1 -10 865 33 928 208-1 -1 -1 -1000 -1000 -1000 -10 -0.767275
Pedestrian -1 -1 -10 1049 41 1104 104-1 -1 -1 -1000 -1000 -1000 -10 -0.841773
Pedestrian -1 -1 -10 729 96 770 211-1 -1 -1 -1000 -1000 -1000 -10 -0.890382
Pedestrian -1 -1 -10 709 130 745 230-1 -1 -1 -1000 -1000 -1000 -10 -0.898337
Pedestrian -1 -1 -10 180 1 298 328-1 -1 -1 -1000 -1000 -1000 -10 -0.944615
Pedestrian -1 -1 -10 493 119 561 197-1 -1 -1 -1000 -1000 -1000 -10 -0.963108
Pedestrian -1 -1 -10 1 149 59 256-1 -1 -1 -1000 -1000 -1000 -10 -0.963428
Pedestrian -1 -1 -10 294 85 349 237-1 -1 -1 -1000 -1000 -1000 -10 -0.978247
Pedestrian -1 -1 -10 434 76 493 239-1 -1 -1 -1000 -1000 -1000 -10 -0.981146
Pedestrian -1 -1 -10 78 310 128 375-1 -1 -1 -1000 -1000 -1000 -10 -0.993282
