Pedestrian -1 -1 -10 69 80 113 203-1 -1 -1 -1000 -1000 -1000 -10 -0.000960827
Pedestrian -1 -1 -10 413 96 454 211-1 -1 -1 -1000 -1000 -1000 -10 -0.0604043
Pedestrian -1 -1 -10 714 114 758 237-1 -1 -1 -1000 -1000 -1000 -10 -0.615722
Pedestrian -1 -1 -10 892 65 928 165-1 -1 -1 -1000 -1000 -1000 -10 -0.698867
Pedestrian -1 -1 -10 326 50 384 157-1 -1 -1 -1000 -1000 -1000 -10 -0.721478
Pedestrian -1 -1 -10 1 27 51 120-1 -1 -1 -1000 -1000 -1000 -10 -0.769176
Pedestrian -1 -1 -10 273 113 304 200-1 -1 -1 -1000 -1000 -1000 -10 -0.770385
Pedestrian -1 -1 -10 16 61 75 224-1 -1 -1 -1000 -1000 -1000 -10 -0.775899
Pedestrian -1 -1 -10 345 137 392 224-1 -1 -1 -1000 -1000 -1000 -10 -0.801488
Pedestrian -1 -1 -10 404 61 463 224-1 -1 -1 -1000 -1000 -1000 -10 -0.828865
Pedestrian -1 -1 -10 305 1 336 88-1 -1 -1 -1000 -1000 -1000 -10 -0.847929
Pedestrian -1 -1 -10 74 1 243 194-1 -1 -1 -1000 -1000 -1000 -10 -0.877946
Pedestrian -1 -1 -10 920 286 974 375-1 -1 -1 -1000 -1000 -1000 -10 -0.890486
Pedestrian -1 -1 -10 1049 169 1096 256-1 -1 -1 -1000 -1000 -1000 -10 -0.897724
Pedestrian -1 -1 -10 816 301 866 375-1 -1 -1 -1000 -1000 -1000 -10 -0.95647
Pedestrian -1 -1 -10 284 95 334 188-1 -1 -1 -1000 -1000 -1000 -10 -0.958027
Pedestrian -1 -1 -10 552 267 615 340-1 -1 -1 -1000 -1000 -1000 -10 -0.962648
Pedestrian -1 -1 -10 813 50 861 182-1 -1 -1 -1000 -1000 -1000 -10 -0.969876
