Pedestrian -1 -1 -10 1 46 60 209-1 -1 -1 -1000 -1000 -1000 -10 -0.111048
Pedestrian -1 -1 -10 444 70 482 177-1 -1 -1 -1000 -1000 -1000 -10 -0.393634
Pedestrian -1 -1 -10 182 1 272 249-1 -1 -1 -1000 -1000 -1000 -10 -0.507126
Pedestrian -1 -1 -10 24 1 114 249-1 -1 -1 -1000 -1000 -1000 -10 -0.516615
Pedestrian -1 -1 -10 553 129 591 236-1 -1 -1 -1000 -1000 -1000 -10 -0.614258
Pedestrian -1 -1 -10 913 1 944 88-1 -1 -1 -1000 -1000 -1000 -10 -0.74573
Pedestrian -1 -1 -10 753 41 784 128-1 -1 -1 -1000 -1000 -1000 -10 -0.786692
Pedestrian -1 -1 -10 341 25 510 218-1 -1 -1 -1000 -1000 -1000 -10 -0.794966
Pedestrian -1 -1 -10 91 31 209 358-1 -1 -1 -1000 -1000 -1000 -10 -0.858744
Pedestrian -1 -1 -10 929 295 1007 375-1 -1 -1 -1000 -1000 -1000 -10 -0.889472
Pedestrian -1 -1 -10 550 104 669 240-1 -1 -1 -1000 -1000 -1000 -10 -0.955122
Pedestrian -1 -1 -10 1 180 42 295-1 -1 -1 -1000 -1000 -1000 -10 -0.963358
