Pedestrian -1 -1 -10 742 157 793 299-1 -1 -1 -1000 -1000 -1000 -10 1.87432
Pedestrian -1 -1 -10 736 130 809 331-1 -1 -1 -1000 -1000 -1000 -10 0.0512104
Pedestrian -1 -1 -10 709 120 763 220-1 -1 -1 -1000 -1000 -1000 -10 -0.331073
Pedestrian -1 -1 -10 543 267 601 370-1 -1 -1 -1000 -1000 -1000 -10 -0.37096
Pedestrian -1 -1 -10 1039 212 1075 312-1 -1 -1 -1000 -1000 -1000 -10 -0.720608
Pedestrian -1 -1 -10 1132 1 1222 249-1 -1 -1 -1000 -1000 -1000 -10 -0.733312
Pedestrian -1 -1 -10 301 198 351 291-1 -1 -1 -1000 -1000 -1000 -10 -0.744706
Pedestrian -1 -1 -10 421 155 480 223-1 -1 -1 -1000 -1000 -1000 -10 -0.769124
Pedestrian -1 -1 -10 632 1 728 267-1 -1 -1 -1000 -1000 -1000 -10 -0.775894
Pedestrian -1 -1 -10 339 183 429 286-1 -1 -1 -1000 -1000 -1000 -10 -0.790998
Pedestrian -1 -1 -10 1044 134 1116 266-1 -1 -1 -1000 -1000 -1000 -10 -0.804384
Pedestrian -1 -1 -10 543 1 601 108-1 -1 -1 -1000 -1000 -1000 -10 -0.876559
Pedestrian -1 -1 -10 996 241 1029 334-1 -1 -1 -1000 -1000 -1000 -10 -0.877397
Pedestrian -1 -1 -10 345 121 392 208-1 -1 -1 -1000 -1000 -1000 -10 -0.890462
Pedestrian -1 -1 -10 153 89 200 176-1 -1 -1 -1000 -1000 -1000 -10 -0.893423
Pedestrian -1 -1 -10 781 181 840 249-1 -1 -1 -1000 -1000 -1000 -10 -0.900576
Pedestrian -1 -1 -10 799 80 857 187-1 -1 -1 -1000 -1000 -1000 -10 -0.908812
Pedestrian -1 -1 -10 497 304 560 370-1 -1 -1 -1000 -1000 -1000 -10 -0.939534
Pedestrian -1 -1 -10 396 84 432 184-1 -1 -1 -1000 -1000 -1000 -10 -0.959516
Pedestrian -1 -1 -10 1041 1 1224 370-1 -1 -1 -1000 -1000 -1000 -10 -0.986228
