Pedestrian -1 -1 -10 1 85 56 237-1 -1 -1 -1000 -1000 -1000 -10 -0.151244
Pedestrian -1 -1 -10 865 19 974 220-1 -1 -1 -1000 -1000 -1000 -10 -0.209021
Pedestrian -1 -1 -10 773 120 809 220-1 -1 -1 -1000 -1000 -1000 -10 -0.292517
Pedestrian -1 -1 -10 1 1 104 286-1 -1 -1 -1000 -1000 -1000 -10 -0.337224
Pedestrian -1 -1 -10 765 74 837 206-1 -1 -1 -1000 -1000 -1000 -10 -0.361311
Pedestrian -1 -1 -10 249 139 285 239-1 -1 -1 -1000 -1000 -1000 -10 -0.361413
Pedestrian -1 -1 -10 161 105 192 192-1 -1 -1 -1000 -1000 -1000 -10 -0.397634
Pedestrian -1 -1 -10 684 99 781 209-1 -1 -1 -1000 -1000 -1000 -10 -0.565713
Pedestrian -1 -1 -10 978 95 1028 188-1 -1 -1 -1000 -1000 -1000 -10 -0.57174
Pedestrian -1 -1 -10 238 85 293 237-1 -1 -1 -1000 -1000 -1000 -10 -0.631269
Pedestrian -1 -1 -10 883 313 946 375-1 -1 -1 -1000 -1000 -1000 -10 -0.711733
Pedestrian -1 -1 -10 176 1 212 101-1 -1 -1 -1000 -1000 -1000 -10 -0.71285
Pedestrian -1 -1 -10 1088 54 1129 169-1 -1 -1 -1000 -1000 -1000 -10 -0.789804
Pedestrian -1 -1 -10 1073 1 1104 88-1 -1 -1 -1000 -1000 -1000 -10 -0.825043
Pedestrian -1 -1 -10 1081 313 1128 375-1 -1 -1 -1000 -1000 -1000 -10 -0.871574
Pedestrian -1 -1 -10 1137 65 1232 240-1 -1 -1 -1000 -1000 -1000 -10 -0.877577
Pedestrian -1 -1 -10 833 1 988 286-1 -1 -1 -1000 -1000 -1000 -10 -0.889712
Pedestrian -1 -1 -10 601 80 668 203-1 -1 -1 -1000 -1000 -1000 -10 -0.897259
Pedestrian -1 -1 -10 219 1 315 267-1 -1 -1 -1000 -1000 -1000 -10 -0.911069
Pedestrian -1 -1 -10 498 138 557 206-1 -1 -1 -1000 -1000 -1000 -10 -0.931872
Pedestrian -1 -1 -10 35 1 171 375-1 -1 -1 -1000 -1000 -1000 -10 -0.965417
Pedestrian -1 -1 -10 1080 131 1170 234-1 -1 -1 -1000 -1000 -1000 -10 -0.967038
Pedestrian -1 -1 -10 294 29 349 181-1 -1 -1 -1000 -1000 -1000 -10 -0.985998
