Pedestrian -1 -1 -10 856 130 892 230-1 -1 -1 -1000 -1000 -1000 -10 -0.0251536
Pedestrian -1 -1 -10 241 33 288 120-1 -1 -1 -1000 -1000 -1000 -10 -0.385658
Pedestrian -1 -1 -10 168 99 251 251-1 -1 -1 -1000 -1000 -1000 -10 -0.401305
Pedestrian -1 -1 -10 598 31 657 194-1 -1 -1 -1000 -1000 -1000 -10 -0.489207
Pedestrian -1 -1 -10 848 40 926 256-1 -1 -1 -1000 -1000 -1000 -10 -0.511468
Pedestrian -1 -1 -10 1075 218 1143 296-1 -1 -1 -1000 -1000 -1000 -10 -0.608148
Pedestrian -1 -1 -10 986 61 1089 179-1 -1 -1 -1000 -1000 -1000 -10 -0.616101
Pedestrian -1 -1 -10 240 16 299 179-1 -1 -1 -1000 -1000 -1000 -10 -0.624426
Pedestrian -1 -1 -10 225 91 284 254-1 -1 -1 -1000 -1000 -1000 -10 -0.664633
Pedestrian -1 -1 -10 631 1 866 375-1 -1 -1 -1000 -1000 -1000 -10 -0.668194
Pedestrian -1 -1 -10 190 87 309 223-1 -1 -1 -1000 -1000 -1000 -10 -0.697078
Pedestrian -1 -1 -10 1025 1 1103 217-1 -1 -1 -1000 -1000 -1000 -10 -0.706596
Pedestrian -1 -1 -10 486 1 534 133-1 -1 -1 -1000 -1000 -1000 -10 -0.889594
Pedestrian -1 -1 -10 1201 10 1242 103-1 -1 -1 -1000 -1000 -1000 -10 -0.91856
