Pedestrian -1 -1 -10 631 1 669 108-1 -1 -1 -1000 -1000 -1000 -10 -0.627112
Pedestrian -1 -1 -10 1203 90 1241 197-1 -1 -1 -1000 -1000 -1000 -10 -0.761363
Pedestrian -1 -1 -10 600 85 655 237-1 -1 -1 -1000 -1000 -1000 -10 -0.817073
Pedestrian -1 -1 -10 180 1 283 119-1 -1 -1 -1000 -1000 -1000 -10 -0.831553
Pedestrian -1 -1 -10 553 1 591 108-1 -1 -1 -1000 -1000 -1000 -10 -0.841554
Pedestrian -1 -1 -10 345 153 376 240-1 -1 -1 -1000 -1000 -1000 -10 -0.884675
Pedestrian -1 -1 -10 589 1 679 249-1 -1 -1 -1000 -1000 -1000 -10 -0.885396
Pedestrian -1 -1 -10 498 98 582 194-1 -1 -1 -1000 -1000 -1000 -10 -0.906414
Pedestrian -1 -1 -10 1177 185 1208 272-1 -1 -1 -1000 -1000 -1000 -10 -0.946416
Pedestrian -1 -1 -10 632 1 728 267-1 -1 -1 -1000 -1000 -1000 -10 -0.961107
Pedestrian -1 -1 -10 297 129 328 216-1 -1 -1 -1000 -1000 -1000 -10 -0.999926
