Pedestrian -1 -1 -10 1 128 42 243-1 -1 -1 -1000 -1000 -1000 -10 -0.195258
Pedestrian -1 -1 -10 670 15 725 167-1 -1 -1 -1000 -1000 -1000 -10 -0.28759
Pedestrian -1 -1 -10 655 85 696 200-1 -1 -1 -1000 -1000 -1000 -10 -0.501933
Pedestrian -1 -1 -10 1 91 119 375-1 -1 -1 -1000 -1000 -1000 -10 -0.573743
Pedestrian -1 -1 -10 1204 128 1242 243-1 -1 -1 -1000 -1000 -1000 -10 -0.586003
Pedestrian -1 -1 -10 494 61 553 224-1 -1 -1 -1000 -1000 -1000 -10 -0.615292
Pedestrian -1 -1 -10 413 190 472 258-1 -1 -1 -1000 -1000 -1000 -10 -0.62697
Pedestrian -1 -1 -10 1171 266 1242 375-1 -1 -1 -1000 -1000 -1000 -10 -0.642181
Pedestrian -1 -1 -10 1057 1 1225 375-1 -1 -1 -1000 -1000 -1000 -10 -0.680345
Pedestrian -1 -1 -10 582 119 650 197-1 -1 -1 -1000 -1000 -1000 -10 -0.695931
Pedestrian -1 -1 -10 850 103 894 226-1 -1 -1 -1000 -1000 -1000 -10 -0.724321
Pedestrian -1 -1 -10 651 1 729 217-1 -1 -1 -1000 -1000 -1000 -10 -0.779838
Pedestrian -1 -1 -10 465 1 520 64-1 -1 -1 -1000 -1000 -1000 -10 -0.785777
Pedestrian -1 -1 -10 598 46 687 209-1 -1 -1 -1000 -1000 -1000 -10 -0.793754
Pedestrian -1 -1 -10 121 137 168 224-1 -1 -1 -1000 -1000 -1000 -10 -0.868402
Pedestrian -1 -1 -10 814 75 887 158-1 -1 -1 -1000 -1000 -1000 -10 -0.868656
Pedestrian -1 -1 -10 430 61 480 154-1 -1 -1 -1000 -1000 -1000 -10 -0.896129
Pedestrian -1 -1 -10 807 76 896 239-1 -1 -1 -1000 -1000 -1000 -10 -0.939136
Pedestrian -1 -1 -10 553 329 608 375-1 -1 -1 -1000 -1000 -1000 -10 -0.950146
Pedestrian -1 -1 -10 544 92 588 215-1 -1 -1 -1000 -1000 -1000 -10 -0.983438
Pedestrian -1 -1 -10 1033 1 1064 88-1 -1 -1 -1000 -1000 -1000 -10 -0.991757
