Pedestrian -1 -1 -10 318 10 351 103-1 -1 -1 -1000 -1000 -1000 -10 -0.59699
Pedestrian -1 -1 -10 750 107 812 222-1 -1 -1 -1000 -1000 -1000 -10 -0.604603
Pedestrian -1 -1 -10 1073 73 1128 136-1 -1 -1 -1000 -1000 -1000 -10 -0.625666
Pedestrian -1 -1 -10 241 87 274 180-1 -1 -1 -1000 -1000 -1000 -10 -0.701278
Pedestrian -1 -1 -10 1 27 52 169-1 -1 -1 -1000 -1000 -1000 -10 -0.705182
Pedestrian -1 -1 -10 807 287 897 375-1 -1 -1 -1000 -1000 -1000 -10 -0.705276
Pedestrian -1 -1 -10 837 31 896 194-1 -1 -1 -1000 -1000 -1000 -10 -0.737213
Pedestrian -1 -1 -10 1186 313 1242 375-1 -1 -1 -1000 -1000 -1000 -10 -0.840181
Pedestrian -1 -1 -10 80 149 118 256-1 -1 -1 -1000 -1000 -1000 -10 -0.858257
Pedestrian -1 -1 -10 628 46 687 209-1 -1 -1 -1000 -1000 -1000 -10 -0.869112
Pedestrian -1 -1 -10 1 157 52 299-1 -1 -1 -1000 -1000 -1000 -10 -0.883455
Pedestrian -1 -1 -10 464 91 567 209-1 -1 -1 -1000 -1000 -1000 -10 -0.947688
Pedestrian -1 -1 -10 680 1 776 267-1 -1 -1 -1000 -1000 -1000 -10 -0.959334
Pedestrian -1 -1 -10 385 1 832 375-1 -1 -1 -1000 -1000 -1000 -10 -0.964124
Pedestrian -1 -1 -10 228 198 296 276-1 -1 -1 -1000 -1000 -1000 -10 -0.976396
Pedestrian -1 -1 -10 859 1 1040 208-1 -1 -1 -1000 -1000 -1000 -10 -0.979225
