Pedestrian -1 -1 -10 1197 40 1242 182-1 -1 -1 -1000 -1000 -1000 -10 -0.735563
Pedestrian -1 -1 -10 1017 153 1064 240-1 -1 -1 -1000 -1000 -1000 -10 -0.772686
Pedestrian -1 -1 -10 1073 121 1106 214-1 -1 -1 -1000 -1000 -1000 -10 -0.780828
Pedestrian -1 -1 -10 1166 103 1233 226-1 -1 -1 -1000 -1000 -1000 -10 -0.811059
Pedestrian -1 -1 -10 60 60 197 217-1 -1 -1 -1000 -1000 -1000 -10 -0.849502
Pedestrian -1 -1 -10 977 161 1032 224-1 -1 -1 -1000 -1000 -1000 -10 -0.935279
Pedestrian -1 -1 -10 490 112 523 205-1 -1 -1 -1000 -1000 -1000 -10 -0.957234
Pedestrian -1 -1 -10 913 1 968 64-1 -1 -1 -1000 -1000 -1000 -10 -0.964748
Pedestrian -1 -1 -10 966 102 1020 202-1 -1 -1 -1000 -1000 -1000 -10 -0.97588
Pedestrian -1 -1 -10 800 277 854 375-1 -1 -1 -1000 -1000 -1000 -10 -0.981443
