Pedestrian -1 -1 -10 316 257 354 364-1 -1 -1 -1000 -1000 -1000 -10 0.134295
Pedestrian -1 -1 -10 286 233 359 316-1 -1 -1 -1000 -1000 -1000 -10 -0.207515
Pedestrian -1 -1 -10 919 170 960 285-1 -1 -1 -1000 -1000 -1000 -10 -0.22884
Pedestrian -1 -1 -10 314 195 373 358-1 -1 -1 -1000 -1000 -1000 -10 -0.492316
Pedestrian -1 -1 -10 1150 105 1238 268-1 -1 -1 -1000 -1000 -1000 -10 -0.60695
Pedestrian -1 -1 -10 963 105 1118 374-1 -1 -1 -1000 -1000 -1000 -10 -0.706223
Pedestrian -1 -1 -10 1165 210 1224 373-1 -1 -1 -1000 -1000 -1000 -10 -0.76861
Pedestrian -1 -1 -10 810 19 919 220-1 -1 -1 -1000 -1000 -1000 -10 -0.848909
Pedestrian -1 -1 -10 882 120 971 283-1 -1 -1 -1000 -1000 -1000 -10 -0.956861
Pedestrian -1 -1 -10 41 81 96 144-1 -1 -1 -1000 -1000 -1000 -10 -0.988052
