Pedestrian -1 -1 -10 225 61 284 224-1 -1 -1 -1000 -1000 -1000 -10 -0.246796
Pedestrian -1 -1 -10 625 17 720 192-1 -1 -1 -1000 -1000 -1000 -10 -0.407245
Pedestrian -1 -1 -10 545 81 608 256-1 -1 -1 -1000 -1000 -1000 -10 -0.484836
Pedestrian -1 -1 -10 387 84 423 184-1 -1 -1 -1000 -1000 -1000 -10 -0.541705
Pedestrian -1 -1 -10 139 194 202 267-1 -1 -1 -1000 -1000 -1000 -10 -0.592363
Pedestrian -1 -1 -10 689 1 752 176-1 -1 -1 -1000 -1000 -1000 -10 -0.592947
Pedestrian -1 -1 -10 327 112 377 205-1 -1 -1 -1000 -1000 -1000 -10 -0.622077
Pedestrian -1 -1 -10 885 66 936 208-1 -1 -1 -1000 -1000 -1000 -10 -0.688224
Pedestrian -1 -1 -10 748 1 792 124-1 -1 -1 -1000 -1000 -1000 -10 -0.759869
Pedestrian -1 -1 -10 1046 29 1129 181-1 -1 -1 -1000 -1000 -1000 -10 -0.851503
Pedestrian -1 -1 -10 817 73 848 160-1 -1 -1 -1000 -1000 -1000 -10 -0.86748
Pedestrian -1 -1 -10 1 92 52 234-1 -1 -1 -1000 -1000 -1000 -10 -0.889455
Pedestrian -1 -1 -10 76 76 165 239-1 -1 -1 -1000 -1000 -1000 -10 -0.914613
Pedestrian -1 -1 -10 927 1 995 79-1 -1 -1 -1000 -1000 -1000 -10 -0.91587
Pedestrian -1 -1 -10 344 46 433 209-1 -1 -1 -1000 -1000 -1000 -10 -0.919075
Pedestrian -1 -1 -10 985 97 1016 184-1 -1 -1 -1000 -1000 -1000 -10 -0.932055
Pedestrian -1 -1 -10 198 130 248 223-1 -1 -1 -1000 -1000 -1000 -10 -0.947543
Pedestrian -1 -1 -10 632 1 777 267-1 -1 -1 -1000 -1000 -1000 -10 -0.983097
