Pedestrian -1 -1 -10 1150 61 1183 154-1 -1 -1 -1000 -1000 -1000 -10 -0.399686
Pedestrian -1 -1 -10 1196 75 1232 175-1 -1 -1 -1000 -1000 -1000 -10 -0.534761
Pedestrian -1 -1 -10 1180 1 1239 164-1 -1 -1 -1000 -1000 -1000 -10 -0.582493
Pedestrian -1 -1 -10 781 71 878 181-1 -1 -1 -1000 -1000 -1000 -10 -0.593857
Pedestrian -1 -1 -10 277 65 331 165-1 -1 -1 -1000 -1000 -1000 -10 -0.654672
Pedestrian -1 -1 -10 465 64 527 179-1 -1 -1 -1000 -1000 -1000 -10 -0.724159
Pedestrian -1 -1 -10 27 155 77 248-1 -1 -1 -1000 -1000 -1000 -10 -0.773778
Pedestrian -1 -1 -10 113 105 160 192-1 -1 -1 -1000 -1000 -1000 -10 -0.774436
Pedestrian -1 -1 -10 391 99 488 209-1 -1 -1 -1000 -1000 -1000 -10 -0.780979
Pedestrian -1 -1 -10 849 65 912 240-1 -1 -1 -1000 -1000 -1000 -10 -0.880903
Pedestrian -1 -1 -10 1124 21 1242 178-1 -1 -1 -1000 -1000 -1000 -10 -0.918347
Pedestrian -1 -1 -10 479 46 568 209-1 -1 -1 -1000 -1000 -1000 -10 -0.923474
Pedestrian -1 -1 -10 1 57 56 209-1 -1 -1 -1000 -1000 -1000 -10 -0.93126
Pedestrian -1 -1 -10 497 286 551 375-1 -1 -1 -1000 -1000 -1000 -10 -0.945688
Pedestrian -1 -1 -10 740 107 813 190-1 -1 -1 -1000 -1000 -1000 -10 -0.954644
Pedestrian -1 -1 -10 1045 80 1113 158-1 -1 -1 -1000 -1000 -1000 -10 -0.958283
Pedestrian -1 -1 -10 1090 61 1140 154-1 -1 -1 -1000 -1000 -1000 -10 -0.958884
