Pedestrian -1 -1 -10 19 120 55 220-1 -1 -1 -1000 -1000 -1000 -10 -0.444889
Pedestrian -1 -1 -10 680 114 724 237-1 -1 -1 -1000 -1000 -1000 -10 -0.552755
Pedestrian -1 -1 -10 27 66 78 208-1 -1 -1 -1000 -1000 -1000 -10 -0.579544
Pedestrian -1 -1 -10 239 1 306 124-1 -1 -1 -1000 -1000 -1000 -10 -0.628341
Pedestrian -1 -1 -10 169 129 200 216-1 -1 -1 -1000 -1000 -1000 -10 -0.767488
Pedestrian -1 -1 -10 233 107 274 222-1 -1 -1 -1000 -1000 -1000 -10 -0.790767
Pedestrian -1 -1 -10 1021 194 1084 267-1 -1 -1 -1000 -1000 -1000 -10 -0.823081
Pedestrian -1 -1 -10 1193 172 1242 240-1 -1 -1 -1000 -1000 -1000 -10 -0.839607
Pedestrian -1 -1 -10 1145 157 1235 260-1 -1 -1 -1000 -1000 -1000 -10 -0.841656
Pedestrian -1 -1 -10 102 38 138 138-1 -1 -1 -1000 -1000 -1000 -10 -0.918837
Pedestrian -1 -1 -10 1115 99 1198 251-1 -1 -1 -1000 -1000 -1000 -10 -0.92631
Pedestrian -1 -1 -10 60 60 118 167-1 -1 -1 -1000 -1000 -1000 -10 -0.944355
Pedestrian -1 -1 -10 172 44 222 137-1 -1 -1 -1000 -1000 -1000 -10 -0.983902
Pedestrian -1 -1 -10 1 1 136 249-1 -1 -1 -1000 -1000 -1000 -10 -0.991881
