Pedestrian -1 -1 -10 509 76 568 239-1 -1 -1 -1000 -1000 -1000 -10 -0.281096
Pedestrian -1 -1 -10 1018 85 1073 237-1 -1 -1 -1000 -1000 -1000 -10 -0.494224
Pedestrian -1 -1 -10 873 73 904 160-1 -1 -1 -1000 -1000 -1000 -10 -0.524653
Pedestrian -1 -1 -10 948 154 1031 306-1 -1 -1 -1000 -1000 -1000 -10 -0.537757
Pedestrian -1 -1 -10 810 148 846 248-1 -1 -1 -1000 -1000 -1000 -10 -0.555167
Pedestrian -1 -1 -10 678 104 711 197-1 -1 -1 -1000 -1000 -1000 -10 -0.702409
Pedestrian -1 -1 -10 598 111 634 211-1 -1 -1 -1000 -1000 -1000 -10 -0.758466
Pedestrian -1 -1 -10 35 318 94 375-1 -1 -1 -1000 -1000 -1000 -10 -0.791401
Pedestrian -1 -1 -10 297 1 465 375-1 -1 -1 -1000 -1000 -1000 -10 -0.886676
Pedestrian -1 -1 -10 753 1 849 267-1 -1 -1 -1000 -1000 -1000 -10 -0.910447
Pedestrian -1 -1 -10 1007 292 1091 375-1 -1 -1 -1000 -1000 -1000 -10 -0.932365
Pedestrian -1 -1 -10 910 37 958 169-1 -1 -1 -1000 -1000 -1000 -10 -0.951876
Pedestrian -1 -1 -10 858 1 926 189-1 -1 -1 -1000 -1000 -1000 -10 -0.964468
