Pedestrian -1 -1 -10 285 61 374 224-1 -1 -1 -1000 -1000 -1000 -10 -0.0801654
Pedestrian -1 -1 -10 461 71 516 223-1 -1 -1 -1000 -1000 -1000 -10 -0.25399
Pedestrian -1 -1 -10 537 81 568 168-1 -1 -1 -1000 -1000 -1000 -10 -0.453732
Pedestrian -1 -1 -10 593 17 640 104-1 -1 -1 -1000 -1000 -1000 -10 -0.552638
Pedestrian -1 -1 -10 515 87 565 180-1 -1 -1 -1000 -1000 -1000 -10 -0.617221
Pedestrian -1 -1 -10 17 169 72 232-1 -1 -1 -1000 -1000 -1000 -10 -0.632128
Pedestrian -1 -1 -10 975 240 1029 340-1 -1 -1 -1000 -1000 -1000 -10 -0.704323
Pedestrian -1 -1 -10 378 155 428 248-1 -1 -1 -1000 -1000 -1000 -10 -0.722405
Pedestrian -1 -1 -10 1185 168 1240 320-1 -1 -1 -1000 -1000 -1000 -10 -0.7777
Pedestrian -1 -1 -10 845 22 918 105-1 -1 -1 -1000 -1000 -1000 -10 -0.815108
Pedestrian -1 -1 -10 257 33 448 375-1 -1 -1 -1000 -1000 -1000 -10 -0.822242
Pedestrian -1 -1 -10 681 99 719 206-1 -1 -1 -1000 -1000 -1000 -10 -0.822676
Pedestrian -1 -1 -10 65 177 96 264-1 -1 -1 -1000 -1000 -1000 -10 -0.851443
Pedestrian -1 -1 -10 927 105 986 268-1 -1 -1 -1000 -1000 -1000 -10 -0.882223
Pedestrian -1 -1 -10 415 80 552 237-1 -1 -1 -1000 -1000 -1000 -10 -0.889174
Pedestrian -1 -1 -10 1013 87 1046 180-1 -1 -1 -1000 -1000 -1000 -10 -0.897024
Pedestrian -1 -1 -10 1150 318 1209 375-1 -1 -1 -1000 -1000 -1000 -10 -0.914567
Pedestrian -1 -1 -10 1002 79 1053 221-1 -1 -1 -1000 -1000 -1000 -10 -0.939746
Pedestrian -1 -1 -10 917 21 955 128-1 -1 -1 -1000 -1000 -1000 -10 -0.942605
Pedestrian -1 -1 -10 194 111 230 211-1 -1 -1 -1000 -1000 -1000 -10 -0.953973
Pedestrian -1 -1 -10 196 40 273 182-1 -1 -1 -1000 -1000 -1000 -10 -0.959471
Pedestrian -1 -1 -10 1104 207 1176 339-1 -1 -1 -1000 -1000 -1000 -10 -0.974849
Pedestrian -1 -1 -10 930 43 1013 274-1 -1 -1 -1000 -1000 -1000 -10 -0.991553
