Pedestrian -1 -1 -10 935 147 983 279-1 -1 -1 -1000 -1000 -1000 -10 -0.248961
Pedestrian -1 -1 -10 910 121 978 309-1 -1 -1 -1000 -1000 -1000 -10 -0.271285
Pedestrian -1 -1 -10 555 80 633 170-1 -1 -1 -1000 -1000 -1000 -10 -0.424716
Pedestrian -1 -1 -10 515 104 754 375-1 -1 -1 -1000 -1000 -1000 -10 -0.580199
Pedestrian -1 -1 -10 1047 130 1080 223-1 -1 -1 -1000 -1000 -1000 -10 -0.722582
Pedestrian -1 -1 -10 198 121 248 214-1 -1 -1 -1000 -1000 -1000 -10 -0.792339
Pedestrian -1 -1 -10 962 43 1017 195-1 -1 -1 -1000 -1000 -1000 -10 -0.816786
Pedestrian -1 -1 -10 170 66 247 208-1 -1 -1 -1000 -1000 -1000 -10 -0.842903
Pedestrian -1 -1 -10 41 113 72 200-1 -1 -1 -1000 -1000 -1000 -10 -0.870337
Pedestrian -1 -1 -10 865 121 896 208-1 -1 -1 -1000 -1000 -1000 -10 -0.910724
Pedestrian -1 -1 -10 756 130 789 223-1 -1 -1 -1000 -1000 -1000 -10 -0.918138
Pedestrian -1 -1 -10 44 104 103 172-1 -1 -1 -1000 -1000 -1000 -10 -0.921261
Pedestrian -1 -1 -10 1045 306 1113 375-1 -1 -1 -1000 -1000 -1000 -10 -0.950635
Pedestrian -1 -1 -10 850 86 898 218-1 -1 -1 -1000 -1000 -1000 -10 -0.979877
Pedestrian -1 -1 -10 809 80 867 187-1 -1 -1 -1000 -1000 -1000 -10 -0.99101
