Pedestrian -1 -1 -10 753 62 801 194-1 -1 -1 -1000 -1000 -1000 -10 0.670011
Pedestrian -1 -1 -10 867 181 917 274-1 -1 -1 -1000 -1000 -1000 -10 -0.0766239
Pedestrian -1 -1 -10 670 43 725 195-1 -1 -1 -1000 -1000 -1000 -10 -0.529958
Pedestrian -1 -1 -10 628 91 687 254-1 -1 -1 -1000 -1000 -1000 -10 -0.537275
Pedestrian -1 -1 -10 1184 53 1235 195-1 -1 -1 -1000 -1000 -1000 -10 -0.687688
Pedestrian -1 -1 -10 703 76 806 194-1 -1 -1 -1000 -1000 -1000 -10 -0.692635
Pedestrian -1 -1 -10 598 75 652 175-1 -1 -1 -1000 -1000 -1000 -10 -0.723969
Pedestrian -1 -1 -10 1 1 128 352-1 -1 -1 -1000 -1000 -1000 -10 -0.724212
Pedestrian -1 -1 -10 567 69 611 192-1 -1 -1 -1000 -1000 -1000 -10 -0.749027
Pedestrian -1 -1 -10 756 52 824 240-1 -1 -1 -1000 -1000 -1000 -10 -0.765615
Pedestrian -1 -1 -10 607 50 679 182-1 -1 -1 -1000 -1000 -1000 -10 -0.872411
Pedestrian -1 -1 -10 541 104 591 197-1 -1 -1 -1000 -1000 -1000 -10 -0.907281
Pedestrian -1 -1 -10 444 43 591 211-1 -1 -1 -1000 -1000 -1000 -10 -0.910479
Pedestrian -1 -1 -10 250 80 294 203-1 -1 -1 -1000 -1000 -1000 -10 -0.915918
