Pedestrian -1 -1 -10 822 150 881 313-1 -1 -1 -1000 -1000 -1000 -10 1.10122
Pedestrian -1 -1 -10 537 1 592 64-1 -1 -1 -1000 -1000 -1000 -10 -0.643861
Pedestrian -1 -1 -10 689 177 736 264-1 -1 -1 -1000 -1000 -1000 -10 -0.734366
Pedestrian -1 -1 -10 539 286 612 369-1 -1 -1 -1000 -1000 -1000 -10 -0.746638
Pedestrian -1 -1 -10 345 121 400 184-1 -1 -1 -1000 -1000 -1000 -10 -0.760622
Pedestrian -1 -1 -10 1124 172 1183 240-1 -1 -1 -1000 -1000 -1000 -10 -0.79705
Pedestrian -1 -1 -10 1 97 32 184-1 -1 -1 -1000 -1000 -1000 -10 -0.817123
Pedestrian -1 -1 -10 470 1 524 101-1 -1 -1 -1000 -1000 -1000 -10 -0.822113
Pedestrian -1 -1 -10 702 92 746 215-1 -1 -1 -1000 -1000 -1000 -10 -0.87525
Pedestrian -1 -1 -10 284 125 362 215-1 -1 -1 -1000 -1000 -1000 -10 -0.886973
Pedestrian -1 -1 -10 346 168 384 275-1 -1 -1 -1000 -1000 -1000 -10 -0.892791
Pedestrian -1 -1 -10 425 161 480 224-1 -1 -1 -1000 -1000 -1000 -10 -0.903733
Pedestrian -1 -1 -10 573 261 650 370-1 -1 -1 -1000 -1000 -1000 -10 -0.905701
Pedestrian -1 -1 -10 789 122 861 254-1 -1 -1 -1000 -1000 -1000 -10 -0.937343
Pedestrian -1 -1 -10 254 170 316 285-1 -1 -1 -1000 -1000 -1000 -10 -0.938907
Pedestrian -1 -1 -10 301 233 360 301-1 -1 -1 -1000 -1000 -1000 -10 -0.948668
Pedestrian -1 -1 -10 634 1 717 232-1 -1 -1 -1000 -1000 -1000 -10 -0.955423
Pedestrian -1 -1 -10 1081 1 1112 88-1 -1 -1 -1000 -1000 -1000 -10 -0.981582
Pedestrian -1 -1 -10 897 193 928 280-1 -1 -1 -1000 -1000 -1000 -10 -0.988583
Pedestrian -1 -1 -10 993 240 1029 340-1 -1 -1 -1000 -1000 -1000 -10 -0.994175
Pedestrian -1 -1 -10 425 49 456 136-1 -1 -1 -1000 -1000 -1000 -10 -0.995094
