Pedestrian -1 -1 -10 1189 46 1233 169-1 -1 -1 -1000 -1000 -1000 -10 -0.239932
Pedestrian -1 -1 -10 97 121 128 208-1 -1 -1 -1000 -1000 -1000 -10 -0.549087
Pedestrian -1 -1 -10 656 74 728 206-1 -1 -1 -1000 -1000 -1000 -10 -0.654221
Pedestrian -1 -1 -10 789 86 837 218-1 -1 -1 -1000 -1000 -1000 -10 -0.729439
Pedestrian -1 -1 -10 713 27 763 120-1 -1 -1 -1000 -1000 -1000 -10 -0.757325
Pedestrian -1 -1 -10 656 25 825 218-1 -1 -1 -1000 -1000 -1000 -10 -0.792617
Pedestrian -1 -1 -10 385 129 423 236-1 -1 -1 -1000 -1000 -1000 -10 -0.831032
Pedestrian -1 -1 -10 339 66 416 208-1 -1 -1 -1000 -1000 -1000 -10 -0.857357
Pedestrian -1 -1 -10 257 97 288 184-1 -1 -1 -1000 -1000 -1000 -10 -0.860464
Pedestrian -1 -1 -10 816 293 866 375-1 -1 -1 -1000 -1000 -1000 -10 -0.860471
Pedestrian -1 -1 -10 972 1 1013 116-1 -1 -1 -1000 -1000 -1000 -10 -0.861242
Pedestrian -1 -1 -10 1 96 42 211-1 -1 -1 -1000 -1000 -1000 -10 -0.864496
Pedestrian -1 -1 -10 945 297 992 375-1 -1 -1 -1000 -1000 -1000 -10 -0.871313
Pedestrian -1 -1 -10 1197 1 1242 286-1 -1 -1 -1000 -1000 -1000 -10 -0.876985
Pedestrian -1 -1 -10 848 129 916 207-1 -1 -1 -1000 -1000 -1000 -10 -0.947327
Pedestrian -1 -1 -10 543 277 601 375-1 -1 -1 -1000 -1000 -1000 -10 -0.950882
Pedestrian -1 -1 -10 155 87 223 275-1 -1 -1 -1000 -1000 -1000 -10 -0.973753
Pedestrian -1 -1 -10 1001 1 1048 88-1 -1 -1 -1000 -1000 -1000 -10 -0.987498
