Pedestrian -1 -1 -10 561 153 592 240-1 -1 -1 -1000 -1000 -1000 -10 -0.0526133
Pedestrian -1 -1 -10 112 35 171 103-1 -1 -1 -1000 -1000 -1000 -10 -0.483909
Pedestrian -1 -1 -10 1081 201 1136 264-1 -1 -1 -1000 -1000 -1000 -10 -0.626049
Pedestrian -1 -1 -10 1121 209 1176 272-1 -1 -1 -1000 -1000 -1000 -10 -0.662105
Pedestrian -1 -1 -10 1219 112 1242 205-1 -1 -1 -1000 -1000 -1000 -10 -0.671987
Pedestrian -1 -1 -10 241 49 272 136-1 -1 -1 -1000 -1000 -1000 -10 -0.721803
Pedestrian -1 -1 -10 971 195 1055 291-1 -1 -1 -1000 -1000 -1000 -10 -0.764071
Pedestrian -1 -1 -10 389 1 728 375-1 -1 -1 -1000 -1000 -1000 -10 -0.770668
Pedestrian -1 -1 -10 1214 38 1242 138-1 -1 -1 -1000 -1000 -1000 -10 -0.819781
Pedestrian -1 -1 -10 183 62 231 194-1 -1 -1 -1000 -1000 -1000 -10 -0.843963
Pedestrian -1 -1 -10 257 40 335 256-1 -1 -1 -1000 -1000 -1000 -10 -0.881684
Pedestrian -1 -1 -10 1109 149 1150 264-1 -1 -1 -1000 -1000 -1000 -10 -0.906773
Pedestrian -1 -1 -10 872 205 950 295-1 -1 -1 -1000 -1000 -1000 -10 -0.972697
Pedestrian -1 -1 -10 937 97 984 184-1 -1 -1 -1000 -1000 -1000 -10 -0.972723
Pedestrian -1 -1 -10 1106 196 1196 299-1 -1 -1 -1000 -1000 -1000 -10 -0.995016
