Pedestrian -1 -1 -10 656 86 740 182-1 -1 -1 -1000 -1000 -1000 -10 0.0465736
Pedestrian -1 -1 -10 1194 43 1235 158-1 -1 -1 -1000 -1000 -1000 -10 -0.491539
Pedestrian -1 -1 -10 1177 38 1242 239-1 -1 -1 -1000 -1000 -1000 -10 -0.512964
Pedestrian -1 -1 -10 515 61 565 154-1 -1 -1 -1000 -1000 -1000 -10 -0.564514
Pedestrian -1 -1 -10 293 18 395 206-1 -1 -1 -1000 -1000 -1000 -10 -0.664585
Pedestrian -1 -1 -10 762 31 851 194-1 -1 -1 -1000 -1000 -1000 -10 -0.677572
Pedestrian -1 -1 -10 171 35 215 158-1 -1 -1 -1000 -1000 -1000 -10 -0.738403
Pedestrian -1 -1 -10 222 40 299 182-1 -1 -1 -1000 -1000 -1000 -10 -0.80637
Pedestrian -1 -1 -10 498 70 617 206-1 -1 -1 -1000 -1000 -1000 -10 -0.813793
Pedestrian -1 -1 -10 1 1 32 88-1 -1 -1 -1000 -1000 -1000 -10 -0.849637
Pedestrian -1 -1 -10 1 265 56 328-1 -1 -1 -1000 -1000 -1000 -10 -0.854681
Pedestrian -1 -1 -10 680 24 837 204-1 -1 -1 -1000 -1000 -1000 -10 -0.862089
Pedestrian -1 -1 -10 849 73 904 136-1 -1 -1 -1000 -1000 -1000 -10 -0.89387
