Pedestrian -1 -1 -10 748 69 792 192-1 -1 -1 -1000 -1000 -1000 -10 -0.126056
Pedestrian -1 -1 -10 838 178 876 285-1 -1 -1 -1000 -1000 -1000 -10 -0.235436
Pedestrian -1 -1 -10 680 62 728 194-1 -1 -1 -1000 -1000 -1000 -10 -0.405433
Pedestrian -1 -1 -10 1 1 104 286-1 -1 -1 -1000 -1000 -1000 -10 -0.615406
Pedestrian -1 -1 -10 638 92 689 234-1 -1 -1 -1000 -1000 -1000 -10 -0.765977
Pedestrian -1 -1 -10 481 61 540 129-1 -1 -1 -1000 -1000 -1000 -10 -0.813664
Pedestrian -1 -1 -10 137 137 181 260-1 -1 -1 -1000 -1000 -1000 -10 -0.821435
Pedestrian -1 -1 -10 753 65 816 240-1 -1 -1 -1000 -1000 -1000 -10 -0.845192
Pedestrian -1 -1 -10 793 137 950 317-1 -1 -1 -1000 -1000 -1000 -10 -0.84894
Pedestrian -1 -1 -10 122 25 218 291-1 -1 -1 -1000 -1000 -1000 -10 -0.903844
Pedestrian -1 -1 -10 673 1 728 64-1 -1 -1 -1000 -1000 -1000 -10 -0.910181
Pedestrian -1 -1 -10 193 103 260 226-1 -1 -1 -1000 -1000 -1000 -10 -0.926755
Pedestrian -1 -1 -10 479 120 542 193-1 -1 -1 -1000 -1000 -1000 -10 -0.927253
