Pedestrian -1 -1 -10 1021 130 1054 223-1 -1 -1 -1000 -1000 -1000 -10 -0.226404
Pedestrian -1 -1 -10 216 80 260 203-1 -1 -1 -1000 -1000 -1000 -10 -0.324405
Pedestrian -1 -1 -10 649 105 696 192-1 -1 -1 -1000 -1000 -1000 -10 -0.532959
Pedestrian -1 -1 -10 370 180 411 295-1 -1 -1 -1000 -1000 -1000 -10 -0.541168
Pedestrian -1 -1 -10 725 103 803 193-1 -1 -1 -1000 -1000 -1000 -10 -0.770607
Pedestrian -1 -1 -10 306 12 384 102-1 -1 -1 -1000 -1000 -1000 -10 -0.772202
Pedestrian -1 -1 -10 404 121 463 189-1 -1 -1 -1000 -1000 -1000 -10 -0.892917
Pedestrian -1 -1 -10 313 53 416 338-1 -1 -1 -1000 -1000 -1000 -10 -0.910631
Pedestrian -1 -1 -10 917 92 961 215-1 -1 -1 -1000 -1000 -1000 -10 -0.913601
Pedestrian -1 -1 -10 190 87 309 223-1 -1 -1 -1000 -1000 -1000 -10 -0.949591
Pedestrian -1 -1 -10 377 85 474 195-1 -1 -1 -1000 -1000 -1000 -10 -0.997048
