Pedestrian -1 -1 -10 494 300 597 370-1 -1 -1 -1000 -1000 -1000 -10 -0.676272
Pedestrian -1 -1 -10 768 105 845 247-1 -1 -1 -1000 -1000 -1000 -10 -0.739494
Pedestrian -1 -1 -10 572 287 640 365-1 -1 -1 -1000 -1000 -1000 -10 -0.760535
Pedestrian -1 -1 -10 1124 181 1183 249-1 -1 -1 -1000 -1000 -1000 -10 -0.767074
Pedestrian -1 -1 -10 690 168 748 275-1 -1 -1 -1000 -1000 -1000 -10 -0.875328
Pedestrian -1 -1 -10 702 103 746 226-1 -1 -1 -1000 -1000 -1000 -10 -0.898464
Pedestrian -1 -1 -10 387 233 446 301-1 -1 -1 -1000 -1000 -1000 -10 -0.912918
Pedestrian -1 -1 -10 1 97 32 184-1 -1 -1 -1000 -1000 -1000 -10 -0.921695
Pedestrian -1 -1 -10 470 1 524 101-1 -1 -1 -1000 -1000 -1000 -10 -0.927097
Pedestrian -1 -1 -10 352 159 396 282-1 -1 -1 -1000 -1000 -1000 -10 -0.929834
Pedestrian -1 -1 -10 337 65 368 152-1 -1 -1 -1000 -1000 -1000 -10 -0.935847
Pedestrian -1 -1 -10 1081 1 1114 94-1 -1 -1 -1000 -1000 -1000 -10 -0.947454
Pedestrian -1 -1 -10 345 121 400 184-1 -1 -1 -1000 -1000 -1000 -10 -0.948812
Pedestrian -1 -1 -10 425 161 480 224-1 -1 -1 -1000 -1000 -1000 -10 -0.963221
Pedestrian -1 -1 -10 153 121 208 184-1 -1 -1 -1000 -1000 -1000 -10 -0.968691
Pedestrian -1 -1 -10 304 195 388 291-1 -1 -1 -1000 -1000 -1000 -10 -0.990877
Pedestrian -1 -1 -10 149 128 190 243-1 -1 -1 -1000 -1000 -1000 -10 -0.995005
