Pedestrian -1 -1 -10 417 161 448 248-1 -1 -1 -1000 -1000 -1000 -10 -0.229283
Pedestrian -1 -1 -10 567 58 611 181-1 -1 -1 -1000 -1000 -1000 -10 -0.607125
Pedestrian -1 -1 -10 656 43 711 195-1 -1 -1 -1000 -1000 -1000 -10 -0.68503
Pedestrian -1 -1 -10 1214 1 1242 133-1 -1 -1 -1000 -1000 -1000 -10 -0.753503
Pedestrian -1 -1 -10 365 62 437 194-1 -1 -1 -1000 -1000 -1000 -10 -0.767411
Pedestrian -1 -1 -10 593 105 640 192-1 -1 -1 -1000 -1000 -1000 -10 -0.826749
Pedestrian -1 -1 -10 1185 33 1242 208-1 -1 -1 -1000 -1000 -1000 -10 -0.85598
Pedestrian -1 -1 -10 438 164 471 257-1 -1 -1 -1000 -1000 -1000 -10 -0.877768
Pedestrian -1 -1 -10 625 81 672 168-1 -1 -1 -1000 -1000 -1000 -10 -0.925589
Pedestrian -1 -1 -10 389 1 507 328-1 -1 -1 -1000 -1000 -1000 -10 -0.959539
Pedestrian -1 -1 -10 1 87 34 180-1 -1 -1 -1000 -1000 -1000 -10 -0.980178
