Pedestrian -1 -1 -10 817 97 848 184-1 -1 -1 -1000 -1000 -1000 -10 -0.12344
Pedestrian -1 -1 -10 824 117 865 232-1 -1 -1 -1000 -1000 -1000 -10 -0.71481
Pedestrian -1 -1 -10 814 75 876 190-1 -1 -1 -1000 -1000 -1000 -10 -0.726755
Pedestrian -1 -1 -10 150 46 209 209-1 -1 -1 -1000 -1000 -1000 -10 -0.769233
Pedestrian -1 -1 -10 657 185 712 248-1 -1 -1 -1000 -1000 -1000 -10 -0.78299
Pedestrian -1 -1 -10 709 84 745 184-1 -1 -1 -1000 -1000 -1000 -10 -0.78721
Pedestrian -1 -1 -10 541 112 600 180-1 -1 -1 -1000 -1000 -1000 -10 -0.859863
Pedestrian -1 -1 -10 1217 1 1242 88-1 -1 -1 -1000 -1000 -1000 -10 -0.882554
Pedestrian -1 -1 -10 781 29 836 181-1 -1 -1 -1000 -1000 -1000 -10 -0.898199
Pedestrian -1 -1 -10 1 1 253 375-1 -1 -1 -1000 -1000 -1000 -10 -0.899154
Pedestrian -1 -1 -10 431 58 498 181-1 -1 -1 -1000 -1000 -1000 -10 -0.904409
Pedestrian -1 -1 -10 696 121 729 214-1 -1 -1 -1000 -1000 -1000 -10 -0.945611
Pedestrian -1 -1 -10 627 130 660 223-1 -1 -1 -1000 -1000 -1000 -10 -0.975376
Pedestrian -1 -1 -10 711 43 766 195-1 -1 -1 -1000 -1000 -1000 -10 -0.978016
Pedestrian -1 -1 -10 378 40 455 182-1 -1 -1 -1000 -1000 -1000 -10 -0.978309
