Pedestrian -1 -1 -10 1 1 52 143-1 -1 -1 -1000 -1000 -1000 -10 -0.492101
Pedestrian -1 -1 -10 457 89 488 176-1 -1 -1 -1000 -1000 -1000 -10 -0.597177
Pedestrian -1 -1 -10 318 261 385 375-1 -1 -1 -1000 -1000 -1000 -10 -0.712224
Pedestrian -1 -1 -10 535 98 619 194-1 -1 -1 -1000 -1000 -1000 -10 -0.793527
Pedestrian -1 -1 -10 1210 104 1242 197-1 -1 -1 -1000 -1000 -1000 -10 -0.8047
Pedestrian -1 -1 -10 769 139 847 355-1 -1 -1 -1000 -1000 -1000 -10 -0.818769
Pedestrian -1 -1 -10 387 95 446 163-1 -1 -1 -1000 -1000 -1000 -10 -0.821293
Pedestrian -1 -1 -10 708 96 749 211-1 -1 -1 -1000 -1000 -1000 -10 -0.83498
Pedestrian -1 -1 -10 689 145 736 232-1 -1 -1 -1000 -1000 -1000 -10 -0.838339
Pedestrian -1 -1 -10 850 122 1019 315-1 -1 -1 -1000 -1000 -1000 -10 -0.843548
Pedestrian -1 -1 -10 1 49 64 224-1 -1 -1 -1000 -1000 -1000 -10 -0.855804
Pedestrian -1 -1 -10 1180 180 1239 343-1 -1 -1 -1000 -1000 -1000 -10 -0.874618
Pedestrian -1 -1 -10 727 240 790 313-1 -1 -1 -1000 -1000 -1000 -10 -0.905274
Pedestrian -1 -1 -10 793 69 883 317-1 -1 -1 -1000 -1000 -1000 -10 -0.930107
Pedestrian -1 -1 -10 697 33 744 120-1 -1 -1 -1000 -1000 -1000 -10 -0.933913
Pedestrian -1 -1 -10 617 120 680 193-1 -1 -1 -1000 -1000 -1000 -10 -0.93471
Pedestrian -1 -1 -10 193 161 416 375-1 -1 -1 -1000 -1000 -1000 -10 -0.989377
