Pedestrian -1 -1 -10 1210 172 1242 265-1 -1 -1 -1000 -1000 -1000 -10 0.24786
Pedestrian -1 -1 -10 861 58 928 181-1 -1 -1 -1000 -1000 -1000 -10 -0.153454
Pedestrian -1 -1 -10 628 61 687 224-1 -1 -1 -1000 -1000 -1000 -10 -0.533803
Pedestrian -1 -1 -10 1194 117 1235 232-1 -1 -1 -1000 -1000 -1000 -10 -0.603589
Pedestrian -1 -1 -10 1150 176 1204 276-1 -1 -1 -1000 -1000 -1000 -10 -0.698921
Pedestrian -1 -1 -10 876 207 909 300-1 -1 -1 -1000 -1000 -1000 -10 -0.804309
Pedestrian -1 -1 -10 1165 207 1242 303-1 -1 -1 -1000 -1000 -1000 -10 -0.805179
Pedestrian -1 -1 -10 241 52 291 145-1 -1 -1 -1000 -1000 -1000 -10 -0.829538
Pedestrian -1 -1 -10 963 157 1040 299-1 -1 -1 -1000 -1000 -1000 -10 -0.853926
Pedestrian -1 -1 -10 265 105 312 192-1 -1 -1 -1000 -1000 -1000 -10 -0.901633
Pedestrian -1 -1 -10 795 140 878 292-1 -1 -1 -1000 -1000 -1000 -10 -0.909702
Pedestrian -1 -1 -10 673 121 704 208-1 -1 -1 -1000 -1000 -1000 -10 -0.972977
Pedestrian -1 -1 -10 35 1 240 375-1 -1 -1 -1000 -1000 -1000 -10 -0.987553
