Pedestrian -1 -1 -10 1030 138 1098 326-1 -1 -1 -1000 -1000 -1000 -10 0.670673
Pedestrian -1 -1 -10 886 37 934 169-1 -1 -1 -1000 -1000 -1000 -10 -0.455372
Pedestrian -1 -1 -10 972 43 1224 375-1 -1 -1 -1000 -1000 -1000 -10 -0.504659
Pedestrian -1 -1 -10 293 61 326 154-1 -1 -1 -1000 -1000 -1000 -10 -0.673371
Pedestrian -1 -1 -10 593 129 648 192-1 -1 -1 -1000 -1000 -1000 -10 -0.741198
Pedestrian -1 -1 -10 764 313 827 375-1 -1 -1 -1000 -1000 -1000 -10 -0.841673
Pedestrian -1 -1 -10 828 1 882 101-1 -1 -1 -1000 -1000 -1000 -10 -0.966268
Pedestrian -1 -1 -10 267 60 305 167-1 -1 -1 -1000 -1000 -1000 -10 -0.96706
Pedestrian -1 -1 -10 545 33 736 375-1 -1 -1 -1000 -1000 -1000 -10 -0.975075
Pedestrian -1 -1 -10 105 209 286 375-1 -1 -1 -1000 -1000 -1000 -10 -0.989754
