Pedestrian -1 -1 -10 433 17 496 192-1 -1 -1 -1000 -1000 -1000 -10 -0.109257
Pedestrian -1 -1 -10 976 306 1044 375-1 -1 -1 -1000 -1000 -1000 -10 -0.57408
Pedestrian -1 -1 -10 339 43 401 158-1 -1 -1 -1000 -1000 -1000 -10 -0.704907
Pedestrian -1 -1 -10 703 131 754 273-1 -1 -1 -1000 -1000 -1000 -10 -0.743464
Pedestrian -1 -1 -10 947 31 985 138-1 -1 -1 -1000 -1000 -1000 -10 -0.797932
Pedestrian -1 -1 -10 1057 41 1088 128-1 -1 -1 -1000 -1000 -1000 -10 -0.802927
Pedestrian -1 -1 -10 906 295 984 375-1 -1 -1 -1000 -1000 -1000 -10 -0.803707
Pedestrian -1 -1 -10 1189 25 1242 291-1 -1 -1 -1000 -1000 -1000 -10 -0.855681
Pedestrian -1 -1 -10 709 19 745 119-1 -1 -1 -1000 -1000 -1000 -10 -0.865859
Pedestrian -1 -1 -10 1133 258 1242 375-1 -1 -1 -1000 -1000 -1000 -10 -0.883756
Pedestrian -1 -1 -10 1032 1 1087 153-1 -1 -1 -1000 -1000 -1000 -10 -0.887668
Pedestrian -1 -1 -10 1 46 60 209-1 -1 -1 -1000 -1000 -1000 -10 -0.918874
Pedestrian -1 -1 -10 553 109 621 187-1 -1 -1 -1000 -1000 -1000 -10 -0.935584
Pedestrian -1 -1 -10 241 44 274 137-1 -1 -1 -1000 -1000 -1000 -10 -0.946157
Pedestrian -1 -1 -10 378 52 428 145-1 -1 -1 -1000 -1000 -1000 -10 -0.97616
Pedestrian -1 -1 -10 897 65 1088 375-1 -1 -1 -1000 -1000 -1000 -10 -0.981494
Pedestrian -1 -1 -10 304 65 340 165-1 -1 -1 -1000 -1000 -1000 -10 -0.984449
