Pedestrian -1 -1 -10 983 202 1024 317-1 -1 -1 -1000 -1000 -1000 -10 0.219967
Pedestrian -1 -1 -10 1203 208 1241 315-1 -1 -1 -1000 -1000 -1000 -10 -0.036468
Pedestrian -1 -1 -10 415 139 483 217-1 -1 -1 -1000 -1000 -1000 -10 -0.129907
Pedestrian -1 -1 -10 277 185 405 331-1 -1 -1 -1000 -1000 -1000 -10 -0.41133
Pedestrian -1 -1 -10 240 180 448 375-1 -1 -1 -1000 -1000 -1000 -10 -0.473129
Pedestrian -1 -1 -10 258 102 294 202-1 -1 -1 -1000 -1000 -1000 -10 -0.547228
Pedestrian -1 -1 -10 782 166 818 266-1 -1 -1 -1000 -1000 -1000 -10 -0.561184
Pedestrian -1 -1 -10 1171 209 1222 351-1 -1 -1 -1000 -1000 -1000 -10 -0.562547
Pedestrian -1 -1 -10 848 80 926 296-1 -1 -1 -1000 -1000 -1000 -10 -0.583864
Pedestrian -1 -1 -10 1081 181 1131 274-1 -1 -1 -1000 -1000 -1000 -10 -0.586324
Pedestrian -1 -1 -10 1030 207 1063 300-1 -1 -1 -1000 -1000 -1000 -10 -0.625621
Pedestrian -1 -1 -10 1009 169 1040 256-1 -1 -1 -1000 -1000 -1000 -10 -0.734062
Pedestrian -1 -1 -10 703 31 792 194-1 -1 -1 -1000 -1000 -1000 -10 -0.814141
Pedestrian -1 -1 -10 828 176 864 276-1 -1 -1 -1000 -1000 -1000 -10 -0.823499
Pedestrian -1 -1 -10 295 111 551 375-1 -1 -1 -1000 -1000 -1000 -10 -0.827861
Pedestrian -1 -1 -10 661 18 694 111-1 -1 -1 -1000 -1000 -1000 -10 -0.859707
Pedestrian -1 -1 -10 677 79 728 221-1 -1 -1 -1000 -1000 -1000 -10 -0.875904
Pedestrian -1 -1 -10 1210 310 1242 375-1 -1 -1 -1000 -1000 -1000 -10 -0.877468
Pedestrian -1 -1 -10 798 27 848 120-1 -1 -1 -1000 -1000 -1000 -10 -0.898702
Pedestrian -1 -1 -10 618 35 720 223-1 -1 -1 -1000 -1000 -1000 -10 -0.907018
Pedestrian -1 -1 -10 1025 209 1120 375-1 -1 -1 -1000 -1000 -1000 -10 -0.911757
Pedestrian -1 -1 -10 737 153 784 240-1 -1 -1 -1000 -1000 -1000 -10 -0.916017
Pedestrian -1 -1 -10 803 54 865 169-1 -1 -1 -1000 -1000 -1000 -10 -0.917994
Pedestrian -1 -1 -10 764 1 818 101-1 -1 -1 -1000 -1000 -1000 -10 -0.932734
Pedestrian -1 -1 -10 344 46 447 164-1 -1 -1 -1000 -1000 -1000 -10 -0.959169
Pedestrian -1 -1 -10 920 1 956 101-1 -1 -1 -1000 -1000 -1000 -10 -0.997541
