Pedestrian -1 -1 -10 710 99 748 206-1 -1 -1 -1000 -1000 -1000 -10 0.0378971
Pedestrian -1 -1 -10 825 153 872 240-1 -1 -1 -1000 -1000 -1000 -10 -0.262779
Pedestrian -1 -1 -10 584 1 789 375-1 -1 -1 -1000 -1000 -1000 -10 -0.608293
Pedestrian -1 -1 -10 381 43 464 274-1 -1 -1 -1000 -1000 -1000 -10 -0.670767
Pedestrian -1 -1 -10 1210 1 1242 94-1 -1 -1 -1000 -1000 -1000 -10 -0.682738
Pedestrian -1 -1 -10 464 31 553 194-1 -1 -1 -1000 -1000 -1000 -10 -0.737325
Pedestrian -1 -1 -10 1 69 91 317-1 -1 -1 -1000 -1000 -1000 -10 -0.757429
Pedestrian -1 -1 -10 273 33 336 208-1 -1 -1 -1000 -1000 -1000 -10 -0.81708
Pedestrian -1 -1 -10 553 9 584 96-1 -1 -1 -1000 -1000 -1000 -10 -0.876191
Pedestrian -1 -1 -10 729 183 910 375-1 -1 -1 -1000 -1000 -1000 -10 -0.885538
Pedestrian -1 -1 -10 534 105 624 208-1 -1 -1 -1000 -1000 -1000 -10 -0.907452
Pedestrian -1 -1 -10 241 105 288 192-1 -1 -1 -1000 -1000 -1000 -10 -0.957091
Pedestrian -1 -1 -10 1021 38 1057 138-1 -1 -1 -1000 -1000 -1000 -10 -0.966317
