Pedestrian -1 -1 -10 139 99 197 206-1 -1 -1 -1000 -1000 -1000 -10 -0.128555
Pedestrian -1 -1 -10 523 149 561 256-1 -1 -1 -1000 -1000 -1000 -10 -0.203873
Pedestrian -1 -1 -10 1104 188 1172 266-1 -1 -1 -1000 -1000 -1000 -10 -0.263052
Pedestrian -1 -1 -10 535 1 631 267-1 -1 -1 -1000 -1000 -1000 -10 -0.288323
Pedestrian -1 -1 -10 1117 183 1189 315-1 -1 -1 -1000 -1000 -1000 -10 -0.302454
Pedestrian -1 -1 -10 609 313 664 375-1 -1 -1 -1000 -1000 -1000 -10 -0.397116
Pedestrian -1 -1 -10 64 75 105 190-1 -1 -1 -1000 -1000 -1000 -10 -0.431645
Pedestrian -1 -1 -10 1 121 60 189-1 -1 -1 -1000 -1000 -1000 -10 -0.48027
Pedestrian -1 -1 -10 139 80 217 296-1 -1 -1 -1000 -1000 -1000 -10 -0.518045
Pedestrian -1 -1 -10 170 1 221 143-1 -1 -1 -1000 -1000 -1000 -10 -0.532825
Pedestrian -1 -1 -10 202 1 275 84-1 -1 -1 -1000 -1000 -1000 -10 -0.576882
Pedestrian -1 -1 -10 510 74 558 206-1 -1 -1 -1000 -1000 -1000 -10 -0.579801
Pedestrian -1 -1 -10 273 137 340 260-1 -1 -1 -1000 -1000 -1000 -10 -0.587777
Pedestrian -1 -1 -10 316 60 394 276-1 -1 -1 -1000 -1000 -1000 -10 -0.671962
Pedestrian -1 -1 -10 1064 10 1123 78-1 -1 -1 -1000 -1000 -1000 -10 -0.686668
Pedestrian -1 -1 -10 1041 225 1096 288-1 -1 -1 -1000 -1000 -1000 -10 -0.687308
Pedestrian -1 -1 -10 74 50 219 316-1 -1 -1 -1000 -1000 -1000 -10 -0.69882
Pedestrian -1 -1 -10 911 53 1001 156-1 -1 -1 -1000 -1000 -1000 -10 -0.707617
Pedestrian -1 -1 -10 1184 130 1242 198-1 -1 -1 -1000 -1000 -1000 -10 -0.720289
Pedestrian -1 -1 -10 22 85 105 316-1 -1 -1 -1000 -1000 -1000 -10 -0.725172
Pedestrian -1 -1 -10 1013 10 1072 78-1 -1 -1 -1000 -1000 -1000 -10 -0.758721
Pedestrian -1 -1 -10 1193 17 1240 104-1 -1 -1 -1000 -1000 -1000 -10 -0.762797
Pedestrian -1 -1 -10 837 10 873 110-1 -1 -1 -1000 -1000 -1000 -10 -0.765083
Pedestrian -1 -1 -10 359 1 776 375-1 -1 -1 -1000 -1000 -1000 -10 -0.785781
Pedestrian -1 -1 -10 1104 296 1172 374-1 -1 -1 -1000 -1000 -1000 -10 -0.807261
Pedestrian -1 -1 -10 957 313 1020 375-1 -1 -1 -1000 -1000 -1000 -10 -0.808519
Pedestrian -1 -1 -10 1193 201 1240 288-1 -1 -1 -1000 -1000 -1000 -10 -0.809565
Pedestrian -1 -1 -10 275 1 343 189-1 -1 -1 -1000 -1000 -1000 -10 -0.813469
Pedestrian -1 -1 -10 1055 296 1123 374-1 -1 -1 -1000 -1000 -1000 -10 -0.845257
Pedestrian -1 -1 -10 1169 225 1216 312-1 -1 -1 -1000 -1000 -1000 -10 -0.852942
Pedestrian -1 -1 -10 907 306 975 375-1 -1 -1 -1000 -1000 -1000 -10 -0.884241
Pedestrian -1 -1 -10 1081 241 1128 328-1 -1 -1 -1000 -1000 -1000 -10 -0.888693
Pedestrian -1 -1 -10 929 129 976 216-1 -1 -1 -1000 -1000 -1000 -10 -0.893565
Pedestrian -1 -1 -10 1097 1 1152 64-1 -1 -1 -1000 -1000 -1000 -10 -0.925197
Pedestrian -1 -1 -10 1159 1 1218 69-1 -1 -1 -1000 -1000 -1000 -10 -0.946216
Pedestrian -1 -1 -10 966 19 1029 92-1 -1 -1 -1000 -1000 -1000 -10 -0.952622
Pedestrian -1 -1 -10 120 31 328 269-1 -1 -1 -1000 -1000 -1000 -10 -0.953342
Pedestrian -1 -1 -10 773 250 823 343-1 -1 -1 -1000 -1000 -1000 -10 -0.979045
Pedestrian -1 -1 -10 1065 145 1096 232-1 -1 -1 -1000 -1000 -1000 -10 -0.980698
Pedestrian -1 -1 -10 1030 275 1063 368-1 -1 -1 -1000 -1000 -1000 -10 -0.989606
Pedestrian -1 -1 -10 897 113 944 200-1 -1 -1 -1000 -1000 -1000 -10 -0.999331
