Pedestrian -1 -1 -10 464 155 532 343-1 -1 -1 -1000 -1000 -1000 -10 1.93296
Pedestrian -1 -1 -10 705 89 736 176-1 -1 -1 -1000 -1000 -1000 -10 -0.562979
Pedestrian -1 -1 -10 510 268 594 364-1 -1 -1 -1000 -1000 -1000 -10 -0.755458
Pedestrian -1 -1 -10 1153 1 1216 176-1 -1 -1 -1000 -1000 -1000 -10 -0.765687
Pedestrian -1 -1 -10 601 113 648 200-1 -1 -1 -1000 -1000 -1000 -10 -0.810092
Pedestrian -1 -1 -10 582 306 650 370-1 -1 -1 -1000 -1000 -1000 -10 -0.810435
Pedestrian -1 -1 -10 352 159 396 282-1 -1 -1 -1000 -1000 -1000 -10 -0.823959
Pedestrian -1 -1 -10 1039 212 1075 312-1 -1 -1 -1000 -1000 -1000 -10 -0.824634
Pedestrian -1 -1 -10 305 201 352 288-1 -1 -1 -1000 -1000 -1000 -10 -0.847667
Pedestrian -1 -1 -10 365 79 546 286-1 -1 -1 -1000 -1000 -1000 -10 -0.860495
Pedestrian -1 -1 -10 153 89 200 176-1 -1 -1 -1000 -1000 -1000 -10 -0.877358
Pedestrian -1 -1 -10 541 1 600 69-1 -1 -1 -1000 -1000 -1000 -10 -0.879406
Pedestrian -1 -1 -10 53 40 104 182-1 -1 -1 -1000 -1000 -1000 -10 -0.896784
Pedestrian -1 -1 -10 273 145 304 232-1 -1 -1 -1000 -1000 -1000 -10 -0.896893
Pedestrian -1 -1 -10 634 1 717 232-1 -1 -1 -1000 -1000 -1000 -10 -0.907732
Pedestrian -1 -1 -10 1 84 37 184-1 -1 -1 -1000 -1000 -1000 -10 -0.916069
Pedestrian -1 -1 -10 207 112 240 205-1 -1 -1 -1000 -1000 -1000 -10 -0.932721
Pedestrian -1 -1 -10 1057 1 1224 370-1 -1 -1 -1000 -1000 -1000 -10 -0.939669
Pedestrian -1 -1 -10 121 9 152 96-1 -1 -1 -1000 -1000 -1000 -10 -0.946704
Pedestrian -1 -1 -10 306 70 344 177-1 -1 -1 -1000 -1000 -1000 -10 -0.991616
