Pedestrian -1 -1 -10 159 80 237 296-1 -1 -1 -1000 -1000 -1000 -10 -0.582218
Pedestrian -1 -1 -10 833 1 1242 375-1 -1 -1 -1000 -1000 -1000 -10 -0.624723
Pedestrian -1 -1 -10 285 225 374 375-1 -1 -1 -1000 -1000 -1000 -10 -0.70871
Pedestrian -1 -1 -10 529 121 560 208-1 -1 -1 -1000 -1000 -1000 -10 -0.752096
Pedestrian -1 -1 -10 748 103 792 226-1 -1 -1 -1000 -1000 -1000 -10 -0.809824
Pedestrian -1 -1 -10 498 190 557 258-1 -1 -1 -1000 -1000 -1000 -10 -0.846707
Pedestrian -1 -1 -10 521 79 572 221-1 -1 -1 -1000 -1000 -1000 -10 -0.892655
Pedestrian -1 -1 -10 690 92 741 234-1 -1 -1 -1000 -1000 -1000 -10 -0.895722
Pedestrian -1 -1 -10 584 78 617 171-1 -1 -1 -1000 -1000 -1000 -10 -0.968655
Pedestrian -1 -1 -10 547 66 624 208-1 -1 -1 -1000 -1000 -1000 -10 -0.990422
