Pedestrian -1 -1 -10 1185 182 1240 334-1 -1 -1 -1000 -1000 -1000 -10 -0.416401
Pedestrian -1 -1 -10 1087 46 1165 136-1 -1 -1 -1000 -1000 -1000 -10 -0.556726
Pedestrian -1 -1 -10 1145 169 1192 256-1 -1 -1 -1000 -1000 -1000 -10 -0.572017
Pedestrian -1 -1 -10 1185 85 1240 237-1 -1 -1 -1000 -1000 -1000 -10 -0.573996
Pedestrian -1 -1 -10 762 76 851 239-1 -1 -1 -1000 -1000 -1000 -10 -0.684528
Pedestrian -1 -1 -10 593 113 624 200-1 -1 -1 -1000 -1000 -1000 -10 -0.694738
Pedestrian -1 -1 -10 838 119 876 226-1 -1 -1 -1000 -1000 -1000 -10 -0.714841
Pedestrian -1 -1 -10 961 113 992 200-1 -1 -1 -1000 -1000 -1000 -10 -0.725389
Pedestrian -1 -1 -10 837 85 892 237-1 -1 -1 -1000 -1000 -1000 -10 -0.750535
Pedestrian -1 -1 -10 1001 25 1048 112-1 -1 -1 -1000 -1000 -1000 -10 -0.796682
Pedestrian -1 -1 -10 790 293 840 375-1 -1 -1 -1000 -1000 -1000 -10 -0.819825
Pedestrian -1 -1 -10 613 286 686 369-1 -1 -1 -1000 -1000 -1000 -10 -0.848067
Pedestrian -1 -1 -10 878 119 916 226-1 -1 -1 -1000 -1000 -1000 -10 -0.850674
Pedestrian -1 -1 -10 970 95 1020 188-1 -1 -1 -1000 -1000 -1000 -10 -0.886563
Pedestrian -1 -1 -10 1094 1 1162 79-1 -1 -1 -1000 -1000 -1000 -10 -0.923217
Pedestrian -1 -1 -10 690 84 744 184-1 -1 -1 -1000 -1000 -1000 -10 -0.937385
Pedestrian -1 -1 -10 671 277 739 355-1 -1 -1 -1000 -1000 -1000 -10 -0.945519
Pedestrian -1 -1 -10 1121 1 1188 124-1 -1 -1 -1000 -1000 -1000 -10 -0.946721
Pedestrian -1 -1 -10 1030 29 1093 102-1 -1 -1 -1000 -1000 -1000 -10 -0.965005
Pedestrian -1 -1 -10 1057 9 1112 72-1 -1 -1 -1000 -1000 -1000 -10 -0.992833
