Pedestrian -1 -1 -10 1150 147 1183 240-1 -1 -1 -1000 -1000 -1000 -10 -0.241767
Pedestrian -1 -1 -10 281 73 328 160-1 -1 -1 -1000 -1000 -1000 -10 -0.532063
Pedestrian -1 -1 -10 838 24 995 204-1 -1 -1 -1000 -1000 -1000 -10 -0.599316
Pedestrian -1 -1 -10 761 97 792 184-1 -1 -1 -1000 -1000 -1000 -10 -0.682133
Pedestrian -1 -1 -10 455 121 514 189-1 -1 -1 -1000 -1000 -1000 -10 -0.699194
Pedestrian -1 -1 -10 219 50 388 243-1 -1 -1 -1000 -1000 -1000 -10 -0.727789
Pedestrian -1 -1 -10 720 90 758 197-1 -1 -1 -1000 -1000 -1000 -10 -0.759814
Pedestrian -1 -1 -10 593 105 640 192-1 -1 -1 -1000 -1000 -1000 -10 -0.798224
Pedestrian -1 -1 -10 516 56 644 202-1 -1 -1 -1000 -1000 -1000 -10 -0.855129
Pedestrian -1 -1 -10 699 93 735 193-1 -1 -1 -1000 -1000 -1000 -10 -0.884389
Pedestrian -1 -1 -10 618 18 686 206-1 -1 -1 -1000 -1000 -1000 -10 -0.893055
Pedestrian -1 -1 -10 1 19 74 220-1 -1 -1 -1000 -1000 -1000 -10 -0.896904
Pedestrian -1 -1 -10 684 99 781 209-1 -1 -1 -1000 -1000 -1000 -10 -0.912081
Pedestrian -1 -1 -10 154 57 237 209-1 -1 -1 -1000 -1000 -1000 -10 -0.915956
Pedestrian -1 -1 -10 1124 95 1174 188-1 -1 -1 -1000 -1000 -1000 -10 -0.937992
Pedestrian -1 -1 -10 441 1 496 64-1 -1 -1 -1000 -1000 -1000 -10 -0.944916
Pedestrian -1 -1 -10 419 99 516 209-1 -1 -1 -1000 -1000 -1000 -10 -0.971597
Pedestrian -1 -1 -10 790 318 849 375-1 -1 -1 -1000 -1000 -1000 -10 -0.987143
