Pedestrian -1 -1 -10 1 137 45 260-1 -1 -1 -1000 -1000 -1000 -10 -0.341833
Pedestrian -1 -1 -10 708 33 749 148-1 -1 -1 -1000 -1000 -1000 -10 -0.386681
Pedestrian -1 -1 -10 155 164 188 257-1 -1 -1 -1000 -1000 -1000 -10 -0.499951
Pedestrian -1 -1 -10 1 212 37 312-1 -1 -1 -1000 -1000 -1000 -10 -0.509518
Pedestrian -1 -1 -10 626 313 689 375-1 -1 -1 -1000 -1000 -1000 -10 -0.565877
Pedestrian -1 -1 -10 703 16 792 179-1 -1 -1 -1000 -1000 -1000 -10 -0.607422
Pedestrian -1 -1 -10 121 97 152 184-1 -1 -1 -1000 -1000 -1000 -10 -0.66849
Pedestrian -1 -1 -10 56 93 129 294-1 -1 -1 -1000 -1000 -1000 -10 -0.704879
Pedestrian -1 -1 -10 553 16 612 179-1 -1 -1 -1000 -1000 -1000 -10 -0.727051
Pedestrian -1 -1 -10 287 1 390 286-1 -1 -1 -1000 -1000 -1000 -10 -0.733984
Pedestrian -1 -1 -10 838 287 906 365-1 -1 -1 -1000 -1000 -1000 -10 -0.76904
Pedestrian -1 -1 -10 392 43 465 126-1 -1 -1 -1000 -1000 -1000 -10 -0.777105
Pedestrian -1 -1 -10 177 113 224 200-1 -1 -1 -1000 -1000 -1000 -10 -0.780137
Pedestrian -1 -1 -10 571 275 633 375-1 -1 -1 -1000 -1000 -1000 -10 -0.798987
Pedestrian -1 -1 -10 628 43 683 195-1 -1 -1 -1000 -1000 -1000 -10 -0.826612
Pedestrian -1 -1 -10 396 148 432 248-1 -1 -1 -1000 -1000 -1000 -10 -0.830549
Pedestrian -1 -1 -10 190 70 249 138-1 -1 -1 -1000 -1000 -1000 -10 -0.830945
Pedestrian -1 -1 -10 112 182 209 292-1 -1 -1 -1000 -1000 -1000 -10 -0.839906
Pedestrian -1 -1 -10 856 240 910 340-1 -1 -1 -1000 -1000 -1000 -10 -0.881426
Pedestrian -1 -1 -10 164 61 223 129-1 -1 -1 -1000 -1000 -1000 -10 -0.888149
Pedestrian -1 -1 -10 665 105 720 168-1 -1 -1 -1000 -1000 -1000 -10 -0.917205
Pedestrian -1 -1 -10 737 1 864 352-1 -1 -1 -1000 -1000 -1000 -10 -0.921451
Pedestrian -1 -1 -10 190 121 309 257-1 -1 -1 -1000 -1000 -1000 -10 -0.949566
Pedestrian -1 -1 -10 257 65 304 152-1 -1 -1 -1000 -1000 -1000 -10 -0.975863
Pedestrian -1 -1 -10 1 178 138 335-1 -1 -1 -1000 -1000 -1000 -10 -0.994114
