Pedestrian -1 -1 -10 1109 54 1171 169-1 -1 -1 -1000 -1000 -1000 -10 -0.14895
Pedestrian -1 -1 -10 626 222 735 375-1 -1 -1 -1000 -1000 -1000 -10 -0.642723
Pedestrian -1 -1 -10 986 257 1024 364-1 -1 -1 -1000 -1000 -1000 -10 -0.666575
Pedestrian -1 -1 -10 966 218 1004 325-1 -1 -1 -1000 -1000 -1000 -10 -0.773124
Pedestrian -1 -1 -10 961 193 1024 368-1 -1 -1 -1000 -1000 -1000 -10 -0.774984
Pedestrian -1 -1 -10 1 307 195 375-1 -1 -1 -1000 -1000 -1000 -10 -0.807096
Pedestrian -1 -1 -10 698 96 739 211-1 -1 -1 -1000 -1000 -1000 -10 -0.903616
Pedestrian -1 -1 -10 781 164 814 257-1 -1 -1 -1000 -1000 -1000 -10 -0.908794
Pedestrian -1 -1 -10 756 147 815 215-1 -1 -1 -1000 -1000 -1000 -10 -0.913319
Pedestrian -1 -1 -10 425 1 463 108-1 -1 -1 -1000 -1000 -1000 -10 -0.915569
Pedestrian -1 -1 -10 139 120 175 220-1 -1 -1 -1000 -1000 -1000 -10 -0.917262
Pedestrian -1 -1 -10 755 222 864 375-1 -1 -1 -1000 -1000 -1000 -10 -0.967702
Pedestrian -1 -1 -10 1129 280 1226 375-1 -1 -1 -1000 -1000 -1000 -10 -0.982014
