Pedestrian -1 -1 -10 456 157 507 299-1 -1 -1 -1000 -1000 -1000 -10 -0.192508
Pedestrian -1 -1 -10 10 35 43 128-1 -1 -1 -1000 -1000 -1000 -10 -0.580401
Pedestrian -1 -1 -10 684 29 767 181-1 -1 -1 -1000 -1000 -1000 -10 -0.669188
Pedestrian -1 -1 -10 1 1 74 202-1 -1 -1 -1000 -1000 -1000 -10 -0.718359
Pedestrian -1 -1 -10 656 62 704 194-1 -1 -1 -1000 -1000 -1000 -10 -0.791162
Pedestrian -1 -1 -10 190 112 223 205-1 -1 -1 -1000 -1000 -1000 -10 -0.825322
Pedestrian -1 -1 -10 442 93 515 294-1 -1 -1 -1000 -1000 -1000 -10 -0.835319
Pedestrian -1 -1 -10 327 95 360 188-1 -1 -1 -1000 -1000 -1000 -10 -0.851734
Pedestrian -1 -1 -10 1189 1 1237 133-1 -1 -1 -1000 -1000 -1000 -10 -0.854203
Pedestrian -1 -1 -10 969 121 1024 184-1 -1 -1 -1000 -1000 -1000 -10 -0.921305
Pedestrian -1 -1 -10 601 112 651 205-1 -1 -1 -1000 -1000 -1000 -10 -0.936979
Pedestrian -1 -1 -10 909 75 971 190-1 -1 -1 -1000 -1000 -1000 -10 -0.937769
