Pedestrian -1 -1 -10 635 84 671 184-1 -1 -1 -1000 -1000 -1000 -10 -0.608772
Pedestrian -1 -1 -10 729 57 776 144-1 -1 -1 -1000 -1000 -1000 -10 -0.619179
Pedestrian -1 -1 -10 586 85 683 195-1 -1 -1 -1000 -1000 -1000 -10 -0.622775
Pedestrian -1 -1 -10 782 1 818 101-1 -1 -1 -1000 -1000 -1000 -10 -0.850853
Pedestrian -1 -1 -10 901 250 960 318-1 -1 -1 -1000 -1000 -1000 -10 -0.900332
Pedestrian -1 -1 -10 1089 1 1120 88-1 -1 -1 -1000 -1000 -1000 -10 -0.901668
Pedestrian -1 -1 -10 216 58 260 181-1 -1 -1 -1000 -1000 -1000 -10 -0.904267
Pedestrian -1 -1 -10 374 46 418 169-1 -1 -1 -1000 -1000 -1000 -10 -0.907345
Pedestrian -1 -1 -10 681 105 712 192-1 -1 -1 -1000 -1000 -1000 -10 -0.907814
Pedestrian -1 -1 -10 677 22 824 190-1 -1 -1 -1000 -1000 -1000 -10 -0.909096
Pedestrian -1 -1 -10 924 274 1014 375-1 -1 -1 -1000 -1000 -1000 -10 -0.94031
Pedestrian -1 -1 -10 1184 1 1235 143-1 -1 -1 -1000 -1000 -1000 -10 -0.95516
Pedestrian -1 -1 -10 911 130 947 230-1 -1 -1 -1000 -1000 -1000 -10 -0.956851
Pedestrian -1 -1 -10 1133 52 1192 120-1 -1 -1 -1000 -1000 -1000 -10 -0.970363
Pedestrian -1 -1 -10 219 1 267 133-1 -1 -1 -1000 -1000 -1000 -10 -0.970481
Pedestrian -1 -1 -10 791 148 845 248-1 -1 -1 -1000 -1000 -1000 -10 -0.971394
Pedestrian -1 -1 -10 1141 207 1200 275-1 -1 -1 -1000 -1000 -1000 -10 -0.977071
Pedestrian -1 -1 -10 1032 335 1129 375-1 -1 -1 -1000 -1000 -1000 -10 -0.978504
Pedestrian -1 -1 -10 35 1 171 375-1 -1 -1 -1000 -1000 -1000 -10 -0.980562
