Pedestrian -1 -1 -10 457 129 504 216-1 -1 -1 -1000 -1000 -1000 -10 -0.21948
Pedestrian -1 -1 -10 233 113 264 200-1 -1 -1 -1000 -1000 -1000 -10 -0.263699
Pedestrian -1 -1 -10 641 153 672 240-1 -1 -1 -1000 -1000 -1000 -10 -0.4108
Pedestrian -1 -1 -10 632 110 680 242-1 -1 -1 -1000 -1000 -1000 -10 -0.494635
Pedestrian -1 -1 -10 153 105 184 192-1 -1 -1 -1000 -1000 -1000 -10 -0.60064
Pedestrian -1 -1 -10 353 27 386 120-1 -1 -1 -1000 -1000 -1000 -10 -0.636303
Pedestrian -1 -1 -10 677 66 728 208-1 -1 -1 -1000 -1000 -1000 -10 -0.639036
Pedestrian -1 -1 -10 190 138 249 206-1 -1 -1 -1000 -1000 -1000 -10 -0.676059
Pedestrian -1 -1 -10 397 125 441 248-1 -1 -1 -1000 -1000 -1000 -10 -0.724325
Pedestrian -1 -1 -10 65 137 96 224-1 -1 -1 -1000 -1000 -1000 -10 -0.733317
Pedestrian -1 -1 -10 790 27 840 120-1 -1 -1 -1000 -1000 -1000 -10 -0.74937
Pedestrian -1 -1 -10 75 128 116 243-1 -1 -1 -1000 -1000 -1000 -10 -0.795069
Pedestrian -1 -1 -10 481 105 528 192-1 -1 -1 -1000 -1000 -1000 -10 -0.808664
Pedestrian -1 -1 -10 1210 210 1242 373-1 -1 -1 -1000 -1000 -1000 -10 -0.81351
Pedestrian -1 -1 -10 423 64 464 179-1 -1 -1 -1000 -1000 -1000 -10 -0.863342
Pedestrian -1 -1 -10 139 139 175 239-1 -1 -1 -1000 -1000 -1000 -10 -0.873915
Pedestrian -1 -1 -10 137 73 184 160-1 -1 -1 -1000 -1000 -1000 -10 -0.88822
Pedestrian -1 -1 -10 721 155 754 248-1 -1 -1 -1000 -1000 -1000 -10 -0.967367
Pedestrian -1 -1 -10 759 103 803 226-1 -1 -1 -1000 -1000 -1000 -10 -0.977024
Pedestrian -1 -1 -10 377 71 474 181-1 -1 -1 -1000 -1000 -1000 -10 -0.984978
Pedestrian -1 -1 -10 553 50 611 157-1 -1 -1 -1000 -1000 -1000 -10 -0.985245
Pedestrian -1 -1 -10 1087 1 1165 91-1 -1 -1 -1000 -1000 -1000 -10 -0.999905
