Pedestrian -1 -1 -10 1159 138 1192 231-1 -1 -1 -1000 -1000 -1000 -10 0.0514278
Pedestrian -1 -1 -10 1 1 60 164-1 -1 -1 -1000 -1000 -1000 -10 -0.463126
Pedestrian -1 -1 -10 487 75 528 190-1 -1 -1 -1000 -1000 -1000 -10 -0.636772
Pedestrian -1 -1 -10 841 293 891 375-1 -1 -1 -1000 -1000 -1000 -10 -0.647336
Pedestrian -1 -1 -10 920 102 956 202-1 -1 -1 -1000 -1000 -1000 -10 -0.736748
Pedestrian -1 -1 -10 346 119 384 226-1 -1 -1 -1000 -1000 -1000 -10 -0.741026
Pedestrian -1 -1 -10 807 44 840 137-1 -1 -1 -1000 -1000 -1000 -10 -0.744696
Pedestrian -1 -1 -10 824 121 883 189-1 -1 -1 -1000 -1000 -1000 -10 -0.759356
Pedestrian -1 -1 -10 170 118 221 260-1 -1 -1 -1000 -1000 -1000 -10 -0.775228
Pedestrian -1 -1 -10 792 31 851 194-1 -1 -1 -1000 -1000 -1000 -10 -0.784681
Pedestrian -1 -1 -10 421 130 454 223-1 -1 -1 -1000 -1000 -1000 -10 -0.806184
Pedestrian -1 -1 -10 881 297 928 375-1 -1 -1 -1000 -1000 -1000 -10 -0.841207
Pedestrian -1 -1 -10 356 80 414 187-1 -1 -1 -1000 -1000 -1000 -10 -0.864349
Pedestrian -1 -1 -10 690 10 744 110-1 -1 -1 -1000 -1000 -1000 -10 -0.870561
Pedestrian -1 -1 -10 254 1 337 232-1 -1 -1 -1000 -1000 -1000 -10 -0.878539
Pedestrian -1 -1 -10 391 71 474 223-1 -1 -1 -1000 -1000 -1000 -10 -0.889779
Pedestrian -1 -1 -10 927 159 985 266-1 -1 -1 -1000 -1000 -1000 -10 -0.907869
Pedestrian -1 -1 -10 956 188 1024 266-1 -1 -1 -1000 -1000 -1000 -10 -0.937208
Pedestrian -1 -1 -10 533 70 652 206-1 -1 -1 -1000 -1000 -1000 -10 -0.946115
Pedestrian -1 -1 -10 738 61 771 154-1 -1 -1 -1000 -1000 -1000 -10 -0.954055
Pedestrian -1 -1 -10 818 1 876 108-1 -1 -1 -1000 -1000 -1000 -10 -0.96415
Pedestrian -1 -1 -10 455 64 496 179-1 -1 -1 -1000 -1000 -1000 -10 -0.976392
Pedestrian -1 -1 -10 756 61 789 154-1 -1 -1 -1000 -1000 -1000 -10 -0.985813
Pedestrian -1 -1 -10 1150 95 1200 188-1 -1 -1 -1000 -1000 -1000 -10 -0.98796
Pedestrian -1 -1 -10 663 84 717 184-1 -1 -1 -1000 -1000 -1000 -10 -0.990969
