Pedestrian -1 -1 -10 1030 111 1242 375-1 -1 -1 -1000 -1000 -1000 -10 -0.30361
Pedestrian -1 -1 -10 430 18 480 111-1 -1 -1 -1000 -1000 -1000 -10 -0.678929
Pedestrian -1 -1 -10 809 43 864 195-1 -1 -1 -1000 -1000 -1000 -10 -0.687802
Pedestrian -1 -1 -10 948 84 984 184-1 -1 -1 -1000 -1000 -1000 -10 -0.717531
Pedestrian -1 -1 -10 913 89 944 176-1 -1 -1 -1000 -1000 -1000 -10 -0.774782
Pedestrian -1 -1 -10 929 114 973 237-1 -1 -1 -1000 -1000 -1000 -10 -0.802294
Pedestrian -1 -1 -10 935 195 1007 327-1 -1 -1 -1000 -1000 -1000 -10 -0.855762
Pedestrian -1 -1 -10 572 109 640 187-1 -1 -1 -1000 -1000 -1000 -10 -0.865319
Pedestrian -1 -1 -10 498 86 546 218-1 -1 -1 -1000 -1000 -1000 -10 -0.875744
Pedestrian -1 -1 -10 680 80 724 203-1 -1 -1 -1000 -1000 -1000 -10 -0.908825
Pedestrian -1 -1 -10 369 121 400 208-1 -1 -1 -1000 -1000 -1000 -10 -0.949777
