Pedestrian -1 -1 -10 1106 1 1224 328-1 -1 -1 -1000 -1000 -1000 -10 -0.19118
Pedestrian -1 -1 -10 883 38 956 239-1 -1 -1 -1000 -1000 -1000 -10 -0.627062
Pedestrian -1 -1 -10 644 138 703 206-1 -1 -1 -1000 -1000 -1000 -10 -0.671186
Pedestrian -1 -1 -10 157 240 220 313-1 -1 -1 -1000 -1000 -1000 -10 -0.673083
Pedestrian -1 -1 -10 359 93 413 193-1 -1 -1 -1000 -1000 -1000 -10 -0.696189
Pedestrian -1 -1 -10 699 130 735 230-1 -1 -1 -1000 -1000 -1000 -10 -0.717607
Pedestrian -1 -1 -10 777 97 808 184-1 -1 -1 -1000 -1000 -1000 -10 -0.717682
Pedestrian -1 -1 -10 729 105 760 192-1 -1 -1 -1000 -1000 -1000 -10 -0.784246
Pedestrian -1 -1 -10 344 91 403 254-1 -1 -1 -1000 -1000 -1000 -10 -0.795394
Pedestrian -1 -1 -10 86 98 134 230-1 -1 -1 -1000 -1000 -1000 -10 -0.820157
Pedestrian -1 -1 -10 552 1 808 294-1 -1 -1 -1000 -1000 -1000 -10 -0.830537
Pedestrian -1 -1 -10 1210 164 1242 257-1 -1 -1 -1000 -1000 -1000 -10 -0.840689
Pedestrian -1 -1 -10 927 91 986 254-1 -1 -1 -1000 -1000 -1000 -10 -0.901416
Pedestrian -1 -1 -10 846 19 909 92-1 -1 -1 -1000 -1000 -1000 -10 -0.962894
Pedestrian -1 -1 -10 144 248 221 375-1 -1 -1 -1000 -1000 -1000 -10 -0.969429
Pedestrian -1 -1 -10 984 148 1020 248-1 -1 -1 -1000 -1000 -1000 -10 -0.992173
Pedestrian -1 -1 -10 789 74 837 206-1 -1 -1 -1000 -1000 -1000 -10 -0.994852
