Pedestrian -1 -1 -10 773 112 823 205-1 -1 -1 -1000 -1000 -1000 -10 -0.373174
Pedestrian -1 -1 -10 850 122 922 254-1 -1 -1 -1000 -1000 -1000 -10 -0.528942
Pedestrian -1 -1 -10 1067 56 1140 257-1 -1 -1 -1000 -1000 -1000 -10 -0.675861
Pedestrian -1 -1 -10 1114 159 1182 237-1 -1 -1 -1000 -1000 -1000 -10 -0.706754
Pedestrian -1 -1 -10 1193 233 1240 320-1 -1 -1 -1000 -1000 -1000 -10 -0.713456
Pedestrian -1 -1 -10 361 25 392 112-1 -1 -1 -1000 -1000 -1000 -10 -0.798553
Pedestrian -1 -1 -10 1209 185 1242 248-1 -1 -1 -1000 -1000 -1000 -10 -0.79987
Pedestrian -1 -1 -10 1141 1 1237 267-1 -1 -1 -1000 -1000 -1000 -10 -0.847296
Pedestrian -1 -1 -10 1121 145 1184 320-1 -1 -1 -1000 -1000 -1000 -10 -0.884487
Pedestrian -1 -1 -10 21 109 89 187-1 -1 -1 -1000 -1000 -1000 -10 -0.94867
Pedestrian -1 -1 -10 14 118 91 260-1 -1 -1 -1000 -1000 -1000 -10 -0.968154
Pedestrian -1 -1 -10 1 24 79 114-1 -1 -1 -1000 -1000 -1000 -10 -0.979041
Pedestrian -1 -1 -10 513 145 560 232-1 -1 -1 -1000 -1000 -1000 -10 -0.998754
