Pedestrian -1 -1 -10 15 112 70 264-1 -1 -1 -1000 -1000 -1000 -10 0.411533
Pedestrian -1 -1 -10 61 104 111 197-1 -1 -1 -1000 -1000 -1000 -10 -0.253065
Pedestrian -1 -1 -10 705 73 736 160-1 -1 -1 -1000 -1000 -1000 -10 -0.608014
Pedestrian -1 -1 -10 107 107 180 190-1 -1 -1 -1000 -1000 -1000 -10 -0.681664
Pedestrian -1 -1 -10 38 75 111 276-1 -1 -1 -1000 -1000 -1000 -10 -0.68249
Pedestrian -1 -1 -10 993 85 1034 200-1 -1 -1 -1000 -1000 -1000 -10 -0.69407
Pedestrian -1 -1 -10 385 193 440 256-1 -1 -1 -1000 -1000 -1000 -10 -0.765608
Pedestrian -1 -1 -10 626 1 699 202-1 -1 -1 -1000 -1000 -1000 -10 -0.768776
Pedestrian -1 -1 -10 306 92 350 215-1 -1 -1 -1000 -1000 -1000 -10 -0.779522
Pedestrian -1 -1 -10 150 105 209 268-1 -1 -1 -1000 -1000 -1000 -10 -0.781938
Pedestrian -1 -1 -10 773 1 832 69-1 -1 -1 -1000 -1000 -1000 -10 -0.817118
Pedestrian -1 -1 -10 1 24 91 272-1 -1 -1 -1000 -1000 -1000 -10 -0.836416
Pedestrian -1 -1 -10 562 130 616 230-1 -1 -1 -1000 -1000 -1000 -10 -0.844787
Pedestrian -1 -1 -10 711 1 808 111-1 -1 -1 -1000 -1000 -1000 -10 -0.878189
Pedestrian -1 -1 -10 193 113 240 200-1 -1 -1 -1000 -1000 -1000 -10 -0.89747
Pedestrian -1 -1 -10 442 102 478 202-1 -1 -1 -1000 -1000 -1000 -10 -0.922464
Pedestrian -1 -1 -10 456 118 546 221-1 -1 -1 -1000 -1000 -1000 -10 -0.936311
Pedestrian -1 -1 -10 335 70 385 163-1 -1 -1 -1000 -1000 -1000 -10 -0.990129
Pedestrian -1 -1 -10 756 1 824 189-1 -1 -1 -1000 -1000 -1000 -10 -0.991425
Pedestrian -1 -1 -10 196 112 251 264-1 -1 -1 -1000 -1000 -1000 -10 -0.995692
