Pedestrian -1 -1 -10 738 164 771 257-1 -1 -1 -1000 -1000 -1000 -10 0.335606
Pedestrian -1 -1 -10 488 139 524 239-1 -1 -1 -1000 -1000 -1000 -10 0.0556202
Pedestrian -1 -1 -10 801 161 848 248-1 -1 -1 -1000 -1000 -1000 -10 -0.021379
Pedestrian -1 -1 -10 258 112 291 205-1 -1 -1 -1000 -1000 -1000 -10 -0.36061
Pedestrian -1 -1 -10 1185 85 1240 237-1 -1 -1 -1000 -1000 -1000 -10 -0.43974
Pedestrian -1 -1 -10 905 137 936 224-1 -1 -1 -1000 -1000 -1000 -10 -0.475794
Pedestrian -1 -1 -10 454 125 521 248-1 -1 -1 -1000 -1000 -1000 -10 -0.631282
Pedestrian -1 -1 -10 53 1 260 375-1 -1 -1 -1000 -1000 -1000 -10 -0.720932
Pedestrian -1 -1 -10 644 84 680 184-1 -1 -1 -1000 -1000 -1000 -10 -0.846697
Pedestrian -1 -1 -10 413 104 446 197-1 -1 -1 -1000 -1000 -1000 -10 -0.857867
Pedestrian -1 -1 -10 1132 118 1209 260-1 -1 -1 -1000 -1000 -1000 -10 -0.882913
Pedestrian -1 -1 -10 273 261 317 375-1 -1 -1 -1000 -1000 -1000 -10 -0.914229
Pedestrian -1 -1 -10 1002 131 1092 234-1 -1 -1 -1000 -1000 -1000 -10 -0.950717
Pedestrian -1 -1 -10 1090 250 1149 318-1 -1 -1 -1000 -1000 -1000 -10 -0.963505
Pedestrian -1 -1 -10 769 1 847 217-1 -1 -1 -1000 -1000 -1000 -10 -0.974596
Pedestrian -1 -1 -10 970 181 1029 249-1 -1 -1 -1000 -1000 -1000 -10 -0.986742
Pedestrian -1 -1 -10 573 105 728 375-1 -1 -1 -1000 -1000 -1000 -10 -0.998015
