Pedestrian -1 -1 -10 516 102 570 202-1 -1 -1 -1000 -1000 -1000 -10 -0.630609
Pedestrian -1 -1 -10 31 31 99 109-1 -1 -1 -1000 -1000 -1000 -10 -0.690962
Pedestrian -1 -1 -10 209 209 256 296-1 -1 -1 -1000 -1000 -1000 -10 -0.702056
Pedestrian -1 -1 -10 1 180 60 343-1 -1 -1 -1000 -1000 -1000 -10 -0.719804
Pedestrian -1 -1 -10 130 65 166 165-1 -1 -1 -1000 -1000 -1000 -10 -0.755908
Pedestrian -1 -1 -10 70 164 103 257-1 -1 -1 -1000 -1000 -1000 -10 -0.802682
Pedestrian -1 -1 -10 1 16 104 134-1 -1 -1 -1000 -1000 -1000 -10 -0.832026
Pedestrian -1 -1 -10 240 150 329 313-1 -1 -1 -1000 -1000 -1000 -10 -0.881115
Pedestrian -1 -1 -10 161 81 208 168-1 -1 -1 -1000 -1000 -1000 -10 -0.917771
Pedestrian -1 -1 -10 191 159 253 274-1 -1 -1 -1000 -1000 -1000 -10 -0.921695
Pedestrian -1 -1 -10 316 98 400 194-1 -1 -1 -1000 -1000 -1000 -10 -0.95891
Pedestrian -1 -1 -10 801 137 856 200-1 -1 -1 -1000 -1000 -1000 -10 -0.96003
Pedestrian -1 -1 -10 70 159 138 237-1 -1 -1 -1000 -1000 -1000 -10 -0.964621
Pedestrian -1 -1 -10 558 126 641 278-1 -1 -1 -1000 -1000 -1000 -10 -0.98136
Pedestrian -1 -1 -10 207 1 279 133-1 -1 -1 -1000 -1000 -1000 -10 -0.991583
