Pedestrian -1 -1 -10 1 233 148 375-1 -1 -1 -1000 -1000 -1000 -10 -0.524646
Pedestrian -1 -1 -10 386 1 476 249-1 -1 -1 -1000 -1000 -1000 -10 -0.549234
Pedestrian -1 -1 -10 225 41 256 128-1 -1 -1 -1000 -1000 -1000 -10 -0.620942
Pedestrian -1 -1 -10 1 1 239 375-1 -1 -1 -1000 -1000 -1000 -10 -0.633963
Pedestrian -1 -1 -10 764 249 827 322-1 -1 -1 -1000 -1000 -1000 -10 -0.658101
Pedestrian -1 -1 -10 297 265 344 352-1 -1 -1 -1000 -1000 -1000 -10 -0.728352
Pedestrian -1 -1 -10 1141 176 1195 276-1 -1 -1 -1000 -1000 -1000 -10 -0.733757
Pedestrian -1 -1 -10 534 286 588 375-1 -1 -1 -1000 -1000 -1000 -10 -0.797801
Pedestrian -1 -1 -10 449 46 538 209-1 -1 -1 -1000 -1000 -1000 -10 -0.797837
Pedestrian -1 -1 -10 602 21 640 128-1 -1 -1 -1000 -1000 -1000 -10 -0.799999
Pedestrian -1 -1 -10 224 258 343 375-1 -1 -1 -1000 -1000 -1000 -10 -0.873641
Pedestrian -1 -1 -10 361 145 392 232-1 -1 -1 -1000 -1000 -1000 -10 -0.873654
Pedestrian -1 -1 -10 293 52 361 240-1 -1 -1 -1000 -1000 -1000 -10 -0.906155
Pedestrian -1 -1 -10 974 216 1052 306-1 -1 -1 -1000 -1000 -1000 -10 -0.916671
Pedestrian -1 -1 -10 1141 166 1214 367-1 -1 -1 -1000 -1000 -1000 -10 -0.927318
Pedestrian -1 -1 -10 764 95 797 188-1 -1 -1 -1000 -1000 -1000 -10 -0.942352
Pedestrian -1 -1 -10 537 97 568 184-1 -1 -1 -1000 -1000 -1000 -10 -0.944014
