Pedestrian -1 -1 -10 481 181 514 274-1 -1 -1 -1000 -1000 -1000 -10 0.106384
Pedestrian -1 -1 -10 267 157 303 257-1 -1 -1 -1000 -1000 -1000 -10 0.0556002
Pedestrian -1 -1 -10 297 153 328 240-1 -1 -1 -1000 -1000 -1000 -10 -0.0843964
Pedestrian -1 -1 -10 318 107 359 222-1 -1 -1 -1000 -1000 -1000 -10 -0.54939
Pedestrian -1 -1 -10 918 112 951 205-1 -1 -1 -1000 -1000 -1000 -10 -0.610285
Pedestrian -1 -1 -10 153 97 200 184-1 -1 -1 -1000 -1000 -1000 -10 -0.647834
Pedestrian -1 -1 -10 273 1 336 176-1 -1 -1 -1000 -1000 -1000 -10 -0.709651
Pedestrian -1 -1 -10 62 147 146 243-1 -1 -1 -1000 -1000 -1000 -10 -0.764649
Pedestrian -1 -1 -10 824 1 874 94-1 -1 -1 -1000 -1000 -1000 -10 -0.79723
Pedestrian -1 -1 -10 305 65 368 240-1 -1 -1 -1000 -1000 -1000 -10 -0.820141
Pedestrian -1 -1 -10 430 241 489 309-1 -1 -1 -1000 -1000 -1000 -10 -0.829994
Pedestrian -1 -1 -10 10 27 43 120-1 -1 -1 -1000 -1000 -1000 -10 -0.879842
Pedestrian -1 -1 -10 592 107 633 222-1 -1 -1 -1000 -1000 -1000 -10 -0.987493
Pedestrian -1 -1 -10 250 1 340 249-1 -1 -1 -1000 -1000 -1000 -10 -0.995698
