Pedestrian -1 -1 -10 1150 44 1183 137-1 -1 -1 -1000 -1000 -1000 -10 0.106404
Pedestrian -1 -1 -10 807 61 910 179-1 -1 -1 -1000 -1000 -1000 -10 -0.303446
Pedestrian -1 -1 -10 489 121 520 208-1 -1 -1 -1000 -1000 -1000 -10 -0.495295
Pedestrian -1 -1 -10 848 60 926 276-1 -1 -1 -1000 -1000 -1000 -10 -0.614303
Pedestrian -1 -1 -10 1089 49 1184 224-1 -1 -1 -1000 -1000 -1000 -10 -0.786796
Pedestrian -1 -1 -10 454 114 532 204-1 -1 -1 -1000 -1000 -1000 -10 -0.843337
Pedestrian -1 -1 -10 585 145 640 208-1 -1 -1 -1000 -1000 -1000 -10 -0.85913
Pedestrian -1 -1 -10 385 57 432 144-1 -1 -1 -1000 -1000 -1000 -10 -0.875433
Pedestrian -1 -1 -10 222 1 478 294-1 -1 -1 -1000 -1000 -1000 -10 -0.878121
Pedestrian -1 -1 -10 764 112 797 205-1 -1 -1 -1000 -1000 -1000 -10 -0.902139
Pedestrian -1 -1 -10 612 90 650 197-1 -1 -1 -1000 -1000 -1000 -10 -0.932463
Pedestrian -1 -1 -10 1153 37 1237 133-1 -1 -1 -1000 -1000 -1000 -10 -0.961127
Pedestrian -1 -1 -10 513 129 736 375-1 -1 -1 -1000 -1000 -1000 -10 -0.97398
