Pedestrian -1 -1 -10 1201 10 1234 103-1 -1 -1 -1000 -1000 -1000 -10 0.173922
Pedestrian -1 -1 -10 1201 70 1234 163-1 -1 -1 -1000 -1000 -1000 -10 -0.234994
Pedestrian -1 -1 -10 1165 292 1242 375-1 -1 -1 -1000 -1000 -1000 -10 -0.380239
Pedestrian -1 -1 -10 1180 1 1239 164-1 -1 -1 -1000 -1000 -1000 -10 -0.424362
Pedestrian -1 -1 -10 624 96 665 211-1 -1 -1 -1000 -1000 -1000 -10 -0.462028
Pedestrian -1 -1 -10 1094 277 1152 375-1 -1 -1 -1000 -1000 -1000 -10 -0.475381
Pedestrian -1 -1 -10 1104 171 1152 303-1 -1 -1 -1000 -1000 -1000 -10 -0.579408
Pedestrian -1 -1 -10 978 52 1011 145-1 -1 -1 -1000 -1000 -1000 -10 -0.591517
Pedestrian -1 -1 -10 254 212 401 375-1 -1 -1 -1000 -1000 -1000 -10 -0.654648
Pedestrian -1 -1 -10 1176 172 1209 265-1 -1 -1 -1000 -1000 -1000 -10 -0.683108
Pedestrian -1 -1 -10 1 313 64 375-1 -1 -1 -1000 -1000 -1000 -10 -0.694845
Pedestrian -1 -1 -10 74 50 158 146-1 -1 -1 -1000 -1000 -1000 -10 -0.718162
Pedestrian -1 -1 -10 1203 188 1241 295-1 -1 -1 -1000 -1000 -1000 -10 -0.720533
Pedestrian -1 -1 -10 1145 305 1176 375-1 -1 -1 -1000 -1000 -1000 -10 -0.725529
Pedestrian -1 -1 -10 1124 277 1182 375-1 -1 -1 -1000 -1000 -1000 -10 -0.727664
Pedestrian -1 -1 -10 442 92 486 215-1 -1 -1 -1000 -1000 -1000 -10 -0.737071
Pedestrian -1 -1 -10 1064 198 1114 291-1 -1 -1 -1000 -1000 -1000 -10 -0.806394
Pedestrian -1 -1 -10 502 99 599 209-1 -1 -1 -1000 -1000 -1000 -10 -0.812665
Pedestrian -1 -1 -10 1049 65 1096 152-1 -1 -1 -1000 -1000 -1000 -10 -0.812987
Pedestrian -1 -1 -10 1124 178 1241 375-1 -1 -1 -1000 -1000 -1000 -10 -0.813695
Pedestrian -1 -1 -10 537 57 592 120-1 -1 -1 -1000 -1000 -1000 -10 -0.836785
Pedestrian -1 -1 -10 15 252 70 375-1 -1 -1 -1000 -1000 -1000 -10 -0.848609
Pedestrian -1 -1 -10 888 1 961 84-1 -1 -1 -1000 -1000 -1000 -10 -0.868634
Pedestrian -1 -1 -10 1017 193 1064 280-1 -1 -1 -1000 -1000 -1000 -10 -0.887624
Pedestrian -1 -1 -10 976 109 1034 216-1 -1 -1 -1000 -1000 -1000 -10 -0.895854
Pedestrian -1 -1 -10 104 190 163 258-1 -1 -1 -1000 -1000 -1000 -10 -0.896619
Pedestrian -1 -1 -10 1057 145 1104 232-1 -1 -1 -1000 -1000 -1000 -10 -0.912002
Pedestrian -1 -1 -10 614 1 780 306-1 -1 -1 -1000 -1000 -1000 -10 -0.915259
Pedestrian -1 -1 -10 929 114 1064 362-1 -1 -1 -1000 -1000 -1000 -10 -0.927509
Pedestrian -1 -1 -10 544 1 679 249-1 -1 -1 -1000 -1000 -1000 -10 -0.95063
Pedestrian -1 -1 -10 533 295 611 375-1 -1 -1 -1000 -1000 -1000 -10 -0.951105
Pedestrian -1 -1 -10 1073 10 1123 103-1 -1 -1 -1000 -1000 -1000 -10 -0.957447
Pedestrian -1 -1 -10 1057 1 1225 375-1 -1 -1 -1000 -1000 -1000 -10 -0.976159
Pedestrian -1 -1 -10 1 210 84 362-1 -1 -1 -1000 -1000 -1000 -10 -0.999821
