Pedestrian -1 -1 -10 1 87 34 180-1 -1 -1 -1000 -1000 -1000 -10 -0.44416
Pedestrian -1 -1 -10 666 107 707 222-1 -1 -1 -1000 -1000 -1000 -10 -0.5836
Pedestrian -1 -1 -10 350 65 404 165-1 -1 -1 -1000 -1000 -1000 -10 -0.888671
Pedestrian -1 -1 -10 1186 267 1242 340-1 -1 -1 -1000 -1000 -1000 -10 -0.915603
Pedestrian -1 -1 -10 474 90 542 168-1 -1 -1 -1000 -1000 -1000 -10 -0.940948
Pedestrian -1 -1 -10 725 182 822 292-1 -1 -1 -1000 -1000 -1000 -10 -0.94966
Pedestrian -1 -1 -10 655 265 717 375-1 -1 -1 -1000 -1000 -1000 -10 -0.972952
Pedestrian -1 -1 -10 1110 1 1242 181-1 -1 -1 -1000 -1000 -1000 -10 -0.985127
Pedestrian -1 -1 -10 543 84 597 184-1 -1 -1 -1000 -1000 -1000 -10 -0.988519
Pedestrian -1 -1 -10 284 78 343 146-1 -1 -1 -1000 -1000 -1000 -10 -0.999958
