Pedestrian -1 -1 -10 642 71 697 223-1 -1 -1 -1000 -1000 -1000 -10 -0.499599
Pedestrian -1 -1 -10 464 46 553 209-1 -1 -1 -1000 -1000 -1000 -10 -0.510396
Pedestrian -1 -1 -10 1169 225 1242 375-1 -1 -1 -1000 -1000 -1000 -10 -0.606581
Pedestrian -1 -1 -10 1 57 32 144-1 -1 -1 -1000 -1000 -1000 -10 -0.606658
Pedestrian -1 -1 -10 987 198 1020 291-1 -1 -1 -1000 -1000 -1000 -10 -0.660984
Pedestrian -1 -1 -10 929 24 1007 114-1 -1 -1 -1000 -1000 -1000 -10 -0.675399
Pedestrian -1 -1 -10 633 9 688 72-1 -1 -1 -1000 -1000 -1000 -10 -0.71442
Pedestrian -1 -1 -10 449 169 480 256-1 -1 -1 -1000 -1000 -1000 -10 -0.728318
Pedestrian -1 -1 -10 10 155 43 248-1 -1 -1 -1000 -1000 -1000 -10 -0.752074
Pedestrian -1 -1 -10 730 277 788 375-1 -1 -1 -1000 -1000 -1000 -10 -0.806396
Pedestrian -1 -1 -10 810 203 846 303-1 -1 -1 -1000 -1000 -1000 -10 -0.816377
Pedestrian -1 -1 -10 258 267 321 340-1 -1 -1 -1000 -1000 -1000 -10 -0.817621
Pedestrian -1 -1 -10 1225 1 1242 88-1 -1 -1 -1000 -1000 -1000 -10 -0.827738
Pedestrian -1 -1 -10 846 38 900 138-1 -1 -1 -1000 -1000 -1000 -10 -0.840791
Pedestrian -1 -1 -10 703 1 792 164-1 -1 -1 -1000 -1000 -1000 -10 -0.84657
Pedestrian -1 -1 -10 1122 222 1185 295-1 -1 -1 -1000 -1000 -1000 -10 -0.861024
Pedestrian -1 -1 -10 114 295 192 375-1 -1 -1 -1000 -1000 -1000 -10 -0.86223
Pedestrian -1 -1 -10 841 145 872 232-1 -1 -1 -1000 -1000 -1000 -10 -0.914473
Pedestrian -1 -1 -10 1205 1 1241 101-1 -1 -1 -1000 -1000 -1000 -10 -0.922904
Pedestrian -1 -1 -10 804 148 848 271-1 -1 -1 -1000 -1000 -1000 -10 -0.935969
Pedestrian -1 -1 -10 825 273 872 360-1 -1 -1 -1000 -1000 -1000 -10 -0.966594
Pedestrian -1 -1 -10 1081 273 1128 360-1 -1 -1 -1000 -1000 -1000 -10 -0.976506
Pedestrian -1 -1 -10 644 1 692 133-1 -1 -1 -1000 -1000 -1000 -10 -0.990808
