Pedestrian -1 -1 -10 753 29 808 181-1 -1 -1 -1000 -1000 -1000 -10 0.124224
Pedestrian -1 -1 -10 697 25 728 112-1 -1 -1 -1000 -1000 -1000 -10 -0.287325
Pedestrian -1 -1 -10 833 65 944 192-1 -1 -1 -1000 -1000 -1000 -10 -0.419167
Pedestrian -1 -1 -10 441 113 488 200-1 -1 -1 -1000 -1000 -1000 -10 -0.445001
Pedestrian -1 -1 -10 13 98 61 230-1 -1 -1 -1000 -1000 -1000 -10 -0.51384
Pedestrian -1 -1 -10 481 104 514 197-1 -1 -1 -1000 -1000 -1000 -10 -0.548603
Pedestrian -1 -1 -10 740 1 823 232-1 -1 -1 -1000 -1000 -1000 -10 -0.585252
Pedestrian -1 -1 -10 479 31 538 194-1 -1 -1 -1000 -1000 -1000 -10 -0.769721
Pedestrian -1 -1 -10 1030 155 1063 248-1 -1 -1 -1000 -1000 -1000 -10 -0.795969
Pedestrian -1 -1 -10 535 86 583 218-1 -1 -1 -1000 -1000 -1000 -10 -0.875499
Pedestrian -1 -1 -10 1205 120 1241 220-1 -1 -1 -1000 -1000 -1000 -10 -0.927192
Pedestrian -1 -1 -10 378 120 432 220-1 -1 -1 -1000 -1000 -1000 -10 -0.943948
Pedestrian -1 -1 -10 1 1 91 249-1 -1 -1 -1000 -1000 -1000 -10 -0.968476
Pedestrian -1 -1 -10 1155 148 1233 238-1 -1 -1 -1000 -1000 -1000 -10 -0.986345
