Pedestrian -1 -1 -10 838 137 882 260-1 -1 -1 -1000 -1000 -1000 -10 1.4653
Pedestrian -1 -1 -10 824 121 892 309-1 -1 -1 -1000 -1000 -1000 -10 -0.183719
Pedestrian -1 -1 -10 171 1 267 267-1 -1 -1 -1000 -1000 -1000 -10 -0.382929
Pedestrian -1 -1 -10 419 91 522 209-1 -1 -1 -1000 -1000 -1000 -10 -0.735316
Pedestrian -1 -1 -10 897 1 956 164-1 -1 -1 -1000 -1000 -1000 -10 -0.778259
Pedestrian -1 -1 -10 513 109 581 187-1 -1 -1 -1000 -1000 -1000 -10 -0.792911
Pedestrian -1 -1 -10 289 1 512 256-1 -1 -1 -1000 -1000 -1000 -10 -0.810079
Pedestrian -1 -1 -10 1203 99 1241 206-1 -1 -1 -1000 -1000 -1000 -10 -0.843663
Pedestrian -1 -1 -10 1214 1 1242 133-1 -1 -1 -1000 -1000 -1000 -10 -0.854259
Pedestrian -1 -1 -10 696 87 729 180-1 -1 -1 -1000 -1000 -1000 -10 -0.917274
