Pedestrian -1 -1 -10 12 46 56 169-1 -1 -1 -1000 -1000 -1000 -10 -0.490797
Pedestrian -1 -1 -10 109 50 147 157-1 -1 -1 -1000 -1000 -1000 -10 -0.505524
Pedestrian -1 -1 -10 1018 168 1073 320-1 -1 -1 -1000 -1000 -1000 -10 -0.741669
Pedestrian -1 -1 -10 809 169 840 256-1 -1 -1 -1000 -1000 -1000 -10 -0.757083
Pedestrian -1 -1 -10 470 93 533 166-1 -1 -1 -1000 -1000 -1000 -10 -0.766763
Pedestrian -1 -1 -10 1075 237 1143 315-1 -1 -1 -1000 -1000 -1000 -10 -0.789495
Pedestrian -1 -1 -10 529 105 576 192-1 -1 -1 -1000 -1000 -1000 -10 -0.803225
Pedestrian -1 -1 -10 644 121 677 214-1 -1 -1 -1000 -1000 -1000 -10 -0.803917
Pedestrian -1 -1 -10 961 153 1016 216-1 -1 -1 -1000 -1000 -1000 -10 -0.833908
Pedestrian -1 -1 -10 936 112 969 205-1 -1 -1 -1000 -1000 -1000 -10 -0.859109
Pedestrian -1 -1 -10 910 215 969 283-1 -1 -1 -1000 -1000 -1000 -10 -0.900845
Pedestrian -1 -1 -10 966 228 1034 306-1 -1 -1 -1000 -1000 -1000 -10 -0.931042
Pedestrian -1 -1 -10 1141 267 1174 360-1 -1 -1 -1000 -1000 -1000 -10 -0.94372
Pedestrian -1 -1 -10 807 91 866 254-1 -1 -1 -1000 -1000 -1000 -10 -0.959031
Pedestrian -1 -1 -10 1178 193 1222 316-1 -1 -1 -1000 -1000 -1000 -10 -0.972313
Pedestrian -1 -1 -10 642 57 697 209-1 -1 -1 -1000 -1000 -1000 -10 -0.97457
Pedestrian -1 -1 -10 1 1 42 116-1 -1 -1 -1000 -1000 -1000 -10 -0.983804
Pedestrian -1 -1 -10 561 129 616 192-1 -1 -1 -1000 -1000 -1000 -10 -0.986873
