Pedestrian -1 -1 -10 865 140 920 292-1 -1 -1 -1000 -1000 -1000 -10 -0.242072
Pedestrian -1 -1 -10 352 159 396 282-1 -1 -1 -1000 -1000 -1000 -10 -0.664128
Pedestrian -1 -1 -10 502 280 599 370-1 -1 -1 -1000 -1000 -1000 -10 -0.707924
Pedestrian -1 -1 -10 225 135 314 298-1 -1 -1 -1000 -1000 -1000 -10 -0.75897
Pedestrian -1 -1 -10 696 172 729 265-1 -1 -1 -1000 -1000 -1000 -10 -0.821797
Pedestrian -1 -1 -10 996 241 1029 334-1 -1 -1 -1000 -1000 -1000 -10 -0.832437
Pedestrian -1 -1 -10 537 1 592 64-1 -1 -1 -1000 -1000 -1000 -10 -0.918911
Pedestrian -1 -1 -10 582 306 650 370-1 -1 -1 -1000 -1000 -1000 -10 -0.922312
Pedestrian -1 -1 -10 578 250 656 340-1 -1 -1 -1000 -1000 -1000 -10 -0.925364
Pedestrian -1 -1 -10 10 52 43 145-1 -1 -1 -1000 -1000 -1000 -10 -0.927626
Pedestrian -1 -1 -10 828 93 901 294-1 -1 -1 -1000 -1000 -1000 -10 -0.93273
Pedestrian -1 -1 -10 699 93 753 193-1 -1 -1 -1000 -1000 -1000 -10 -0.941371
Pedestrian -1 -1 -10 1 53 78 195-1 -1 -1 -1000 -1000 -1000 -10 -0.945261
Pedestrian -1 -1 -10 387 231 450 304-1 -1 -1 -1000 -1000 -1000 -10 -0.947003
Pedestrian -1 -1 -10 816 52 866 145-1 -1 -1 -1000 -1000 -1000 -10 -0.948332
Pedestrian -1 -1 -10 470 1 524 101-1 -1 -1 -1000 -1000 -1000 -10 -0.968647
Pedestrian -1 -1 -10 635 1 725 249-1 -1 -1 -1000 -1000 -1000 -10 -0.973689
Pedestrian -1 -1 -10 1121 177 1176 240-1 -1 -1 -1000 -1000 -1000 -10 -0.997398
