Pedestrian -1 -1 -10 392 180 433 295-1 -1 -1 -1000 -1000 -1000 -10 1.26102
Pedestrian -1 -1 -10 46 61 135 224-1 -1 -1 -1000 -1000 -1000 -10 0.409084
Pedestrian -1 -1 -10 185 185 258 375-1 -1 -1 -1000 -1000 -1000 -10 0.399939
Pedestrian -1 -1 -10 241 129 272 216-1 -1 -1 -1000 -1000 -1000 -10 -0.0948963
Pedestrian -1 -1 -10 929 111 965 211-1 -1 -1 -1000 -1000 -1000 -10 -0.317175
Pedestrian -1 -1 -10 515 104 548 197-1 -1 -1 -1000 -1000 -1000 -10 -0.402298
Pedestrian -1 -1 -10 978 258 1097 375-1 -1 -1 -1000 -1000 -1000 -10 -0.44749
Pedestrian -1 -1 -10 216 103 260 226-1 -1 -1 -1000 -1000 -1000 -10 -0.527032
Pedestrian -1 -1 -10 1080 195 1152 327-1 -1 -1 -1000 -1000 -1000 -10 -0.619228
Pedestrian -1 -1 -10 9 209 40 296-1 -1 -1 -1000 -1000 -1000 -10 -0.678473
Pedestrian -1 -1 -10 121 112 154 205-1 -1 -1 -1000 -1000 -1000 -10 -0.713391
Pedestrian -1 -1 -10 9 145 40 232-1 -1 -1 -1000 -1000 -1000 -10 -0.715274
Pedestrian -1 -1 -10 1 134 49 266-1 -1 -1 -1000 -1000 -1000 -10 -0.730617
Pedestrian -1 -1 -10 1129 71 1212 223-1 -1 -1 -1000 -1000 -1000 -10 -0.733509
Pedestrian -1 -1 -10 53 53 156 338-1 -1 -1 -1000 -1000 -1000 -10 -0.768167
Pedestrian -1 -1 -10 569 113 624 176-1 -1 -1 -1000 -1000 -1000 -10 -0.822748
Pedestrian -1 -1 -10 1 267 39 374-1 -1 -1 -1000 -1000 -1000 -10 -0.839732
Pedestrian -1 -1 -10 1 1 119 328-1 -1 -1 -1000 -1000 -1000 -10 -0.892877
Pedestrian -1 -1 -10 777 129 824 216-1 -1 -1 -1000 -1000 -1000 -10 -0.897368
Pedestrian -1 -1 -10 344 35 549 375-1 -1 -1 -1000 -1000 -1000 -10 -0.933105
Pedestrian -1 -1 -10 816 80 860 203-1 -1 -1 -1000 -1000 -1000 -10 -0.946877
Pedestrian -1 -1 -10 619 37 667 169-1 -1 -1 -1000 -1000 -1000 -10 -0.952317
Pedestrian -1 -1 -10 567 114 611 237-1 -1 -1 -1000 -1000 -1000 -10 -0.962101
