Pedestrian -1 -1 -10 137 249 192 312-1 -1 -1 -1000 -1000 -1000 -10 -0.553983
Pedestrian -1 -1 -10 583 74 655 206-1 -1 -1 -1000 -1000 -1000 -10 -0.574353
Pedestrian -1 -1 -10 1107 70 1140 163-1 -1 -1 -1000 -1000 -1000 -10 -0.646991
Pedestrian -1 -1 -10 149 244 211 359-1 -1 -1 -1000 -1000 -1000 -10 -0.664461
Pedestrian -1 -1 -10 977 73 1024 160-1 -1 -1 -1000 -1000 -1000 -10 -0.777617
Pedestrian -1 -1 -10 110 86 182 218-1 -1 -1 -1000 -1000 -1000 -10 -0.81655
Pedestrian -1 -1 -10 1039 75 1075 175-1 -1 -1 -1000 -1000 -1000 -10 -0.818722
Pedestrian -1 -1 -10 1002 79 1079 221-1 -1 -1 -1000 -1000 -1000 -10 -0.859151
Pedestrian -1 -1 -10 769 80 827 187-1 -1 -1 -1000 -1000 -1000 -10 -0.865847
Pedestrian -1 -1 -10 1067 65 1121 165-1 -1 -1 -1000 -1000 -1000 -10 -0.908418
Pedestrian -1 -1 -10 909 138 971 253-1 -1 -1 -1000 -1000 -1000 -10 -0.913436
Pedestrian -1 -1 -10 301 112 351 205-1 -1 -1 -1000 -1000 -1000 -10 -0.934235
Pedestrian -1 -1 -10 180 191 253 274-1 -1 -1 -1000 -1000 -1000 -10 -0.967701
Pedestrian -1 -1 -10 677 75 718 190-1 -1 -1 -1000 -1000 -1000 -10 -0.989357
Pedestrian -1 -1 -10 833 1 1242 375-1 -1 -1 -1000 -1000 -1000 -10 -0.998538
