Pedestrian -1 -1 -10 1 76 60 239-1 -1 -1 -1000 -1000 -1000 -10 -0.469502
Pedestrian -1 -1 -10 793 107 834 222-1 -1 -1 -1000 -1000 -1000 -10 -0.649724
Pedestrian -1 -1 -10 177 137 208 224-1 -1 -1 -1000 -1000 -1000 -10 -0.677229
Pedestrian -1 -1 -10 818 119 856 226-1 -1 -1 -1000 -1000 -1000 -10 -0.740427
Pedestrian -1 -1 -10 224 1 418 223-1 -1 -1 -1000 -1000 -1000 -10 -0.817702
Pedestrian -1 -1 -10 619 74 691 206-1 -1 -1 -1000 -1000 -1000 -10 -0.823124
Pedestrian -1 -1 -10 1 46 91 294-1 -1 -1 -1000 -1000 -1000 -10 -0.855707
Pedestrian -1 -1 -10 737 81 848 208-1 -1 -1 -1000 -1000 -1000 -10 -0.869527
Pedestrian -1 -1 -10 84 111 138 211-1 -1 -1 -1000 -1000 -1000 -10 -0.903808
Pedestrian -1 -1 -10 704 35 772 223-1 -1 -1 -1000 -1000 -1000 -10 -0.918347
Pedestrian -1 -1 -10 157 120 211 220-1 -1 -1 -1000 -1000 -1000 -10 -0.981209
Pedestrian -1 -1 -10 625 196 676 338-1 -1 -1 -1000 -1000 -1000 -10 -0.997475
