Pedestrian -1 -1 -10 1159 224 1209 317-1 -1 -1 -1000 -1000 -1000 -10 -0.0484986
Pedestrian -1 -1 -10 1200 137 1242 260-1 -1 -1 -1000 -1000 -1000 -10 -0.344232
Pedestrian -1 -1 -10 487 92 531 215-1 -1 -1 -1000 -1000 -1000 -10 -0.359801
Pedestrian -1 -1 -10 1121 217 1152 304-1 -1 -1 -1000 -1000 -1000 -10 -0.427637
Pedestrian -1 -1 -10 961 185 1016 248-1 -1 -1 -1000 -1000 -1000 -10 -0.466683
Pedestrian -1 -1 -10 1177 111 1242 312-1 -1 -1 -1000 -1000 -1000 -10 -0.497644
Pedestrian -1 -1 -10 1141 222 1242 375-1 -1 -1 -1000 -1000 -1000 -10 -0.627664
Pedestrian -1 -1 -10 1119 79 1242 364-1 -1 -1 -1000 -1000 -1000 -10 -0.705159
Pedestrian -1 -1 -10 929 145 976 232-1 -1 -1 -1000 -1000 -1000 -10 -0.775905
Pedestrian -1 -1 -10 195 76 254 239-1 -1 -1 -1000 -1000 -1000 -10 -0.813132
Pedestrian -1 -1 -10 923 1 1019 267-1 -1 -1 -1000 -1000 -1000 -10 -0.81403
Pedestrian -1 -1 -10 469 1 572 286-1 -1 -1 -1000 -1000 -1000 -10 -0.927119
Pedestrian -1 -1 -10 729 79 780 221-1 -1 -1 -1000 -1000 -1000 -10 -0.930368
Pedestrian -1 -1 -10 569 129 600 216-1 -1 -1 -1000 -1000 -1000 -10 -0.948823
Pedestrian -1 -1 -10 593 113 648 176-1 -1 -1 -1000 -1000 -1000 -10 -0.972895
Pedestrian -1 -1 -10 1099 1 1140 116-1 -1 -1 -1000 -1000 -1000 -10 -0.980303
Pedestrian -1 -1 -10 182 29 279 139-1 -1 -1 -1000 -1000 -1000 -10 -0.982611
