Pedestrian -1 -1 -10 425 119 463 226-1 -1 -1 -1000 -1000 -1000 -10 -0.203054
Pedestrian -1 -1 -10 697 15 794 125-1 -1 -1 -1000 -1000 -1000 -10 -0.287518
Pedestrian -1 -1 -10 721 1 857 375-1 -1 -1 -1000 -1000 -1000 -10 -0.304332
Pedestrian -1 -1 -10 460 19 496 119-1 -1 -1 -1000 -1000 -1000 -10 -0.405152
Pedestrian -1 -1 -10 833 118 884 260-1 -1 -1 -1000 -1000 -1000 -10 -0.522471
Pedestrian -1 -1 -10 921 321 976 375-1 -1 -1 -1000 -1000 -1000 -10 -0.574739
Pedestrian -1 -1 -10 277 75 340 148-1 -1 -1 -1000 -1000 -1000 -10 -0.587265
Pedestrian -1 -1 -10 1134 119 1202 197-1 -1 -1 -1000 -1000 -1000 -10 -0.6902
Pedestrian -1 -1 -10 202 1 243 116-1 -1 -1 -1000 -1000 -1000 -10 -0.71884
Pedestrian -1 -1 -10 237 40 315 256-1 -1 -1 -1000 -1000 -1000 -10 -0.721589
Pedestrian -1 -1 -10 1209 265 1242 328-1 -1 -1 -1000 -1000 -1000 -10 -0.730654
Pedestrian -1 -1 -10 1035 54 1097 169-1 -1 -1 -1000 -1000 -1000 -10 -0.772763
Pedestrian -1 -1 -10 632 86 704 218-1 -1 -1 -1000 -1000 -1000 -10 -0.805146
Pedestrian -1 -1 -10 1007 25 1079 157-1 -1 -1 -1000 -1000 -1000 -10 -0.808567
Pedestrian -1 -1 -10 377 137 408 224-1 -1 -1 -1000 -1000 -1000 -10 -0.817607
Pedestrian -1 -1 -10 1081 105 1112 192-1 -1 -1 -1000 -1000 -1000 -10 -0.833284
Pedestrian -1 -1 -10 920 280 1017 375-1 -1 -1 -1000 -1000 -1000 -10 -0.835056
Pedestrian -1 -1 -10 977 153 1008 240-1 -1 -1 -1000 -1000 -1000 -10 -0.83785
Pedestrian -1 -1 -10 953 147 1012 215-1 -1 -1 -1000 -1000 -1000 -10 -0.846283
Pedestrian -1 -1 -10 1 172 51 265-1 -1 -1 -1000 -1000 -1000 -10 -0.86917
Pedestrian -1 -1 -10 1060 112 1157 222-1 -1 -1 -1000 -1000 -1000 -10 -0.917003
Pedestrian -1 -1 -10 191 43 253 158-1 -1 -1 -1000 -1000 -1000 -10 -0.92584
Pedestrian -1 -1 -10 365 13 413 145-1 -1 -1 -1000 -1000 -1000 -10 -0.931397
Pedestrian -1 -1 -10 584 44 617 137-1 -1 -1 -1000 -1000 -1000 -10 -0.951791
Pedestrian -1 -1 -10 537 49 592 112-1 -1 -1 -1000 -1000 -1000 -10 -0.9694
Pedestrian -1 -1 -10 1092 98 1242 291-1 -1 -1 -1000 -1000 -1000 -10 -0.982183
Pedestrian -1 -1 -10 909 170 1035 375-1 -1 -1 -1000 -1000 -1000 -10 -0.990577
