Pedestrian -1 -1 -10 913 161 944 248-1 -1 -1 -1000 -1000 -1000 -10 0.980892
Pedestrian -1 -1 -10 944 164 977 257-1 -1 -1 -1000 -1000 -1000 -10 0.104014
Pedestrian -1 -1 -10 297 161 328 248-1 -1 -1 -1000 -1000 -1000 -10 -0.0966663
Pedestrian -1 -1 -10 856 159 897 274-1 -1 -1 -1000 -1000 -1000 -10 -0.228876
Pedestrian -1 -1 -10 353 49 416 224-1 -1 -1 -1000 -1000 -1000 -10 -0.280543
Pedestrian -1 -1 -10 747 147 780 240-1 -1 -1 -1000 -1000 -1000 -10 -0.317332
Pedestrian -1 -1 -10 1136 150 1195 313-1 -1 -1 -1000 -1000 -1000 -10 -0.445438
Pedestrian -1 -1 -10 1045 208 1103 315-1 -1 -1 -1000 -1000 -1000 -10 -0.536327
Pedestrian -1 -1 -10 1122 148 1231 349-1 -1 -1 -1000 -1000 -1000 -10 -0.629189
Pedestrian -1 -1 -10 773 65 836 138-1 -1 -1 -1000 -1000 -1000 -10 -0.638389
Pedestrian -1 -1 -10 837 140 934 250-1 -1 -1 -1000 -1000 -1000 -10 -0.729026
Pedestrian -1 -1 -10 799 90 837 197-1 -1 -1 -1000 -1000 -1000 -10 -0.734757
Pedestrian -1 -1 -10 1200 69 1242 192-1 -1 -1 -1000 -1000 -1000 -10 -0.745626
Pedestrian -1 -1 -10 1 9 32 96-1 -1 -1 -1000 -1000 -1000 -10 -0.766456
Pedestrian -1 -1 -10 550 130 609 198-1 -1 -1 -1000 -1000 -1000 -10 -0.85361
Pedestrian -1 -1 -10 1217 305 1242 375-1 -1 -1 -1000 -1000 -1000 -10 -0.877883
Pedestrian -1 -1 -10 405 130 468 203-1 -1 -1 -1000 -1000 -1000 -10 -0.902623
Pedestrian -1 -1 -10 1081 224 1140 292-1 -1 -1 -1000 -1000 -1000 -10 -0.944348
Pedestrian -1 -1 -10 819 157 855 257-1 -1 -1 -1000 -1000 -1000 -10 -0.980353
