Pedestrian -1 -1 -10 1121 97 1242 375-1 -1 -1 -1000 -1000 -1000 -10 -0.632984
Pedestrian -1 -1 -10 1075 218 1143 296-1 -1 -1 -1000 -1000 -1000 -10 -0.636562
Pedestrian -1 -1 -10 1 85 84 237-1 -1 -1 -1000 -1000 -1000 -10 -0.690858
Pedestrian -1 -1 -10 1025 208 1093 286-1 -1 -1 -1000 -1000 -1000 -10 -0.73669
Pedestrian -1 -1 -10 934 168 989 320-1 -1 -1 -1000 -1000 -1000 -10 -0.804198
Pedestrian -1 -1 -10 1041 169 1096 232-1 -1 -1 -1000 -1000 -1000 -10 -0.843586
Pedestrian -1 -1 -10 753 113 800 200-1 -1 -1 -1000 -1000 -1000 -10 -0.862429
Pedestrian -1 -1 -10 671 119 739 197-1 -1 -1 -1000 -1000 -1000 -10 -0.951616
Pedestrian -1 -1 -10 1 29 55 129-1 -1 -1 -1000 -1000 -1000 -10 -0.982173
Pedestrian -1 -1 -10 927 40 965 147-1 -1 -1 -1000 -1000 -1000 -10 -0.987319
