Pedestrian -1 -1 -10 178 99 216 206-1 -1 -1 -1000 -1000 -1000 -10 -0.423127
Pedestrian -1 -1 -10 1163 60 1241 276-1 -1 -1 -1000 -1000 -1000 -10 -0.466006
Pedestrian -1 -1 -10 582 90 640 197-1 -1 -1 -1000 -1000 -1000 -10 -0.611416
Pedestrian -1 -1 -10 505 145 536 232-1 -1 -1 -1000 -1000 -1000 -10 -0.665577
Pedestrian -1 -1 -10 449 121 504 184-1 -1 -1 -1000 -1000 -1000 -10 -0.790383
Pedestrian -1 -1 -10 257 97 288 184-1 -1 -1 -1000 -1000 -1000 -10 -0.874404
Pedestrian -1 -1 -10 170 92 260 195-1 -1 -1 -1000 -1000 -1000 -10 -0.890083
Pedestrian -1 -1 -10 665 41 712 128-1 -1 -1 -1000 -1000 -1000 -10 -0.891272
Pedestrian -1 -1 -10 1104 1 1242 375-1 -1 -1 -1000 -1000 -1000 -10 -0.893222
Pedestrian -1 -1 -10 635 84 689 184-1 -1 -1 -1000 -1000 -1000 -10 -0.901505
Pedestrian -1 -1 -10 661 139 729 217-1 -1 -1 -1000 -1000 -1000 -10 -0.911872
Pedestrian -1 -1 -10 139 99 197 206-1 -1 -1 -1000 -1000 -1000 -10 -0.944822
Pedestrian -1 -1 -10 609 33 640 120-1 -1 -1 -1000 -1000 -1000 -10 -0.965833
Pedestrian -1 -1 -10 1067 157 1103 257-1 -1 -1 -1000 -1000 -1000 -10 -0.966711
Pedestrian -1 -1 -10 378 93 414 193-1 -1 -1 -1000 -1000 -1000 -10 -0.968749
