Pedestrian -1 -1 -10 892 1 947 153-1 -1 -1 -1000 -1000 -1000 -10 -0.306742
Pedestrian -1 -1 -10 868 178 906 285-1 -1 -1 -1000 -1000 -1000 -10 -0.397311
Pedestrian -1 -1 -10 275 104 308 197-1 -1 -1 -1000 -1000 -1000 -10 -0.464078
Pedestrian -1 -1 -10 1064 164 1123 232-1 -1 -1 -1000 -1000 -1000 -10 -0.543941
Pedestrian -1 -1 -10 249 89 280 176-1 -1 -1 -1000 -1000 -1000 -10 -0.625154
Pedestrian -1 -1 -10 850 181 883 274-1 -1 -1 -1000 -1000 -1000 -10 -0.633323
Pedestrian -1 -1 -10 809 209 856 296-1 -1 -1 -1000 -1000 -1000 -10 -0.711911
Pedestrian -1 -1 -10 755 1 858 286-1 -1 -1 -1000 -1000 -1000 -10 -0.716091
Pedestrian -1 -1 -10 665 33 720 96-1 -1 -1 -1000 -1000 -1000 -10 -0.772544
Pedestrian -1 -1 -10 316 99 354 206-1 -1 -1 -1000 -1000 -1000 -10 -0.824231
Pedestrian -1 -1 -10 465 171 543 261-1 -1 -1 -1000 -1000 -1000 -10 -0.827209
Pedestrian -1 -1 -10 800 240 854 340-1 -1 -1 -1000 -1000 -1000 -10 -0.857896
Pedestrian -1 -1 -10 447 1 836 375-1 -1 -1 -1000 -1000 -1000 -10 -0.861044
Pedestrian -1 -1 -10 313 185 422 375-1 -1 -1 -1000 -1000 -1000 -10 -0.893153
Pedestrian -1 -1 -10 249 1 280 88-1 -1 -1 -1000 -1000 -1000 -10 -0.93397
Pedestrian -1 -1 -10 773 1 919 375-1 -1 -1 -1000 -1000 -1000 -10 -0.94134
Pedestrian -1 -1 -10 885 1 988 286-1 -1 -1 -1000 -1000 -1000 -10 -0.981752
Pedestrian -1 -1 -10 1 25 97 291-1 -1 -1 -1000 -1000 -1000 -10 -0.989724
