Pedestrian -1 -1 -10 543 159 581 266-1 -1 -1 -1000 -1000 -1000 -10 2.12923
Pedestrian -1 -1 -10 297 233 352 296-1 -1 -1 -1000 -1000 -1000 -10 -0.363637
Pedestrian -1 -1 -10 530 154 585 306-1 -1 -1 -1000 -1000 -1000 -10 -0.481725
Pedestrian -1 -1 -10 494 300 597 370-1 -1 -1 -1000 -1000 -1000 -10 -0.556717
Pedestrian -1 -1 -10 1039 212 1075 312-1 -1 -1 -1000 -1000 -1000 -10 -0.699361
Pedestrian -1 -1 -10 681 177 712 264-1 -1 -1 -1000 -1000 -1000 -10 -0.733526
Pedestrian -1 -1 -10 645 1 707 116-1 -1 -1 -1000 -1000 -1000 -10 -0.74443
Pedestrian -1 -1 -10 541 1 600 69-1 -1 -1 -1000 -1000 -1000 -10 -0.750339
Pedestrian -1 -1 -10 1150 130 1204 230-1 -1 -1 -1000 -1000 -1000 -10 -0.766586
Pedestrian -1 -1 -10 425 161 480 224-1 -1 -1 -1000 -1000 -1000 -10 -0.827293
Pedestrian -1 -1 -10 1095 120 1158 193-1 -1 -1 -1000 -1000 -1000 -10 -0.828035
Pedestrian -1 -1 -10 1158 1 1209 143-1 -1 -1 -1000 -1000 -1000 -10 -0.851726
Pedestrian -1 -1 -10 704 121 737 214-1 -1 -1 -1000 -1000 -1000 -10 -0.894235
Pedestrian -1 -1 -10 153 89 200 176-1 -1 -1 -1000 -1000 -1000 -10 -0.946267
Pedestrian -1 -1 -10 1132 1 1222 249-1 -1 -1 -1000 -1000 -1000 -10 -0.94664
Pedestrian -1 -1 -10 50 50 98 182-1 -1 -1 -1000 -1000 -1000 -10 -0.951432
Pedestrian -1 -1 -10 352 159 396 282-1 -1 -1 -1000 -1000 -1000 -10 -0.960987
Pedestrian -1 -1 -10 547 274 637 370-1 -1 -1 -1000 -1000 -1000 -10 -0.961584
Pedestrian -1 -1 -10 799 80 857 187-1 -1 -1 -1000 -1000 -1000 -10 -0.965491
Pedestrian -1 -1 -10 233 17 264 104-1 -1 -1 -1000 -1000 -1000 -10 -0.969802
