Pedestrian -1 -1 -10 385 129 416 216-1 -1 -1 -1000 -1000 -1000 -10 -0.319521
Pedestrian -1 -1 -10 618 121 677 189-1 -1 -1 -1000 -1000 -1000 -10 -0.518091
Pedestrian -1 -1 -10 947 40 1025 256-1 -1 -1 -1000 -1000 -1000 -10 -0.562248
Pedestrian -1 -1 -10 484 99 522 206-1 -1 -1 -1000 -1000 -1000 -10 -0.717793
Pedestrian -1 -1 -10 535 1 704 194-1 -1 -1 -1000 -1000 -1000 -10 -0.722052
Pedestrian -1 -1 -10 409 33 440 120-1 -1 -1 -1000 -1000 -1000 -10 -0.753088
Pedestrian -1 -1 -10 224 71 307 223-1 -1 -1 -1000 -1000 -1000 -10 -0.814848
Pedestrian -1 -1 -10 833 14 923 117-1 -1 -1 -1000 -1000 -1000 -10 -0.901879
Pedestrian -1 -1 -10 328 50 400 182-1 -1 -1 -1000 -1000 -1000 -10 -0.909529
Pedestrian -1 -1 -10 465 107 506 222-1 -1 -1 -1000 -1000 -1000 -10 -0.934143
Pedestrian -1 -1 -10 725 69 792 192-1 -1 -1 -1000 -1000 -1000 -10 -0.951299
Pedestrian -1 -1 -10 513 1 748 375-1 -1 -1 -1000 -1000 -1000 -10 -0.955381
Pedestrian -1 -1 -10 415 21 483 99-1 -1 -1 -1000 -1000 -1000 -10 -0.978241
