Pedestrian -1 -1 -10 16 76 75 239-1 -1 -1 -1000 -1000 -1000 -10 -0.0959258
Pedestrian -1 -1 -10 310 258 429 375-1 -1 -1 -1000 -1000 -1000 -10 -0.207361
Pedestrian -1 -1 -10 434 180 496 295-1 -1 -1 -1000 -1000 -1000 -10 -0.233014
Pedestrian -1 -1 -10 240 61 418 375-1 -1 -1 -1000 -1000 -1000 -10 -0.279181
Pedestrian -1 -1 -10 1074 15 1129 167-1 -1 -1 -1000 -1000 -1000 -10 -0.385058
Pedestrian -1 -1 -10 777 273 808 360-1 -1 -1 -1000 -1000 -1000 -10 -0.414589
Pedestrian -1 -1 -10 897 46 956 209-1 -1 -1 -1000 -1000 -1000 -10 -0.420603
Pedestrian -1 -1 -10 689 185 736 272-1 -1 -1 -1000 -1000 -1000 -10 -0.481322
Pedestrian -1 -1 -10 729 98 825 364-1 -1 -1 -1000 -1000 -1000 -10 -0.587807
Pedestrian -1 -1 -10 653 138 686 231-1 -1 -1 -1000 -1000 -1000 -10 -0.657974
Pedestrian -1 -1 -10 702 205 746 328-1 -1 -1 -1000 -1000 -1000 -10 -0.700644
Pedestrian -1 -1 -10 956 31 994 138-1 -1 -1 -1000 -1000 -1000 -10 -0.725429
Pedestrian -1 -1 -10 809 89 864 152-1 -1 -1 -1000 -1000 -1000 -10 -0.76996
Pedestrian -1 -1 -10 155 78 205 171-1 -1 -1 -1000 -1000 -1000 -10 -0.772139
Pedestrian -1 -1 -10 415 139 469 239-1 -1 -1 -1000 -1000 -1000 -10 -0.816935
Pedestrian -1 -1 -10 689 105 736 192-1 -1 -1 -1000 -1000 -1000 -10 -0.859059
Pedestrian -1 -1 -10 1081 233 1136 296-1 -1 -1 -1000 -1000 -1000 -10 -0.884931
Pedestrian -1 -1 -10 1 1 97 267-1 -1 -1 -1000 -1000 -1000 -10 -0.896367
Pedestrian -1 -1 -10 417 49 464 136-1 -1 -1 -1000 -1000 -1000 -10 -0.906276
Pedestrian -1 -1 -10 1019 182 1097 272-1 -1 -1 -1000 -1000 -1000 -10 -0.924408
Pedestrian -1 -1 -10 868 1 946 217-1 -1 -1 -1000 -1000 -1000 -10 -0.935729
Pedestrian -1 -1 -10 993 258 1056 331-1 -1 -1 -1000 -1000 -1000 -10 -0.942332
Pedestrian -1 -1 -10 209 209 572 375-1 -1 -1 -1000 -1000 -1000 -10 -0.954627
Pedestrian -1 -1 -10 959 1 1031 133-1 -1 -1 -1000 -1000 -1000 -10 -0.966082
Pedestrian -1 -1 -10 413 35 618 375-1 -1 -1 -1000 -1000 -1000 -10 -0.975304
Pedestrian -1 -1 -10 1042 261 1109 375-1 -1 -1 -1000 -1000 -1000 -10 -0.985272
Pedestrian -1 -1 -10 696 138 746 231-1 -1 -1 -1000 -1000 -1000 -10 -0.988921
