Pedestrian -1 -1 -10 386 58 430 181-1 -1 -1 -1000 -1000 -1000 -10 -0.0109549
Pedestrian -1 -1 -10 985 97 1032 184-1 -1 -1 -1000 -1000 -1000 -10 -0.554587
Pedestrian -1 -1 -10 592 117 665 200-1 -1 -1 -1000 -1000 -1000 -10 -0.607456
Pedestrian -1 -1 -10 297 129 352 192-1 -1 -1 -1000 -1000 -1000 -10 -0.678937
Pedestrian -1 -1 -10 961 145 992 232-1 -1 -1 -1000 -1000 -1000 -10 -0.904533
Pedestrian -1 -1 -10 747 95 780 188-1 -1 -1 -1000 -1000 -1000 -10 -0.924988
Pedestrian -1 -1 -10 1 35 45 158-1 -1 -1 -1000 -1000 -1000 -10 -0.94909
Pedestrian -1 -1 -10 353 25 384 112-1 -1 -1 -1000 -1000 -1000 -10 -0.959365
Pedestrian -1 -1 -10 1067 75 1176 276-1 -1 -1 -1000 -1000 -1000 -10 -0.973297
Pedestrian -1 -1 -10 326 14 416 117-1 -1 -1 -1000 -1000 -1000 -10 -0.974266
Pedestrian -1 -1 -10 713 105 760 192-1 -1 -1 -1000 -1000 -1000 -10 -0.984144
