Pedestrian -1 -1 -10 725 71 780 223-1 -1 -1 -1000 -1000 -1000 -10 -0.226389
Pedestrian -1 -1 -10 1035 43 1161 274-1 -1 -1 -1000 -1000 -1000 -10 -0.391636
Pedestrian -1 -1 -10 340 261 407 375-1 -1 -1 -1000 -1000 -1000 -10 -0.451958
Pedestrian -1 -1 -10 635 103 679 226-1 -1 -1 -1000 -1000 -1000 -10 -0.481555
Pedestrian -1 -1 -10 280 1 335 153-1 -1 -1 -1000 -1000 -1000 -10 -0.548189
Pedestrian -1 -1 -10 408 24 452 147-1 -1 -1 -1000 -1000 -1000 -10 -0.548405
Pedestrian -1 -1 -10 1177 1 1225 133-1 -1 -1 -1000 -1000 -1000 -10 -0.653998
Pedestrian -1 -1 -10 818 237 856 344-1 -1 -1 -1000 -1000 -1000 -10 -0.664092
Pedestrian -1 -1 -10 544 99 627 251-1 -1 -1 -1000 -1000 -1000 -10 -0.781844
Pedestrian -1 -1 -10 613 76 716 194-1 -1 -1 -1000 -1000 -1000 -10 -0.782877
Pedestrian -1 -1 -10 503 80 541 187-1 -1 -1 -1000 -1000 -1000 -10 -0.799788
Pedestrian -1 -1 -10 545 1 592 88-1 -1 -1 -1000 -1000 -1000 -10 -0.80315
Pedestrian -1 -1 -10 1131 65 1194 138-1 -1 -1 -1000 -1000 -1000 -10 -0.808907
Pedestrian -1 -1 -10 244 75 285 190-1 -1 -1 -1000 -1000 -1000 -10 -0.814931
Pedestrian -1 -1 -10 135 225 224 375-1 -1 -1 -1000 -1000 -1000 -10 -0.820525
Pedestrian -1 -1 -10 377 15 460 167-1 -1 -1 -1000 -1000 -1000 -10 -0.855179
Pedestrian -1 -1 -10 1183 1 1242 217-1 -1 -1 -1000 -1000 -1000 -10 -0.857881
Pedestrian -1 -1 -10 804 295 882 375-1 -1 -1 -1000 -1000 -1000 -10 -0.880325
Pedestrian -1 -1 -10 697 1 807 306-1 -1 -1 -1000 -1000 -1000 -10 -0.906784
Pedestrian -1 -1 -10 180 180 388 375-1 -1 -1 -1000 -1000 -1000 -10 -0.913828
Pedestrian -1 -1 -10 984 194 1047 267-1 -1 -1 -1000 -1000 -1000 -10 -0.92582
Pedestrian -1 -1 -10 938 313 1001 375-1 -1 -1 -1000 -1000 -1000 -10 -0.950236
Pedestrian -1 -1 -10 781 1 891 306-1 -1 -1 -1000 -1000 -1000 -10 -0.968428
Pedestrian -1 -1 -10 971 1 1067 267-1 -1 -1 -1000 -1000 -1000 -10 -0.980159
Pedestrian -1 -1 -10 222 75 258 175-1 -1 -1 -1000 -1000 -1000 -10 -0.983636
Pedestrian -1 -1 -10 1117 50 1242 316-1 -1 -1 -1000 -1000 -1000 -10 -0.985453
