Pedestrian -1 -1 -10 292 171 340 303-1 -1 -1 -1000 -1000 -1000 -10 2.63309
Pedestrian -1 -1 -10 377 177 408 264-1 -1 -1 -1000 -1000 -1000 -10 1.45185
Pedestrian -1 -1 -10 275 155 343 343-1 -1 -1 -1000 -1000 -1000 -10 0.280415
Pedestrian -1 -1 -10 363 171 407 294-1 -1 -1 -1000 -1000 -1000 -10 0.12265
Pedestrian -1 -1 -10 705 17 768 192-1 -1 -1 -1000 -1000 -1000 -10 -0.51874
Pedestrian -1 -1 -10 193 137 271 227-1 -1 -1 -1000 -1000 -1000 -10 -0.658106
Pedestrian -1 -1 -10 533 87 566 180-1 -1 -1 -1000 -1000 -1000 -10 -0.775686
Pedestrian -1 -1 -10 603 64 644 179-1 -1 -1 -1000 -1000 -1000 -10 -0.777079
Pedestrian -1 -1 -10 1049 177 1080 264-1 -1 -1 -1000 -1000 -1000 -10 -0.796196
Pedestrian -1 -1 -10 1 1 104 286-1 -1 -1 -1000 -1000 -1000 -10 -0.848455
Pedestrian -1 -1 -10 90 159 158 237-1 -1 -1 -1000 -1000 -1000 -10 -0.883907
Pedestrian -1 -1 -10 670 87 703 180-1 -1 -1 -1000 -1000 -1000 -10 -0.916906
Pedestrian -1 -1 -10 444 70 482 177-1 -1 -1 -1000 -1000 -1000 -10 -0.946641
Pedestrian -1 -1 -10 139 109 197 216-1 -1 -1 -1000 -1000 -1000 -10 -0.949485
Pedestrian -1 -1 -10 1098 224 1157 292-1 -1 -1 -1000 -1000 -1000 -10 -0.952901
Pedestrian -1 -1 -10 497 93 533 193-1 -1 -1 -1000 -1000 -1000 -10 -0.956779
Pedestrian -1 -1 -10 618 70 686 258-1 -1 -1 -1000 -1000 -1000 -10 -0.959483
Pedestrian -1 -1 -10 268 171 437 364-1 -1 -1 -1000 -1000 -1000 -10 -0.975032
Pedestrian -1 -1 -10 661 198 729 276-1 -1 -1 -1000 -1000 -1000 -10 -0.982725
