Pedestrian -1 -1 -10 1 47 37 147-1 -1 -1 -1000 -1000 -1000 -10 -0.446225
Pedestrian -1 -1 -10 12 80 56 203-1 -1 -1 -1000 -1000 -1000 -10 -0.473242
Pedestrian -1 -1 -10 936 87 969 180-1 -1 -1 -1000 -1000 -1000 -10 -0.483023
Pedestrian -1 -1 -10 85 57 140 209-1 -1 -1 -1000 -1000 -1000 -10 -0.661466
Pedestrian -1 -1 -10 481 147 540 215-1 -1 -1 -1000 -1000 -1000 -10 -0.735184
Pedestrian -1 -1 -10 139 38 193 138-1 -1 -1 -1000 -1000 -1000 -10 -0.761786
Pedestrian -1 -1 -10 739 15 822 167-1 -1 -1 -1000 -1000 -1000 -10 -0.80295
Pedestrian -1 -1 -10 518 138 591 221-1 -1 -1 -1000 -1000 -1000 -10 -0.827481
Pedestrian -1 -1 -10 1 1 49 133-1 -1 -1 -1000 -1000 -1000 -10 -0.841273
Pedestrian -1 -1 -10 1 19 74 220-1 -1 -1 -1000 -1000 -1000 -10 -0.884681
