Pedestrian -1 -1 -10 625 105 656 192-1 -1 -1 -1000 -1000 -1000 -10 0.217996
Pedestrian -1 -1 -10 791 130 827 230-1 -1 -1 -1000 -1000 -1000 -10 -0.380218
Pedestrian -1 -1 -10 772 75 813 190-1 -1 -1 -1000 -1000 -1000 -10 -0.528567
Pedestrian -1 -1 -10 985 58 1029 181-1 -1 -1 -1000 -1000 -1000 -10 -0.660555
Pedestrian -1 -1 -10 447 18 515 206-1 -1 -1 -1000 -1000 -1000 -10 -0.714297
Pedestrian -1 -1 -10 361 105 408 192-1 -1 -1 -1000 -1000 -1000 -10 -0.718839
Pedestrian -1 -1 -10 929 75 965 175-1 -1 -1 -1000 -1000 -1000 -10 -0.765627
Pedestrian -1 -1 -10 937 1 1005 79-1 -1 -1 -1000 -1000 -1000 -10 -0.823641
Pedestrian -1 -1 -10 254 96 295 211-1 -1 -1 -1000 -1000 -1000 -10 -0.853581
Pedestrian -1 -1 -10 865 129 896 216-1 -1 -1 -1000 -1000 -1000 -10 -0.880366
Pedestrian -1 -1 -10 1 1 96 176-1 -1 -1 -1000 -1000 -1000 -10 -0.887837
Pedestrian -1 -1 -10 944 112 994 205-1 -1 -1 -1000 -1000 -1000 -10 -0.925469
Pedestrian -1 -1 -10 867 31 956 194-1 -1 -1 -1000 -1000 -1000 -10 -0.959401
Pedestrian -1 -1 -10 119 1 157 108-1 -1 -1 -1000 -1000 -1000 -10 -0.965267
