Pedestrian -1 -1 -10 1144 1 1222 217-1 -1 -1 -1000 -1000 -1000 -10 -0.217233
Pedestrian -1 -1 -10 882 61 941 224-1 -1 -1 -1000 -1000 -1000 -10 -0.403598
Pedestrian -1 -1 -10 1 12 42 127-1 -1 -1 -1000 -1000 -1000 -10 -0.518974
Pedestrian -1 -1 -10 137 295 215 375-1 -1 -1 -1000 -1000 -1000 -10 -0.624054
Pedestrian -1 -1 -10 1087 1 1197 306-1 -1 -1 -1000 -1000 -1000 -10 -0.650766
Pedestrian -1 -1 -10 499 69 543 192-1 -1 -1 -1000 -1000 -1000 -10 -0.661302
Pedestrian -1 -1 -10 340 12 418 102-1 -1 -1 -1000 -1000 -1000 -10 -0.724626
Pedestrian -1 -1 -10 286 43 327 158-1 -1 -1 -1000 -1000 -1000 -10 -0.77308
Pedestrian -1 -1 -10 927 76 986 239-1 -1 -1 -1000 -1000 -1000 -10 -0.779855
Pedestrian -1 -1 -10 718 19 827 220-1 -1 -1 -1000 -1000 -1000 -10 -0.787511
Pedestrian -1 -1 -10 1 292 85 375-1 -1 -1 -1000 -1000 -1000 -10 -0.834105
Pedestrian -1 -1 -10 585 129 640 192-1 -1 -1 -1000 -1000 -1000 -10 -0.835905
Pedestrian -1 -1 -10 97 105 128 192-1 -1 -1 -1000 -1000 -1000 -10 -0.845555
Pedestrian -1 -1 -10 538 46 597 209-1 -1 -1 -1000 -1000 -1000 -10 -0.847725
Pedestrian -1 -1 -10 481 1 549 189-1 -1 -1 -1000 -1000 -1000 -10 -0.939136
Pedestrian -1 -1 -10 1 129 39 236-1 -1 -1 -1000 -1000 -1000 -10 -0.957569
Pedestrian -1 -1 -10 159 1 434 315-1 -1 -1 -1000 -1000 -1000 -10 -0.958549
Pedestrian -1 -1 -10 104 52 206 240-1 -1 -1 -1000 -1000 -1000 -10 -0.976059
Pedestrian -1 -1 -10 923 1 1019 267-1 -1 -1 -1000 -1000 -1000 -10 -0.989333
Pedestrian -1 -1 -10 31 119 89 226-1 -1 -1 -1000 -1000 -1000 -10 -0.992978
