Pedestrian -1 -1 -10 1095 84 1149 184-1 -1 -1 -1000 -1000 -1000 -10 -0.332263
Pedestrian -1 -1 -10 738 121 771 214-1 -1 -1 -1000 -1000 -1000 -10 -0.353591
Pedestrian -1 -1 -10 589 120 652 193-1 -1 -1 -1000 -1000 -1000 -10 -0.574566
Pedestrian -1 -1 -10 750 50 788 157-1 -1 -1 -1000 -1000 -1000 -10 -0.637631
Pedestrian -1 -1 -10 344 78 377 171-1 -1 -1 -1000 -1000 -1000 -10 -0.640386
Pedestrian -1 -1 -10 803 96 876 179-1 -1 -1 -1000 -1000 -1000 -10 -0.756755
Pedestrian -1 -1 -10 846 38 974 184-1 -1 -1 -1000 -1000 -1000 -10 -0.788844
Pedestrian -1 -1 -10 332 19 368 119-1 -1 -1 -1000 -1000 -1000 -10 -0.819591
Pedestrian -1 -1 -10 687 18 755 206-1 -1 -1 -1000 -1000 -1000 -10 -0.85847
Pedestrian -1 -1 -10 567 159 702 375-1 -1 -1 -1000 -1000 -1000 -10 -0.871942
Pedestrian -1 -1 -10 625 53 676 195-1 -1 -1 -1000 -1000 -1000 -10 -0.941675
Pedestrian -1 -1 -10 464 91 567 209-1 -1 -1 -1000 -1000 -1000 -10 -0.946358
Pedestrian -1 -1 -10 76 61 165 224-1 -1 -1 -1000 -1000 -1000 -10 -0.957716
Pedestrian -1 -1 -10 736 12 803 135-1 -1 -1 -1000 -1000 -1000 -10 -0.970452
