Pedestrian -1 -1 -10 149 139 187 246-1 -1 -1 -1000 -1000 -1000 -10 -0.521856
Pedestrian -1 -1 -10 150 76 209 239-1 -1 -1 -1000 -1000 -1000 -10 -0.533115
Pedestrian -1 -1 -10 1 1 104 286-1 -1 -1 -1000 -1000 -1000 -10 -0.613729
Pedestrian -1 -1 -10 198 129 266 207-1 -1 -1 -1000 -1000 -1000 -10 -0.682467
Pedestrian -1 -1 -10 961 113 992 200-1 -1 -1 -1000 -1000 -1000 -10 -0.830612
Pedestrian -1 -1 -10 621 90 659 197-1 -1 -1 -1000 -1000 -1000 -10 -0.862039
Pedestrian -1 -1 -10 953 78 986 171-1 -1 -1 -1000 -1000 -1000 -10 -0.904489
Pedestrian -1 -1 -10 817 97 864 184-1 -1 -1 -1000 -1000 -1000 -10 -0.935918
Pedestrian -1 -1 -10 859 105 949 208-1 -1 -1 -1000 -1000 -1000 -10 -0.942991
Pedestrian -1 -1 -10 46 1 181 249-1 -1 -1 -1000 -1000 -1000 -10 -0.948205
Pedestrian -1 -1 -10 781 112 840 180-1 -1 -1 -1000 -1000 -1000 -10 -0.997383
Pedestrian -1 -1 -10 1030 27 1063 120-1 -1 -1 -1000 -1000 -1000 -10 -0.999697
