Pedestrian -1 -1 -10 1183 139 1221 246-1 -1 -1 -1000 -1000 -1000 -10 -0.412047
Pedestrian -1 -1 -10 1161 129 1208 216-1 -1 -1 -1000 -1000 -1000 -10 -0.691613
Pedestrian -1 -1 -10 524 121 557 214-1 -1 -1 -1000 -1000 -1000 -10 -0.763371
Pedestrian -1 -1 -10 1030 310 1089 375-1 -1 -1 -1000 -1000 -1000 -10 -0.809523
Pedestrian -1 -1 -10 996 44 1046 137-1 -1 -1 -1000 -1000 -1000 -10 -0.840046
Pedestrian -1 -1 -10 1209 201 1242 264-1 -1 -1 -1000 -1000 -1000 -10 -0.887757
Pedestrian -1 -1 -10 1214 1 1242 133-1 -1 -1 -1000 -1000 -1000 -10 -0.903191
Pedestrian -1 -1 -10 1132 182 1210 272-1 -1 -1 -1000 -1000 -1000 -10 -0.935933
Pedestrian -1 -1 -10 268 74 340 206-1 -1 -1 -1000 -1000 -1000 -10 -0.970094
Pedestrian -1 -1 -10 25 73 80 136-1 -1 -1 -1000 -1000 -1000 -10 -0.970485
