Pedestrian -1 -1 -10 969 161 1016 248-1 -1 -1 -1000 -1000 -1000 -10 -0.0537877
Pedestrian -1 -1 -10 661 172 711 265-1 -1 -1 -1000 -1000 -1000 -10 -0.504608
Pedestrian -1 -1 -10 876 18 909 111-1 -1 -1 -1000 -1000 -1000 -10 -0.564593
Pedestrian -1 -1 -10 497 304 560 370-1 -1 -1 -1000 -1000 -1000 -10 -0.610976
Pedestrian -1 -1 -10 543 267 597 367-1 -1 -1 -1000 -1000 -1000 -10 -0.613476
Pedestrian -1 -1 -10 966 237 1034 315-1 -1 -1 -1000 -1000 -1000 -10 -0.633918
Pedestrian -1 -1 -10 297 233 352 296-1 -1 -1 -1000 -1000 -1000 -10 -0.706675
Pedestrian -1 -1 -10 632 1 728 267-1 -1 -1 -1000 -1000 -1000 -10 -0.7185
Pedestrian -1 -1 -10 947 244 1019 370-1 -1 -1 -1000 -1000 -1000 -10 -0.751127
Pedestrian -1 -1 -10 571 286 644 369-1 -1 -1 -1000 -1000 -1000 -10 -0.761003
Pedestrian -1 -1 -10 956 150 1015 313-1 -1 -1 -1000 -1000 -1000 -10 -0.766727
Pedestrian -1 -1 -10 1041 225 1072 312-1 -1 -1 -1000 -1000 -1000 -10 -0.83476
Pedestrian -1 -1 -10 387 147 446 215-1 -1 -1 -1000 -1000 -1000 -10 -0.841242
Pedestrian -1 -1 -10 1129 145 1184 208-1 -1 -1 -1000 -1000 -1000 -10 -0.864592
Pedestrian -1 -1 -10 1132 1 1222 249-1 -1 -1 -1000 -1000 -1000 -10 -0.86683
Pedestrian -1 -1 -10 339 196 429 299-1 -1 -1 -1000 -1000 -1000 -10 -0.88752
Pedestrian -1 -1 -10 121 9 152 96-1 -1 -1 -1000 -1000 -1000 -10 -0.912957
Pedestrian -1 -1 -10 827 125 871 248-1 -1 -1 -1000 -1000 -1000 -10 -0.914194
Pedestrian -1 -1 -10 721 129 768 216-1 -1 -1 -1000 -1000 -1000 -10 -0.923656
Pedestrian -1 -1 -10 25 33 72 120-1 -1 -1 -1000 -1000 -1000 -10 -0.926293
Pedestrian -1 -1 -10 809 81 856 168-1 -1 -1 -1000 -1000 -1000 -10 -0.932255
Pedestrian -1 -1 -10 425 161 480 224-1 -1 -1 -1000 -1000 -1000 -10 -0.938902
Pedestrian -1 -1 -10 533 258 652 370-1 -1 -1 -1000 -1000 -1000 -10 -0.94416
Pedestrian -1 -1 -10 396 84 432 184-1 -1 -1 -1000 -1000 -1000 -10 -0.966188
Pedestrian -1 -1 -10 294 112 391 222-1 -1 -1 -1000 -1000 -1000 -10 -0.974391
