Pedestrian -1 -1 -10 558 85 613 237-1 -1 -1 -1000 -1000 -1000 -10 -0.369964
Pedestrian -1 -1 -10 770 284 837 375-1 -1 -1 -1000 -1000 -1000 -10 -0.570728
Pedestrian -1 -1 -10 378 40 429 182-1 -1 -1 -1000 -1000 -1000 -10 -0.574761
Pedestrian -1 -1 -10 385 81 448 256-1 -1 -1 -1000 -1000 -1000 -10 -0.583704
Pedestrian -1 -1 -10 865 321 920 375-1 -1 -1 -1000 -1000 -1000 -10 -0.658412
Pedestrian -1 -1 -10 332 1 395 74-1 -1 -1 -1000 -1000 -1000 -10 -0.789749
Pedestrian -1 -1 -10 227 295 305 375-1 -1 -1 -1000 -1000 -1000 -10 -0.805398
Pedestrian -1 -1 -10 1178 159 1242 249-1 -1 -1 -1000 -1000 -1000 -10 -0.810637
Pedestrian -1 -1 -10 1003 75 1057 175-1 -1 -1 -1000 -1000 -1000 -10 -0.822039
Pedestrian -1 -1 -10 360 128 486 359-1 -1 -1 -1000 -1000 -1000 -10 -0.824323
Pedestrian -1 -1 -10 741 134 825 230-1 -1 -1 -1000 -1000 -1000 -10 -0.844018
Pedestrian -1 -1 -10 314 16 403 179-1 -1 -1 -1000 -1000 -1000 -10 -0.853992
Pedestrian -1 -1 -10 739 43 794 195-1 -1 -1 -1000 -1000 -1000 -10 -0.858772
Pedestrian -1 -1 -10 521 65 552 152-1 -1 -1 -1000 -1000 -1000 -10 -0.877895
Pedestrian -1 -1 -10 486 37 558 169-1 -1 -1 -1000 -1000 -1000 -10 -0.886412
Pedestrian -1 -1 -10 356 1 631 315-1 -1 -1 -1000 -1000 -1000 -10 -0.973938
Pedestrian -1 -1 -10 171 98 316 364-1 -1 -1 -1000 -1000 -1000 -10 -0.994945
