Pedestrian -1 -1 -10 10 102 46 202-1 -1 -1 -1000 -1000 -1000 -10 -0.282425
Pedestrian -1 -1 -10 1067 56 1121 156-1 -1 -1 -1000 -1000 -1000 -10 -0.34046
Pedestrian -1 -1 -10 1176 44 1224 112-1 -1 -1 -1000 -1000 -1000 -10 -0.461925
Pedestrian -1 -1 -10 978 52 1011 145-1 -1 -1 -1000 -1000 -1000 -10 -0.561496
Pedestrian -1 -1 -10 612 90 680 168-1 -1 -1 -1000 -1000 -1000 -10 -0.652231
Pedestrian -1 -1 -10 653 87 703 180-1 -1 -1 -1000 -1000 -1000 -10 -0.679233
Pedestrian -1 -1 -10 697 15 752 167-1 -1 -1 -1000 -1000 -1000 -10 -0.697978
Pedestrian -1 -1 -10 737 89 768 176-1 -1 -1 -1000 -1000 -1000 -10 -0.729634
Pedestrian -1 -1 -10 937 79 1027 182-1 -1 -1 -1000 -1000 -1000 -10 -0.753106
Pedestrian -1 -1 -10 1193 190 1224 283-1 -1 -1 -1000 -1000 -1000 -10 -0.770203
Pedestrian -1 -1 -10 1064 1 1132 189-1 -1 -1 -1000 -1000 -1000 -10 -0.806914
Pedestrian -1 -1 -10 1153 122 1224 254-1 -1 -1 -1000 -1000 -1000 -10 -0.817482
Pedestrian -1 -1 -10 893 70 926 163-1 -1 -1 -1000 -1000 -1000 -10 -0.875492
Pedestrian -1 -1 -10 1161 73 1208 160-1 -1 -1 -1000 -1000 -1000 -10 -0.884153
Pedestrian -1 -1 -10 1 46 60 209-1 -1 -1 -1000 -1000 -1000 -10 -0.904509
Pedestrian -1 -1 -10 614 71 711 181-1 -1 -1 -1000 -1000 -1000 -10 -0.938369
Pedestrian -1 -1 -10 920 224 1003 370-1 -1 -1 -1000 -1000 -1000 -10 -0.97382
Pedestrian -1 -1 -10 750 75 812 190-1 -1 -1 -1000 -1000 -1000 -10 -0.973985
Pedestrian -1 -1 -10 505 169 552 256-1 -1 -1 -1000 -1000 -1000 -10 -0.994435
