Pedestrian -1 -1 -10 997 80 1041 203-1 -1 -1 -1000 -1000 -1000 -10 -0.465837
Pedestrian -1 -1 -10 747 164 780 257-1 -1 -1 -1000 -1000 -1000 -10 -0.55432
Pedestrian -1 -1 -10 318 138 380 253-1 -1 -1 -1000 -1000 -1000 -10 -0.75937
Pedestrian -1 -1 -10 258 172 360 360-1 -1 -1 -1000 -1000 -1000 -10 -0.797421
Pedestrian -1 -1 -10 910 44 943 137-1 -1 -1 -1000 -1000 -1000 -10 -0.810246
Pedestrian -1 -1 -10 1032 1 1080 133-1 -1 -1 -1000 -1000 -1000 -10 -0.824937
Pedestrian -1 -1 -10 841 112 874 205-1 -1 -1 -1000 -1000 -1000 -10 -0.836815
Pedestrian -1 -1 -10 521 321 576 375-1 -1 -1 -1000 -1000 -1000 -10 -0.845867
Pedestrian -1 -1 -10 1193 225 1242 288-1 -1 -1 -1000 -1000 -1000 -10 -0.8673
Pedestrian -1 -1 -10 972 33 1013 148-1 -1 -1 -1000 -1000 -1000 -10 -0.871737
Pedestrian -1 -1 -10 773 121 832 189-1 -1 -1 -1000 -1000 -1000 -10 -0.881492
Pedestrian -1 -1 -10 913 129 960 216-1 -1 -1 -1000 -1000 -1000 -10 -0.892846
Pedestrian -1 -1 -10 105 321 160 375-1 -1 -1 -1000 -1000 -1000 -10 -0.918081
Pedestrian -1 -1 -10 1 1 60 164-1 -1 -1 -1000 -1000 -1000 -10 -0.926516
Pedestrian -1 -1 -10 889 145 920 232-1 -1 -1 -1000 -1000 -1000 -10 -0.93279
Pedestrian -1 -1 -10 216 295 294 375-1 -1 -1 -1000 -1000 -1000 -10 -0.940787
Pedestrian -1 -1 -10 719 1 866 169-1 -1 -1 -1000 -1000 -1000 -10 -0.959026
Pedestrian -1 -1 -10 38 313 166 375-1 -1 -1 -1000 -1000 -1000 -10 -0.99956
