Pedestrian -1 -1 -10 645 128 686 243-1 -1 -1 -1000 -1000 -1000 -10 -0.30471
Pedestrian -1 -1 -10 769 109 807 216-1 -1 -1 -1000 -1000 -1000 -10 -0.365453
Pedestrian -1 -1 -10 897 321 952 375-1 -1 -1 -1000 -1000 -1000 -10 -0.368548
Pedestrian -1 -1 -10 249 201 280 288-1 -1 -1 -1000 -1000 -1000 -10 -0.596304
Pedestrian -1 -1 -10 983 85 1024 200-1 -1 -1 -1000 -1000 -1000 -10 -0.642945
Pedestrian -1 -1 -10 789 247 857 325-1 -1 -1 -1000 -1000 -1000 -10 -0.736454
Pedestrian -1 -1 -10 92 148 159 271-1 -1 -1 -1000 -1000 -1000 -10 -0.805552
Pedestrian -1 -1 -10 31 257 99 335-1 -1 -1 -1000 -1000 -1000 -10 -0.81911
Pedestrian -1 -1 -10 822 180 911 343-1 -1 -1 -1000 -1000 -1000 -10 -0.884981
Pedestrian -1 -1 -10 947 98 995 230-1 -1 -1 -1000 -1000 -1000 -10 -0.904688
Pedestrian -1 -1 -10 826 1 1019 375-1 -1 -1 -1000 -1000 -1000 -10 -0.908905
Pedestrian -1 -1 -10 266 182 363 292-1 -1 -1 -1000 -1000 -1000 -10 -0.914725
Pedestrian -1 -1 -10 92 58 136 181-1 -1 -1 -1000 -1000 -1000 -10 -0.91572
Pedestrian -1 -1 -10 1 14 52 156-1 -1 -1 -1000 -1000 -1000 -10 -0.94794
Pedestrian -1 -1 -10 623 58 690 181-1 -1 -1 -1000 -1000 -1000 -10 -0.952961
Pedestrian -1 -1 -10 1184 1 1242 69-1 -1 -1 -1000 -1000 -1000 -10 -0.958066
Pedestrian -1 -1 -10 19 286 73 375-1 -1 -1 -1000 -1000 -1000 -10 -0.958941
Pedestrian -1 -1 -10 257 80 315 187-1 -1 -1 -1000 -1000 -1000 -10 -0.969361
Pedestrian -1 -1 -10 680 62 752 194-1 -1 -1 -1000 -1000 -1000 -10 -0.990505
Pedestrian -1 -1 -10 254 1 422 375-1 -1 -1 -1000 -1000 -1000 -10 -0.990786
Pedestrian -1 -1 -10 122 207 194 339-1 -1 -1 -1000 -1000 -1000 -10 -0.990977
