Pedestrian -1 -1 -10 884 181 917 274-1 -1 -1 -1000 -1000 -1000 -10 -0.0884485
Pedestrian -1 -1 -10 781 29 891 334-1 -1 -1 -1000 -1000 -1000 -10 -0.180171
Pedestrian -1 -1 -10 1193 178 1231 285-1 -1 -1 -1000 -1000 -1000 -10 -0.222183
Pedestrian -1 -1 -10 1209 1 1240 88-1 -1 -1 -1000 -1000 -1000 -10 -0.495297
Pedestrian -1 -1 -10 882 1 971 164-1 -1 -1 -1000 -1000 -1000 -10 -0.542567
Pedestrian -1 -1 -10 625 137 656 224-1 -1 -1 -1000 -1000 -1000 -10 -0.566986
Pedestrian -1 -1 -10 996 95 1055 163-1 -1 -1 -1000 -1000 -1000 -10 -0.651087
Pedestrian -1 -1 -10 1030 52 1080 145-1 -1 -1 -1000 -1000 -1000 -10 -0.71934
Pedestrian -1 -1 -10 1209 137 1240 224-1 -1 -1 -1000 -1000 -1000 -10 -0.757557
Pedestrian -1 -1 -10 1113 65 1168 128-1 -1 -1 -1000 -1000 -1000 -10 -0.780288
Pedestrian -1 -1 -10 1167 1 1242 375-1 -1 -1 -1000 -1000 -1000 -10 -0.793797
Pedestrian -1 -1 -10 893 35 1132 308-1 -1 -1 -1000 -1000 -1000 -10 -0.821569
Pedestrian -1 -1 -10 612 131 663 273-1 -1 -1 -1000 -1000 -1000 -10 -0.826564
Pedestrian -1 -1 -10 385 60 443 167-1 -1 -1 -1000 -1000 -1000 -10 -0.832242
Pedestrian -1 -1 -10 841 155 943 343-1 -1 -1 -1000 -1000 -1000 -10 -0.880988
Pedestrian -1 -1 -10 704 1 800 267-1 -1 -1 -1000 -1000 -1000 -10 -0.942527
Pedestrian -1 -1 -10 443 183 533 286-1 -1 -1 -1000 -1000 -1000 -10 -0.959754
Pedestrian -1 -1 -10 846 1 992 375-1 -1 -1 -1000 -1000 -1000 -10 -0.9631
Pedestrian -1 -1 -10 558 155 617 223-1 -1 -1 -1000 -1000 -1000 -10 -0.976278
