Pedestrian -1 -1 -10 721 129 752 216-1 -1 -1 -1000 -1000 -1000 -10 -0.372515
Pedestrian -1 -1 -10 340 1 430 249-1 -1 -1 -1000 -1000 -1000 -10 -0.465194
Pedestrian -1 -1 -10 295 137 430 375-1 -1 -1 -1000 -1000 -1000 -10 -0.492865
Pedestrian -1 -1 -10 464 181 514 274-1 -1 -1 -1000 -1000 -1000 -10 -0.505792
Pedestrian -1 -1 -10 1141 1 1242 375-1 -1 -1 -1000 -1000 -1000 -10 -0.512087
Pedestrian -1 -1 -10 464 104 523 172-1 -1 -1 -1000 -1000 -1000 -10 -0.528748
Pedestrian -1 -1 -10 447 104 515 292-1 -1 -1 -1000 -1000 -1000 -10 -0.66107
Pedestrian -1 -1 -10 583 31 672 194-1 -1 -1 -1000 -1000 -1000 -10 -0.799934
Pedestrian -1 -1 -10 506 157 542 257-1 -1 -1 -1000 -1000 -1000 -10 -0.808715
Pedestrian -1 -1 -10 14 131 65 273-1 -1 -1 -1000 -1000 -1000 -10 -0.817263
Pedestrian -1 -1 -10 541 121 591 214-1 -1 -1 -1000 -1000 -1000 -10 -0.819651
Pedestrian -1 -1 -10 936 130 995 198-1 -1 -1 -1000 -1000 -1000 -10 -0.829147
Pedestrian -1 -1 -10 1081 1 1112 88-1 -1 -1 -1000 -1000 -1000 -10 -0.833194
Pedestrian -1 -1 -10 718 139 772 239-1 -1 -1 -1000 -1000 -1000 -10 -0.844569
Pedestrian -1 -1 -10 708 85 770 200-1 -1 -1 -1000 -1000 -1000 -10 -0.853778
Pedestrian -1 -1 -10 139 157 193 257-1 -1 -1 -1000 -1000 -1000 -10 -0.899305
Pedestrian -1 -1 -10 521 129 552 216-1 -1 -1 -1000 -1000 -1000 -10 -0.918815
Pedestrian -1 -1 -10 1064 1 1132 189-1 -1 -1 -1000 -1000 -1000 -10 -0.927294
Pedestrian -1 -1 -10 1 306 69 375-1 -1 -1 -1000 -1000 -1000 -10 -0.973915
Pedestrian -1 -1 -10 170 170 465 375-1 -1 -1 -1000 -1000 -1000 -10 -0.994328
