Pedestrian -1 -1 -10 677 1 767 104-1 -1 -1 -1000 -1000 -1000 -10 -0.509126
Pedestrian -1 -1 -10 265 1 327 116-1 -1 -1 -1000 -1000 -1000 -10 -0.675249
Pedestrian -1 -1 -10 1089 153 1120 240-1 -1 -1 -1000 -1000 -1000 -10 -0.67563
Pedestrian -1 -1 -10 434 1 512 217-1 -1 -1 -1000 -1000 -1000 -10 -0.725192
Pedestrian -1 -1 -10 1 1 448 375-1 -1 -1 -1000 -1000 -1000 -10 -0.728965
Pedestrian -1 -1 -10 600 57 655 209-1 -1 -1 -1000 -1000 -1000 -10 -0.765098
Pedestrian -1 -1 -10 1120 43 1182 158-1 -1 -1 -1000 -1000 -1000 -10 -0.819647
Pedestrian -1 -1 -10 1189 1 1233 124-1 -1 -1 -1000 -1000 -1000 -10 -0.871957
Pedestrian -1 -1 -10 1047 138 1097 231-1 -1 -1 -1000 -1000 -1000 -10 -0.881781
Pedestrian -1 -1 -10 910 44 943 137-1 -1 -1 -1000 -1000 -1000 -10 -0.891394
Pedestrian -1 -1 -10 1045 188 1083 295-1 -1 -1 -1000 -1000 -1000 -10 -0.899992
Pedestrian -1 -1 -10 664 27 741 169-1 -1 -1 -1000 -1000 -1000 -10 -0.979033
Pedestrian -1 -1 -10 1081 1 1112 88-1 -1 -1 -1000 -1000 -1000 -10 -0.98276
