Pedestrian -1 -1 -10 369 166 478 367-1 -1 -1 -1000 -1000 -1000 -10 1.23478
Pedestrian -1 -1 -10 713 177 744 264-1 -1 -1 -1000 -1000 -1000 -10 0.626994
Pedestrian -1 -1 -10 1 93 74 294-1 -1 -1 -1000 -1000 -1000 -10 -0.257959
Pedestrian -1 -1 -10 292 147 461 340-1 -1 -1 -1000 -1000 -1000 -10 -0.310341
Pedestrian -1 -1 -10 257 188 295 295-1 -1 -1 -1000 -1000 -1000 -10 -0.335351
Pedestrian -1 -1 -10 212 148 266 248-1 -1 -1 -1000 -1000 -1000 -10 -0.427346
Pedestrian -1 -1 -10 627 172 660 265-1 -1 -1 -1000 -1000 -1000 -10 -0.468077
Pedestrian -1 -1 -10 888 149 929 264-1 -1 -1 -1000 -1000 -1000 -10 -0.561822
Pedestrian -1 -1 -10 687 164 737 257-1 -1 -1 -1000 -1000 -1000 -10 -0.574021
Pedestrian -1 -1 -10 553 135 656 253-1 -1 -1 -1000 -1000 -1000 -10 -0.635645
Pedestrian -1 -1 -10 129 177 176 264-1 -1 -1 -1000 -1000 -1000 -10 -0.662052
Pedestrian -1 -1 -10 168 149 226 256-1 -1 -1 -1000 -1000 -1000 -10 -0.687732
Pedestrian -1 -1 -10 171 12 238 135-1 -1 -1 -1000 -1000 -1000 -10 -0.696829
Pedestrian -1 -1 -10 825 121 880 184-1 -1 -1 -1000 -1000 -1000 -10 -0.782791
Pedestrian -1 -1 -10 419 140 585 370-1 -1 -1 -1000 -1000 -1000 -10 -0.790299
Pedestrian -1 -1 -10 327 18 386 86-1 -1 -1 -1000 -1000 -1000 -10 -0.795917
Pedestrian -1 -1 -10 295 1 515 370-1 -1 -1 -1000 -1000 -1000 -10 -0.813975
Pedestrian -1 -1 -10 126 196 223 306-1 -1 -1 -1000 -1000 -1000 -10 -0.8147
Pedestrian -1 -1 -10 112 1 209 111-1 -1 -1 -1000 -1000 -1000 -10 -0.845458
Pedestrian -1 -1 -10 849 121 896 208-1 -1 -1 -1000 -1000 -1000 -10 -0.858512
Pedestrian -1 -1 -10 104 138 343 370-1 -1 -1 -1000 -1000 -1000 -10 -0.864323
Pedestrian -1 -1 -10 718 93 754 193-1 -1 -1 -1000 -1000 -1000 -10 -0.900601
Pedestrian -1 -1 -10 912 61 1001 224-1 -1 -1 -1000 -1000 -1000 -10 -0.907653
Pedestrian -1 -1 -10 1158 105 1209 247-1 -1 -1 -1000 -1000 -1000 -10 -0.909149
Pedestrian -1 -1 -10 697 126 752 278-1 -1 -1 -1000 -1000 -1000 -10 -0.924788
Pedestrian -1 -1 -10 613 85 760 253-1 -1 -1 -1000 -1000 -1000 -10 -0.963419
Pedestrian -1 -1 -10 233 43 274 158-1 -1 -1 -1000 -1000 -1000 -10 -0.970832
