Pedestrian -1 -1 -10 215 87 265 180-1 -1 -1 -1000 -1000 -1000 -10 -0.472073
Pedestrian -1 -1 -10 280 57 390 362-1 -1 -1 -1000 -1000 -1000 -10 -0.649902
Pedestrian -1 -1 -10 716 105 806 208-1 -1 -1 -1000 -1000 -1000 -10 -0.695922
Pedestrian -1 -1 -10 935 62 983 194-1 -1 -1 -1000 -1000 -1000 -10 -0.765162
Pedestrian -1 -1 -10 209 105 299 208-1 -1 -1 -1000 -1000 -1000 -10 -0.780496
Pedestrian -1 -1 -10 1030 130 1066 230-1 -1 -1 -1000 -1000 -1000 -10 -0.819715
Pedestrian -1 -1 -10 649 113 696 200-1 -1 -1 -1000 -1000 -1000 -10 -0.838251
Pedestrian -1 -1 -10 377 85 474 195-1 -1 -1 -1000 -1000 -1000 -10 -0.872238
Pedestrian -1 -1 -10 43 85 84 200-1 -1 -1 -1000 -1000 -1000 -10 -0.876625
Pedestrian -1 -1 -10 613 107 686 190-1 -1 -1 -1000 -1000 -1000 -10 -0.920057
Pedestrian -1 -1 -10 989 92 1040 234-1 -1 -1 -1000 -1000 -1000 -10 -0.923818
Pedestrian -1 -1 -10 889 145 944 208-1 -1 -1 -1000 -1000 -1000 -10 -0.941494
Pedestrian -1 -1 -10 1 145 56 208-1 -1 -1 -1000 -1000 -1000 -10 -0.998267
