Pedestrian -1 -1 -10 848 60 906 167-1 -1 -1 -1000 -1000 -1000 -10 -0.500608
Pedestrian -1 -1 -10 13 74 85 206-1 -1 -1 -1000 -1000 -1000 -10 -0.504447
Pedestrian -1 -1 -10 444 109 482 216-1 -1 -1 -1000 -1000 -1000 -10 -0.72583
Pedestrian -1 -1 -10 773 301 823 375-1 -1 -1 -1000 -1000 -1000 -10 -0.784249
Pedestrian -1 -1 -10 207 104 240 197-1 -1 -1 -1000 -1000 -1000 -10 -0.834215
Pedestrian -1 -1 -10 772 75 813 190-1 -1 -1 -1000 -1000 -1000 -10 -0.849991
Pedestrian -1 -1 -10 1025 21 1103 237-1 -1 -1 -1000 -1000 -1000 -10 -0.900239
Pedestrian -1 -1 -10 907 109 945 216-1 -1 -1 -1000 -1000 -1000 -10 -0.906617
Pedestrian -1 -1 -10 747 224 806 292-1 -1 -1 -1000 -1000 -1000 -10 -0.95546
Pedestrian -1 -1 -10 920 29 956 129-1 -1 -1 -1000 -1000 -1000 -10 -0.967031
Pedestrian -1 -1 -10 644 50 716 182-1 -1 -1 -1000 -1000 -1000 -10 -0.9939
