Pedestrian -1 -1 -10 365 198 403 305-1 -1 -1 -1000 -1000 -1000 -10 1.2635
Pedestrian -1 -1 -10 235 157 286 299-1 -1 -1 -1000 -1000 -1000 -10 1.14353
Pedestrian -1 -1 -10 1143 29 1198 181-1 -1 -1 -1000 -1000 -1000 -10 0.976684
Pedestrian -1 -1 -10 405 194 441 294-1 -1 -1 -1000 -1000 -1000 -10 -0.249087
Pedestrian -1 -1 -10 415 188 473 295-1 -1 -1 -1000 -1000 -1000 -10 -0.360365
Pedestrian -1 -1 -10 363 182 418 334-1 -1 -1 -1000 -1000 -1000 -10 -0.377088
Pedestrian -1 -1 -10 1201 81 1238 144-1 -1 -1 -1000 -1000 -1000 -10 -0.555369
Pedestrian -1 -1 -10 809 217 840 304-1 -1 -1 -1000 -1000 -1000 -10 -0.592859
Pedestrian -1 -1 -10 627 112 686 180-1 -1 -1 -1000 -1000 -1000 -10 -0.692577
Pedestrian -1 -1 -10 1089 1 1216 352-1 -1 -1 -1000 -1000 -1000 -10 -0.733824
Pedestrian -1 -1 -10 1 1 158 374-1 -1 -1 -1000 -1000 -1000 -10 -0.796723
Pedestrian -1 -1 -10 781 172 840 240-1 -1 -1 -1000 -1000 -1000 -10 -0.827039
Pedestrian -1 -1 -10 681 153 712 240-1 -1 -1 -1000 -1000 -1000 -10 -0.91566
Pedestrian -1 -1 -10 1210 79 1238 221-1 -1 -1 -1000 -1000 -1000 -10 -0.919196
Pedestrian -1 -1 -10 769 137 800 224-1 -1 -1 -1000 -1000 -1000 -10 -0.938193
Pedestrian -1 -1 -10 976 154 1031 306-1 -1 -1 -1000 -1000 -1000 -10 -0.961075
Pedestrian -1 -1 -10 1 1 334 374-1 -1 -1 -1000 -1000 -1000 -10 -0.986977
Pedestrian -1 -1 -10 513 137 568 200-1 -1 -1 -1000 -1000 -1000 -10 -0.994268
