Pedestrian -1 -1 -10 561 81 592 168-1 -1 -1 -1000 -1000 -1000 -10 -0.175566
Pedestrian -1 -1 -10 893 284 926 375-1 -1 -1 -1000 -1000 -1000 -10 -0.528851
Pedestrian -1 -1 -10 1 65 55 165-1 -1 -1 -1000 -1000 -1000 -10 -0.547759
Pedestrian -1 -1 -10 1098 35 1234 375-1 -1 -1 -1000 -1000 -1000 -10 -0.601285
Pedestrian -1 -1 -10 193 161 416 375-1 -1 -1 -1000 -1000 -1000 -10 -0.699857
Pedestrian -1 -1 -10 1076 1 1120 124-1 -1 -1 -1000 -1000 -1000 -10 -0.766141
Pedestrian -1 -1 -10 986 61 1164 375-1 -1 -1 -1000 -1000 -1000 -10 -0.771574
Pedestrian -1 -1 -10 643 61 746 179-1 -1 -1 -1000 -1000 -1000 -10 -0.781082
Pedestrian -1 -1 -10 31 1 90 164-1 -1 -1 -1000 -1000 -1000 -10 -0.862351
Pedestrian -1 -1 -10 188 90 246 197-1 -1 -1 -1000 -1000 -1000 -10 -0.949285
Pedestrian -1 -1 -10 1 29 111 334-1 -1 -1 -1000 -1000 -1000 -10 -0.952451
Pedestrian -1 -1 -10 498 1 570 133-1 -1 -1 -1000 -1000 -1000 -10 -0.993448
