Pedestrian -1 -1 -10 1 60 39 167-1 -1 -1 -1000 -1000 -1000 -10 -0.5137
Pedestrian -1 -1 -10 497 145 544 232-1 -1 -1 -1000 -1000 -1000 -10 -0.615611
Pedestrian -1 -1 -10 438 121 488 214-1 -1 -1 -1000 -1000 -1000 -10 -0.750819
Pedestrian -1 -1 -10 370 112 403 205-1 -1 -1 -1000 -1000 -1000 -10 -0.767474
Pedestrian -1 -1 -10 129 129 160 216-1 -1 -1 -1000 -1000 -1000 -10 -0.770518
Pedestrian -1 -1 -10 1042 69 1086 192-1 -1 -1 -1000 -1000 -1000 -10 -0.7949
Pedestrian -1 -1 -10 612 1 656 124-1 -1 -1 -1000 -1000 -1000 -10 -0.823328
Pedestrian -1 -1 -10 750 96 812 211-1 -1 -1 -1000 -1000 -1000 -10 -0.853144
Pedestrian -1 -1 -10 705 121 736 208-1 -1 -1 -1000 -1000 -1000 -10 -0.910892
Pedestrian -1 -1 -10 1021 19 1075 119-1 -1 -1 -1000 -1000 -1000 -10 -0.931184
Pedestrian -1 -1 -10 35 10 85 103-1 -1 -1 -1000 -1000 -1000 -10 -0.934697
