Pedestrian -1 -1 -10 649 97 680 184-1 -1 -1 -1000 -1000 -1000 -10 -0.510149
Pedestrian -1 -1 -10 1193 70 1231 177-1 -1 -1 -1000 -1000 -1000 -10 -0.736364
Pedestrian -1 -1 -10 633 17 688 80-1 -1 -1 -1000 -1000 -1000 -10 -0.744054
Pedestrian -1 -1 -10 897 1 1242 375-1 -1 -1 -1000 -1000 -1000 -10 -0.787369
Pedestrian -1 -1 -10 254 212 401 375-1 -1 -1 -1000 -1000 -1000 -10 -0.807848
Pedestrian -1 -1 -10 190 301 223 375-1 -1 -1 -1000 -1000 -1000 -10 -0.818887
Pedestrian -1 -1 -10 498 318 557 375-1 -1 -1 -1000 -1000 -1000 -10 -0.906989
Pedestrian -1 -1 -10 661 61 694 154-1 -1 -1 -1000 -1000 -1000 -10 -0.940839
Pedestrian -1 -1 -10 1 1 45 124-1 -1 -1 -1000 -1000 -1000 -10 -0.963229
Pedestrian -1 -1 -10 837 1 947 306-1 -1 -1 -1000 -1000 -1000 -10 -0.989942
Pedestrian -1 -1 -10 1 85 56 237-1 -1 -1 -1000 -1000 -1000 -10 -0.999866
