Pedestrian -1 -1 -10 1209 73 1240 160-1 -1 -1 -1000 -1000 -1000 -10 -0.466443
Pedestrian -1 -1 -10 989 144 1040 286-1 -1 -1 -1000 -1000 -1000 -10 -0.50371
Pedestrian -1 -1 -10 697 112 780 264-1 -1 -1 -1000 -1000 -1000 -10 -0.649532
Pedestrian -1 -1 -10 281 313 312 375-1 -1 -1 -1000 -1000 -1000 -10 -0.67093
Pedestrian -1 -1 -10 473 137 528 200-1 -1 -1 -1000 -1000 -1000 -10 -0.700477
Pedestrian -1 -1 -10 607 147 691 243-1 -1 -1 -1000 -1000 -1000 -10 -0.735421
Pedestrian -1 -1 -10 867 233 1014 375-1 -1 -1 -1000 -1000 -1000 -10 -0.760688
Pedestrian -1 -1 -10 80 306 158 375-1 -1 -1 -1000 -1000 -1000 -10 -0.779234
Pedestrian -1 -1 -10 1006 237 1143 375-1 -1 -1 -1000 -1000 -1000 -10 -0.811456
Pedestrian -1 -1 -10 344 95 377 188-1 -1 -1 -1000 -1000 -1000 -10 -0.832805
Pedestrian -1 -1 -10 292 1 388 267-1 -1 -1 -1000 -1000 -1000 -10 -0.837579
Pedestrian -1 -1 -10 506 93 542 193-1 -1 -1 -1000 -1000 -1000 -10 -0.838831
Pedestrian -1 -1 -10 321 1 768 375-1 -1 -1 -1000 -1000 -1000 -10 -0.850891
Pedestrian -1 -1 -10 265 113 296 200-1 -1 -1 -1000 -1000 -1000 -10 -0.855652
Pedestrian -1 -1 -10 212 1 295 232-1 -1 -1 -1000 -1000 -1000 -10 -0.858528
Pedestrian -1 -1 -10 171 103 215 226-1 -1 -1 -1000 -1000 -1000 -10 -0.860664
Pedestrian -1 -1 -10 790 207 823 300-1 -1 -1 -1000 -1000 -1000 -10 -0.891932
Pedestrian -1 -1 -10 1 1 272 375-1 -1 -1 -1000 -1000 -1000 -10 -0.9094
Pedestrian -1 -1 -10 846 92 897 234-1 -1 -1 -1000 -1000 -1000 -10 -0.929727
