Pedestrian -1 -1 -10 454 148 498 271-1 -1 -1 -1000 -1000 -1000 -10 0.742772
Pedestrian -1 -1 -10 449 145 512 320-1 -1 -1 -1000 -1000 -1000 -10 0.294905
Pedestrian -1 -1 -10 755 157 791 257-1 -1 -1 -1000 -1000 -1000 -10 -0.0712948
Pedestrian -1 -1 -10 937 50 975 157-1 -1 -1 -1000 -1000 -1000 -10 -0.0773239
Pedestrian -1 -1 -10 415 231 478 304-1 -1 -1 -1000 -1000 -1000 -10 -0.166517
Pedestrian -1 -1 -10 972 138 1013 253-1 -1 -1 -1000 -1000 -1000 -10 -0.182911
Pedestrian -1 -1 -10 704 50 752 182-1 -1 -1 -1000 -1000 -1000 -10 -0.237211
Pedestrian -1 -1 -10 313 273 344 360-1 -1 -1 -1000 -1000 -1000 -10 -0.404172
Pedestrian -1 -1 -10 265 89 296 176-1 -1 -1 -1000 -1000 -1000 -10 -0.488062
Pedestrian -1 -1 -10 663 84 699 184-1 -1 -1 -1000 -1000 -1000 -10 -0.538153
Pedestrian -1 -1 -10 391 224 474 370-1 -1 -1 -1000 -1000 -1000 -10 -0.620472
Pedestrian -1 -1 -10 739 182 836 292-1 -1 -1 -1000 -1000 -1000 -10 -0.641271
Pedestrian -1 -1 -10 287 1 390 286-1 -1 -1 -1000 -1000 -1000 -10 -0.657542
Pedestrian -1 -1 -10 927 1 1005 217-1 -1 -1 -1000 -1000 -1000 -10 -0.745597
Pedestrian -1 -1 -10 1193 97 1224 184-1 -1 -1 -1000 -1000 -1000 -10 -0.83532
Pedestrian -1 -1 -10 170 79 221 221-1 -1 -1 -1000 -1000 -1000 -10 -0.862189
Pedestrian -1 -1 -10 442 75 478 175-1 -1 -1 -1000 -1000 -1000 -10 -0.873474
Pedestrian -1 -1 -10 1171 85 1224 237-1 -1 -1 -1000 -1000 -1000 -10 -0.899093
Pedestrian -1 -1 -10 369 137 424 200-1 -1 -1 -1000 -1000 -1000 -10 -0.899674
Pedestrian -1 -1 -10 469 222 559 325-1 -1 -1 -1000 -1000 -1000 -10 -0.930503
Pedestrian -1 -1 -10 688 31 777 194-1 -1 -1 -1000 -1000 -1000 -10 -0.941785
Pedestrian -1 -1 -10 431 69 521 317-1 -1 -1 -1000 -1000 -1000 -10 -0.979248
Pedestrian -1 -1 -10 1098 70 1131 163-1 -1 -1 -1000 -1000 -1000 -10 -0.994387
Pedestrian -1 -1 -10 207 138 266 206-1 -1 -1 -1000 -1000 -1000 -10 -0.995164
