Pedestrian -1 -1 -10 690 56 726 156-1 -1 -1 -1000 -1000 -1000 -10 0.269627
Pedestrian -1 -1 -10 934 1 989 153-1 -1 -1 -1000 -1000 -1000 -10 -0.284011
Pedestrian -1 -1 -10 644 50 692 182-1 -1 -1 -1000 -1000 -1000 -10 -0.410542
Pedestrian -1 -1 -10 601 148 679 238-1 -1 -1 -1000 -1000 -1000 -10 -0.462352
Pedestrian -1 -1 -10 918 293 968 375-1 -1 -1 -1000 -1000 -1000 -10 -0.614511
Pedestrian -1 -1 -10 249 1 280 88-1 -1 -1 -1000 -1000 -1000 -10 -0.721591
Pedestrian -1 -1 -10 718 180 821 298-1 -1 -1 -1000 -1000 -1000 -10 -0.745816
Pedestrian -1 -1 -10 781 196 975 375-1 -1 -1 -1000 -1000 -1000 -10 -0.753637
Pedestrian -1 -1 -10 359 1 776 375-1 -1 -1 -1000 -1000 -1000 -10 -0.762259
Pedestrian -1 -1 -10 923 1 1019 267-1 -1 -1 -1000 -1000 -1000 -10 -0.764567
Pedestrian -1 -1 -10 1189 261 1242 375-1 -1 -1 -1000 -1000 -1000 -10 -0.812057
Pedestrian -1 -1 -10 1 109 39 216-1 -1 -1 -1000 -1000 -1000 -10 -0.812255
Pedestrian -1 -1 -10 1133 258 1242 375-1 -1 -1 -1000 -1000 -1000 -10 -0.836444
Pedestrian -1 -1 -10 833 1 1242 375-1 -1 -1 -1000 -1000 -1000 -10 -0.855304
Pedestrian -1 -1 -10 79 27 130 169-1 -1 -1 -1000 -1000 -1000 -10 -0.857086
Pedestrian -1 -1 -10 1 1 97 267-1 -1 -1 -1000 -1000 -1000 -10 -0.875551
Pedestrian -1 -1 -10 297 75 338 190-1 -1 -1 -1000 -1000 -1000 -10 -0.94846
Pedestrian -1 -1 -10 215 164 274 232-1 -1 -1 -1000 -1000 -1000 -10 -0.955901
