Pedestrian -1 -1 -10 618 87 651 180-1 -1 -1 -1000 -1000 -1000 -10 -0.414831
Pedestrian -1 -1 -10 705 177 736 264-1 -1 -1 -1000 -1000 -1000 -10 -0.452044
Pedestrian -1 -1 -10 164 104 214 197-1 -1 -1 -1000 -1000 -1000 -10 -0.698274
Pedestrian -1 -1 -10 1097 89 1152 152-1 -1 -1 -1000 -1000 -1000 -10 -0.761273
Pedestrian -1 -1 -10 341 50 413 182-1 -1 -1 -1000 -1000 -1000 -10 -0.787868
Pedestrian -1 -1 -10 126 57 181 209-1 -1 -1 -1000 -1000 -1000 -10 -0.796179
Pedestrian -1 -1 -10 944 1 1012 189-1 -1 -1 -1000 -1000 -1000 -10 -0.860046
Pedestrian -1 -1 -10 773 95 806 188-1 -1 -1 -1000 -1000 -1000 -10 -0.90857
Pedestrian -1 -1 -10 642 43 725 195-1 -1 -1 -1000 -1000 -1000 -10 -0.929793
Pedestrian -1 -1 -10 883 46 961 136-1 -1 -1 -1000 -1000 -1000 -10 -0.931958
Pedestrian -1 -1 -10 191 43 232 158-1 -1 -1 -1000 -1000 -1000 -10 -0.937966
