Pedestrian -1 -1 -10 732 46 791 209-1 -1 -1 -1000 -1000 -1000 -10 -0.355414
Pedestrian -1 -1 -10 785 17 848 192-1 -1 -1 -1000 -1000 -1000 -10 -0.468296
Pedestrian -1 -1 -10 593 65 648 128-1 -1 -1 -1000 -1000 -1000 -10 -0.607395
Pedestrian -1 -1 -10 396 75 450 175-1 -1 -1 -1000 -1000 -1000 -10 -0.670327
Pedestrian -1 -1 -10 374 92 441 215-1 -1 -1 -1000 -1000 -1000 -10 -0.696714
Pedestrian -1 -1 -10 562 139 616 239-1 -1 -1 -1000 -1000 -1000 -10 -0.704416
Pedestrian -1 -1 -10 438 74 486 206-1 -1 -1 -1000 -1000 -1000 -10 -0.777743
Pedestrian -1 -1 -10 1150 1 1209 164-1 -1 -1 -1000 -1000 -1000 -10 -0.830456
Pedestrian -1 -1 -10 919 117 992 200-1 -1 -1 -1000 -1000 -1000 -10 -0.886346
Pedestrian -1 -1 -10 1 224 98 334-1 -1 -1 -1000 -1000 -1000 -10 -0.903622
Pedestrian -1 -1 -10 603 33 665 148-1 -1 -1 -1000 -1000 -1000 -10 -0.91155
Pedestrian -1 -1 -10 1120 85 1161 200-1 -1 -1 -1000 -1000 -1000 -10 -0.916895
Pedestrian -1 -1 -10 1091 61 1150 224-1 -1 -1 -1000 -1000 -1000 -10 -0.943957
Pedestrian -1 -1 -10 927 91 1030 209-1 -1 -1 -1000 -1000 -1000 -10 -0.955084
Pedestrian -1 -1 -10 138 159 211 242-1 -1 -1 -1000 -1000 -1000 -10 -0.969494
Pedestrian -1 -1 -10 29 112 112 264-1 -1 -1 -1000 -1000 -1000 -10 -0.985115
Pedestrian -1 -1 -10 770 1 860 249-1 -1 -1 -1000 -1000 -1000 -10 -0.986939
