Pedestrian -1 -1 -10 857 153 888 240-1 -1 -1 -1000 -1000 -1000 -10 -0.542317
Pedestrian -1 -1 -10 920 29 974 129-1 -1 -1 -1000 -1000 -1000 -10 -0.608905
Pedestrian -1 -1 -10 12 128 53 243-1 -1 -1 -1000 -1000 -1000 -10 -0.656065
Pedestrian -1 -1 -10 513 109 581 187-1 -1 -1 -1000 -1000 -1000 -10 -0.663682
Pedestrian -1 -1 -10 1 254 63 369-1 -1 -1 -1000 -1000 -1000 -10 -0.78949
Pedestrian -1 -1 -10 1200 92 1242 340-1 -1 -1 -1000 -1000 -1000 -10 -0.843639
Pedestrian -1 -1 -10 310 112 360 205-1 -1 -1 -1000 -1000 -1000 -10 -0.854493
Pedestrian -1 -1 -10 996 1 1029 94-1 -1 -1 -1000 -1000 -1000 -10 -0.873639
Pedestrian -1 -1 -10 725 43 780 195-1 -1 -1 -1000 -1000 -1000 -10 -0.911241
Pedestrian -1 -1 -10 897 321 952 375-1 -1 -1 -1000 -1000 -1000 -10 -0.926705
Pedestrian -1 -1 -10 773 35 875 223-1 -1 -1 -1000 -1000 -1000 -10 -0.927972
Pedestrian -1 -1 -10 810 1 1030 375-1 -1 -1 -1000 -1000 -1000 -10 -0.955289
Pedestrian -1 -1 -10 457 121 488 208-1 -1 -1 -1000 -1000 -1000 -10 -0.978278
Pedestrian -1 -1 -10 1020 62 1092 194-1 -1 -1 -1000 -1000 -1000 -10 -0.98667
