Pedestrian -1 -1 -10 777 180 836 343-1 -1 -1 -1000 -1000 -1000 -10 1.27413
Pedestrian -1 -1 -10 881 161 944 336-1 -1 -1 -1000 -1000 -1000 -10 0.838228
Pedestrian -1 -1 -10 207 155 275 343-1 -1 -1 -1000 -1000 -1000 -10 0.296165
Pedestrian -1 -1 -10 953 153 984 240-1 -1 -1 -1000 -1000 -1000 -10 0.210467
Pedestrian -1 -1 -10 1119 144 1170 286-1 -1 -1 -1000 -1000 -1000 -10 0.142274
Pedestrian -1 -1 -10 550 164 583 257-1 -1 -1 -1000 -1000 -1000 -10 0.115134
Pedestrian -1 -1 -10 713 161 744 248-1 -1 -1 -1000 -1000 -1000 -10 -0.0721507
Pedestrian -1 -1 -10 313 161 344 248-1 -1 -1 -1000 -1000 -1000 -10 -0.24626
Pedestrian -1 -1 -10 451 111 505 211-1 -1 -1 -1000 -1000 -1000 -10 -0.270069
Pedestrian -1 -1 -10 996 159 1034 266-1 -1 -1 -1000 -1000 -1000 -10 -0.407215
Pedestrian -1 -1 -10 503 149 571 227-1 -1 -1 -1000 -1000 -1000 -10 -0.5937
Pedestrian -1 -1 -10 1 43 42 158-1 -1 -1 -1000 -1000 -1000 -10 -0.6014
Pedestrian -1 -1 -10 1 224 51 317-1 -1 -1 -1000 -1000 -1000 -10 -0.708906
Pedestrian -1 -1 -10 336 159 404 237-1 -1 -1 -1000 -1000 -1000 -10 -0.770517
Pedestrian -1 -1 -10 1 224 98 334-1 -1 -1 -1000 -1000 -1000 -10 -0.77376
Pedestrian -1 -1 -10 951 148 1029 238-1 -1 -1 -1000 -1000 -1000 -10 -0.789789
Pedestrian -1 -1 -10 716 92 767 234-1 -1 -1 -1000 -1000 -1000 -10 -0.80455
Pedestrian -1 -1 -10 791 222 919 368-1 -1 -1 -1000 -1000 -1000 -10 -0.807825
Pedestrian -1 -1 -10 1065 289 1120 352-1 -1 -1 -1000 -1000 -1000 -10 -0.826303
Pedestrian -1 -1 -10 974 171 1041 294-1 -1 -1 -1000 -1000 -1000 -10 -0.840892
Pedestrian -1 -1 -10 553 57 584 144-1 -1 -1 -1000 -1000 -1000 -10 -0.861154
Pedestrian -1 -1 -10 1 25 73 157-1 -1 -1 -1000 -1000 -1000 -10 -0.896054
Pedestrian -1 -1 -10 121 17 176 80-1 -1 -1 -1000 -1000 -1000 -10 -0.902291
Pedestrian -1 -1 -10 149 233 222 316-1 -1 -1 -1000 -1000 -1000 -10 -0.919306
Pedestrian -1 -1 -10 155 155 257 343-1 -1 -1 -1000 -1000 -1000 -10 -0.970358
Pedestrian -1 -1 -10 460 166 523 239-1 -1 -1 -1000 -1000 -1000 -10 -0.972051
Pedestrian -1 -1 -10 777 1 970 374-1 -1 -1 -1000 -1000 -1000 -10 -0.982935
Pedestrian -1 -1 -10 649 321 704 374-1 -1 -1 -1000 -1000 -1000 -10 -0.991209
