Pedestrian -1 -1 -10 1025 153 1056 240-1 -1 -1 -1000 -1000 -1000 -10 -0.0828013
Pedestrian -1 -1 -10 321 105 352 192-1 -1 -1 -1000 -1000 -1000 -10 -0.303164
Pedestrian -1 -1 -10 1015 92 1066 234-1 -1 -1 -1000 -1000 -1000 -10 -0.755948
Pedestrian -1 -1 -10 297 185 352 248-1 -1 -1 -1000 -1000 -1000 -10 -0.811305
Pedestrian -1 -1 -10 16 46 75 209-1 -1 -1 -1000 -1000 -1000 -10 -0.833483
Pedestrian -1 -1 -10 258 157 312 257-1 -1 -1 -1000 -1000 -1000 -10 -0.866631
Pedestrian -1 -1 -10 289 97 352 272-1 -1 -1 -1000 -1000 -1000 -10 -0.914546
Pedestrian -1 -1 -10 91 76 180 239-1 -1 -1 -1000 -1000 -1000 -10 -0.936063
Pedestrian -1 -1 -10 457 137 488 224-1 -1 -1 -1000 -1000 -1000 -10 -0.973713
Pedestrian -1 -1 -10 1201 41 1232 128-1 -1 -1 -1000 -1000 -1000 -10 -0.975105
Pedestrian -1 -1 -10 977 49 1040 224-1 -1 -1 -1000 -1000 -1000 -10 -0.980803
Pedestrian -1 -1 -10 1193 104 1242 172-1 -1 -1 -1000 -1000 -1000 -10 -0.984753
