Pedestrian -1 -1 -10 742 66 793 208-1 -1 -1 -1000 -1000 -1000 -10 -0.575536
Pedestrian -1 -1 -10 1 64 63 179-1 -1 -1 -1000 -1000 -1000 -10 -0.575583
Pedestrian -1 -1 -10 476 75 517 190-1 -1 -1 -1000 -1000 -1000 -10 -0.708481
Pedestrian -1 -1 -10 84 65 120 165-1 -1 -1 -1000 -1000 -1000 -10 -0.786018
Pedestrian -1 -1 -10 475 1 558 153-1 -1 -1 -1000 -1000 -1000 -10 -0.796606
Pedestrian -1 -1 -10 365 60 403 167-1 -1 -1 -1000 -1000 -1000 -10 -0.801706
Pedestrian -1 -1 -10 1001 161 1032 248-1 -1 -1 -1000 -1000 -1000 -10 -0.842023
Pedestrian -1 -1 -10 736 38 809 239-1 -1 -1 -1000 -1000 -1000 -10 -0.846083
Pedestrian -1 -1 -10 745 297 792 375-1 -1 -1 -1000 -1000 -1000 -10 -0.867517
Pedestrian -1 -1 -10 1 139 37 239-1 -1 -1 -1000 -1000 -1000 -10 -0.898673
Pedestrian -1 -1 -10 646 69 690 192-1 -1 -1 -1000 -1000 -1000 -10 -0.944373
Pedestrian -1 -1 -10 1 50 340 375-1 -1 -1 -1000 -1000 -1000 -10 -0.959862
Pedestrian -1 -1 -10 698 254 845 375-1 -1 -1 -1000 -1000 -1000 -10 -0.981647
Pedestrian -1 -1 -10 454 1 589 249-1 -1 -1 -1000 -1000 -1000 -10 -0.998883
