Pedestrian -1 -1 -10 457 153 488 240-1 -1 -1 -1000 -1000 -1000 -10 -0.45453
Pedestrian -1 -1 -10 1143 1 1242 306-1 -1 -1 -1000 -1000 -1000 -10 -0.527971
Pedestrian -1 -1 -10 913 169 944 256-1 -1 -1 -1000 -1000 -1000 -10 -0.577884
Pedestrian -1 -1 -10 702 125 746 248-1 -1 -1 -1000 -1000 -1000 -10 -0.602896
Pedestrian -1 -1 -10 198 318 257 375-1 -1 -1 -1000 -1000 -1000 -10 -0.726702
Pedestrian -1 -1 -10 270 31 329 194-1 -1 -1 -1000 -1000 -1000 -10 -0.767354
Pedestrian -1 -1 -10 1 1 97 267-1 -1 -1 -1000 -1000 -1000 -10 -0.802336
Pedestrian -1 -1 -10 687 85 728 200-1 -1 -1 -1000 -1000 -1000 -10 -0.844183
Pedestrian -1 -1 -10 837 1 926 164-1 -1 -1 -1000 -1000 -1000 -10 -0.89101
Pedestrian -1 -1 -10 460 148 523 221-1 -1 -1 -1000 -1000 -1000 -10 -0.91391
Pedestrian -1 -1 -10 710 1 945 375-1 -1 -1 -1000 -1000 -1000 -10 -0.921289
Pedestrian -1 -1 -10 553 135 656 253-1 -1 -1 -1000 -1000 -1000 -10 -0.931782
Pedestrian -1 -1 -10 395 70 433 177-1 -1 -1 -1000 -1000 -1000 -10 -0.957903
Pedestrian -1 -1 -10 332 1 386 101-1 -1 -1 -1000 -1000 -1000 -10 -0.964184
Pedestrian -1 -1 -10 634 138 707 221-1 -1 -1 -1000 -1000 -1000 -10 -0.996717
