Pedestrian -1 -1 -10 657 114 724 237-1 -1 -1 -1000 -1000 -1000 -10 -0.0468521
Pedestrian -1 -1 -10 1 33 64 208-1 -1 -1 -1000 -1000 -1000 -10 -0.33515
Pedestrian -1 -1 -10 656 1 739 153-1 -1 -1 -1000 -1000 -1000 -10 -0.533526
Pedestrian -1 -1 -10 699 185 753 285-1 -1 -1 -1000 -1000 -1000 -10 -0.570653
Pedestrian -1 -1 -10 680 1 770 249-1 -1 -1 -1000 -1000 -1000 -10 -0.749543
Pedestrian -1 -1 -10 1116 224 1149 317-1 -1 -1 -1000 -1000 -1000 -10 -0.821226
Pedestrian -1 -1 -10 529 49 584 112-1 -1 -1 -1000 -1000 -1000 -10 -0.849931
Pedestrian -1 -1 -10 559 62 607 194-1 -1 -1 -1000 -1000 -1000 -10 -0.878453
Pedestrian -1 -1 -10 740 1 866 232-1 -1 -1 -1000 -1000 -1000 -10 -0.918161
Pedestrian -1 -1 -10 607 1 679 133-1 -1 -1 -1000 -1000 -1000 -10 -0.919813
Pedestrian -1 -1 -10 1 1 111 306-1 -1 -1 -1000 -1000 -1000 -10 -0.955364
Pedestrian -1 -1 -10 1180 1 1239 164-1 -1 -1 -1000 -1000 -1000 -10 -0.973694
Pedestrian -1 -1 -10 1035 188 1103 266-1 -1 -1 -1000 -1000 -1000 -10 -0.982921
