Pedestrian -1 -1 -10 794 144 845 286-1 -1 -1 -1000 -1000 -1000 -10 0.158295
Pedestrian -1 -1 -10 425 89 456 176-1 -1 -1 -1000 -1000 -1000 -10 -0.500197
Pedestrian -1 -1 -10 345 121 400 184-1 -1 -1 -1000 -1000 -1000 -10 -0.537302
Pedestrian -1 -1 -10 258 176 312 276-1 -1 -1 -1000 -1000 -1000 -10 -0.610442
Pedestrian -1 -1 -10 740 107 781 222-1 -1 -1 -1000 -1000 -1000 -10 -0.625467
Pedestrian -1 -1 -10 332 120 368 220-1 -1 -1 -1000 -1000 -1000 -10 -0.632533
Pedestrian -1 -1 -10 231 1 267 101-1 -1 -1 -1000 -1000 -1000 -10 -0.637896
Pedestrian -1 -1 -10 365 222 455 325-1 -1 -1 -1000 -1000 -1000 -10 -0.664794
Pedestrian -1 -1 -10 425 161 480 224-1 -1 -1 -1000 -1000 -1000 -10 -0.720293
Pedestrian -1 -1 -10 533 273 600 370-1 -1 -1 -1000 -1000 -1000 -10 -0.754331
Pedestrian -1 -1 -10 349 159 390 274-1 -1 -1 -1000 -1000 -1000 -10 -0.764717
Pedestrian -1 -1 -10 1150 139 1204 239-1 -1 -1 -1000 -1000 -1000 -10 -0.803774
Pedestrian -1 -1 -10 769 129 864 304-1 -1 -1 -1000 -1000 -1000 -10 -0.8424
Pedestrian -1 -1 -10 273 159 340 282-1 -1 -1 -1000 -1000 -1000 -10 -0.883167
Pedestrian -1 -1 -10 867 120 926 283-1 -1 -1 -1000 -1000 -1000 -10 -0.89418
Pedestrian -1 -1 -10 487 295 565 370-1 -1 -1 -1000 -1000 -1000 -10 -0.919066
Pedestrian -1 -1 -10 983 207 1031 339-1 -1 -1 -1000 -1000 -1000 -10 -0.92453
Pedestrian -1 -1 -10 681 75 790 276-1 -1 -1 -1000 -1000 -1000 -10 -0.928758
Pedestrian -1 -1 -10 443 1 546 286-1 -1 -1 -1000 -1000 -1000 -10 -0.939389
Pedestrian -1 -1 -10 1067 139 1130 212-1 -1 -1 -1000 -1000 -1000 -10 -0.953066
Pedestrian -1 -1 -10 634 1 717 232-1 -1 -1 -1000 -1000 -1000 -10 -0.957214
Pedestrian -1 -1 -10 582 277 640 370-1 -1 -1 -1000 -1000 -1000 -10 -0.989012
Pedestrian -1 -1 -10 33 81 88 144-1 -1 -1 -1000 -1000 -1000 -10 -0.997905
