Pedestrian -1 -1 -10 577 169 608 256-1 -1 -1 -1000 -1000 -1000 -10 1.47527
Pedestrian -1 -1 -10 1101 154 1156 306-1 -1 -1 -1000 -1000 -1000 -10 0.885554
Pedestrian -1 -1 -10 154 43 209 195-1 -1 -1 -1000 -1000 -1000 -10 -0.0646086
Pedestrian -1 -1 -10 18 112 51 205-1 -1 -1 -1000 -1000 -1000 -10 -0.447424
Pedestrian -1 -1 -10 789 228 847 335-1 -1 -1 -1000 -1000 -1000 -10 -0.470474
Pedestrian -1 -1 -10 578 159 622 282-1 -1 -1 -1000 -1000 -1000 -10 -0.477518
Pedestrian -1 -1 -10 235 53 286 195-1 -1 -1 -1000 -1000 -1000 -10 -0.497693
Pedestrian -1 -1 -10 505 121 536 208-1 -1 -1 -1000 -1000 -1000 -10 -0.515832
Pedestrian -1 -1 -10 569 113 624 176-1 -1 -1 -1000 -1000 -1000 -10 -0.577205
Pedestrian -1 -1 -10 419 57 613 279-1 -1 -1 -1000 -1000 -1000 -10 -0.620299
Pedestrian -1 -1 -10 521 295 599 375-1 -1 -1 -1000 -1000 -1000 -10 -0.661016
Pedestrian -1 -1 -10 130 157 193 230-1 -1 -1 -1000 -1000 -1000 -10 -0.676795
Pedestrian -1 -1 -10 929 222 965 322-1 -1 -1 -1000 -1000 -1000 -10 -0.691898
Pedestrian -1 -1 -10 212 275 274 375-1 -1 -1 -1000 -1000 -1000 -10 -0.716726
Pedestrian -1 -1 -10 25 1 121 267-1 -1 -1 -1000 -1000 -1000 -10 -0.735378
Pedestrian -1 -1 -10 139 21 217 237-1 -1 -1 -1000 -1000 -1000 -10 -0.74454
Pedestrian -1 -1 -10 921 1 952 88-1 -1 -1 -1000 -1000 -1000 -10 -0.7569
Pedestrian -1 -1 -10 19 313 147 375-1 -1 -1 -1000 -1000 -1000 -10 -0.786731
Pedestrian -1 -1 -10 1047 215 1106 283-1 -1 -1 -1000 -1000 -1000 -10 -0.821942
Pedestrian -1 -1 -10 609 113 664 176-1 -1 -1 -1000 -1000 -1000 -10 -0.866801
Pedestrian -1 -1 -10 987 155 1020 248-1 -1 -1 -1000 -1000 -1000 -10 -0.924892
Pedestrian -1 -1 -10 814 54 855 169-1 -1 -1 -1000 -1000 -1000 -10 -0.935925
Pedestrian -1 -1 -10 369 177 400 264-1 -1 -1 -1000 -1000 -1000 -10 -0.938749
Pedestrian -1 -1 -10 742 157 819 299-1 -1 -1 -1000 -1000 -1000 -10 -0.962276
Pedestrian -1 -1 -10 1084 139 1162 355-1 -1 -1 -1000 -1000 -1000 -10 -0.975919
