Pedestrian -1 -1 -10 1 1 194 375-1 -1 -1 -1000 -1000 -1000 -10 -0.0553069
Pedestrian -1 -1 -10 182 1 362 375-1 -1 -1 -1000 -1000 -1000 -10 -0.325155
Pedestrian -1 -1 -10 1205 65 1241 165-1 -1 -1 -1000 -1000 -1000 -10 -0.397495
Pedestrian -1 -1 -10 562 139 600 246-1 -1 -1 -1000 -1000 -1000 -10 -0.533154
Pedestrian -1 -1 -10 940 148 1007 271-1 -1 -1 -1000 -1000 -1000 -10 -0.642789
Pedestrian -1 -1 -10 610 130 643 223-1 -1 -1 -1000 -1000 -1000 -10 -0.660376
Pedestrian -1 -1 -10 1115 1 1225 306-1 -1 -1 -1000 -1000 -1000 -10 -0.686634
Pedestrian -1 -1 -10 737 161 768 248-1 -1 -1 -1000 -1000 -1000 -10 -0.751708
Pedestrian -1 -1 -10 593 138 626 231-1 -1 -1 -1000 -1000 -1000 -10 -0.792863
Pedestrian -1 -1 -10 476 138 538 253-1 -1 -1 -1000 -1000 -1000 -10 -0.871126
Pedestrian -1 -1 -10 344 120 403 283-1 -1 -1 -1000 -1000 -1000 -10 -0.875035
Pedestrian -1 -1 -10 727 313 790 375-1 -1 -1 -1000 -1000 -1000 -10 -0.87615
Pedestrian -1 -1 -10 586 112 752 375-1 -1 -1 -1000 -1000 -1000 -10 -0.901222
Pedestrian -1 -1 -10 1201 301 1242 369-1 -1 -1 -1000 -1000 -1000 -10 -0.940275
Pedestrian -1 -1 -10 1210 130 1242 223-1 -1 -1 -1000 -1000 -1000 -10 -0.974065
Pedestrian -1 -1 -10 730 149 788 256-1 -1 -1 -1000 -1000 -1000 -10 -0.981244
Pedestrian -1 -1 -10 793 170 855 285-1 -1 -1 -1000 -1000 -1000 -10 -0.991758
