Pedestrian -1 -1 -10 644 87 677 180-1 -1 -1 -1000 -1000 -1000 -10 -0.751447
Pedestrian -1 -1 -10 1030 10 1063 103-1 -1 -1 -1000 -1000 -1000 -10 -0.800987
Pedestrian -1 -1 -10 920 280 1017 370-1 -1 -1 -1000 -1000 -1000 -10 -0.808182
Pedestrian -1 -1 -10 658 16 717 179-1 -1 -1 -1000 -1000 -1000 -10 -0.829538
Pedestrian -1 -1 -10 938 19 974 119-1 -1 -1 -1000 -1000 -1000 -10 -0.838116
Pedestrian -1 -1 -10 1 155 34 248-1 -1 -1 -1000 -1000 -1000 -10 -0.839737
Pedestrian -1 -1 -10 1194 54 1224 169-1 -1 -1 -1000 -1000 -1000 -10 -0.852588
Pedestrian -1 -1 -10 1193 293 1224 361-1 -1 -1 -1000 -1000 -1000 -10 -0.873933
Pedestrian -1 -1 -10 444 80 482 187-1 -1 -1 -1000 -1000 -1000 -10 -0.893422
Pedestrian -1 -1 -10 911 84 965 184-1 -1 -1 -1000 -1000 -1000 -10 -0.907529
Pedestrian -1 -1 -10 721 27 771 120-1 -1 -1 -1000 -1000 -1000 -10 -0.932572
Pedestrian -1 -1 -10 838 237 906 315-1 -1 -1 -1000 -1000 -1000 -10 -0.938346
Pedestrian -1 -1 -10 21 1 99 217-1 -1 -1 -1000 -1000 -1000 -10 -0.949194
Pedestrian -1 -1 -10 1136 105 1224 268-1 -1 -1 -1000 -1000 -1000 -10 -0.970244
Pedestrian -1 -1 -10 1 157 91 260-1 -1 -1 -1000 -1000 -1000 -10 -0.988556
Pedestrian -1 -1 -10 684 99 767 251-1 -1 -1 -1000 -1000 -1000 -10 -0.989275
