Pedestrian -1 -1 -10 1196 203 1232 303-1 -1 -1 -1000 -1000 -1000 -10 -0.22612
Pedestrian -1 -1 -10 837 194 873 294-1 -1 -1 -1000 -1000 -1000 -10 -0.258264
Pedestrian -1 -1 -10 1162 85 1242 316-1 -1 -1 -1000 -1000 -1000 -10 -0.418479
Pedestrian -1 -1 -10 729 98 777 230-1 -1 -1 -1000 -1000 -1000 -10 -0.620354
Pedestrian -1 -1 -10 550 121 583 214-1 -1 -1 -1000 -1000 -1000 -10 -0.6305
Pedestrian -1 -1 -10 560 79 611 221-1 -1 -1 -1000 -1000 -1000 -10 -0.666256
Pedestrian -1 -1 -10 430 183 507 325-1 -1 -1 -1000 -1000 -1000 -10 -0.67155
Pedestrian -1 -1 -10 1030 224 1089 292-1 -1 -1 -1000 -1000 -1000 -10 -0.749732
Pedestrian -1 -1 -10 208 60 266 167-1 -1 -1 -1000 -1000 -1000 -10 -0.771585
Pedestrian -1 -1 -10 497 128 570 211-1 -1 -1 -1000 -1000 -1000 -10 -0.779947
Pedestrian -1 -1 -10 534 40 611 182-1 -1 -1 -1000 -1000 -1000 -10 -0.786039
Pedestrian -1 -1 -10 1145 217 1176 304-1 -1 -1 -1000 -1000 -1000 -10 -0.786952
Pedestrian -1 -1 -10 181 87 214 180-1 -1 -1 -1000 -1000 -1000 -10 -0.821209
Pedestrian -1 -1 -10 438 112 488 205-1 -1 -1 -1000 -1000 -1000 -10 -0.851018
Pedestrian -1 -1 -10 257 89 312 152-1 -1 -1 -1000 -1000 -1000 -10 -0.866514
Pedestrian -1 -1 -10 1205 29 1241 129-1 -1 -1 -1000 -1000 -1000 -10 -0.922227
Pedestrian -1 -1 -10 374 46 463 209-1 -1 -1 -1000 -1000 -1000 -10 -0.960002
Pedestrian -1 -1 -10 867 61 926 224-1 -1 -1 -1000 -1000 -1000 -10 -0.981525
Pedestrian -1 -1 -10 70 207 120 300-1 -1 -1 -1000 -1000 -1000 -10 -0.984324
Pedestrian -1 -1 -10 258 157 312 257-1 -1 -1 -1000 -1000 -1000 -10 -0.985583
Pedestrian -1 -1 -10 893 1 943 94-1 -1 -1 -1000 -1000 -1000 -10 -0.998066
