Pedestrian -1 -1 -10 882 31 971 194-1 -1 -1 -1000 -1000 -1000 -10 -0.654337
Pedestrian -1 -1 -10 810 19 864 119-1 -1 -1 -1000 -1000 -1000 -10 -0.740114
Pedestrian -1 -1 -10 768 1 845 143-1 -1 -1 -1000 -1000 -1000 -10 -0.759245
Pedestrian -1 -1 -10 161 129 192 216-1 -1 -1 -1000 -1000 -1000 -10 -0.901757
Pedestrian -1 -1 -10 391 57 474 209-1 -1 -1 -1000 -1000 -1000 -10 -0.915671
Pedestrian -1 -1 -10 341 122 425 218-1 -1 -1 -1000 -1000 -1000 -10 -0.933247
Pedestrian -1 -1 -10 1 1 60 164-1 -1 -1 -1000 -1000 -1000 -10 -0.944016
Pedestrian -1 -1 -10 1165 74 1237 206-1 -1 -1 -1000 -1000 -1000 -10 -0.953486
Pedestrian -1 -1 -10 316 60 394 276-1 -1 -1 -1000 -1000 -1000 -10 -0.956323
Pedestrian -1 -1 -10 1 1 97 267-1 -1 -1 -1000 -1000 -1000 -10 -0.983943
Pedestrian -1 -1 -10 231 111 294 184-1 -1 -1 -1000 -1000 -1000 -10 -0.995967
Pedestrian -1 -1 -10 507 164 566 232-1 -1 -1 -1000 -1000 -1000 -10 -0.999616
