Pedestrian -1 -1 -10 768 222 819 364-1 -1 -1 -1000 -1000 -1000 -10 -0.300553
Pedestrian -1 -1 -10 1168 111 1231 184-1 -1 -1 -1000 -1000 -1000 -10 -0.34065
Pedestrian -1 -1 -10 129 97 192 272-1 -1 -1 -1000 -1000 -1000 -10 -0.418365
Pedestrian -1 -1 -10 1219 155 1242 248-1 -1 -1 -1000 -1000 -1000 -10 -0.456372
Pedestrian -1 -1 -10 779 21 847 99-1 -1 -1 -1000 -1000 -1000 -10 -0.511517
Pedestrian -1 -1 -10 1098 114 1142 237-1 -1 -1 -1000 -1000 -1000 -10 -0.594695
Pedestrian -1 -1 -10 301 61 351 154-1 -1 -1 -1000 -1000 -1000 -10 -0.595655
Pedestrian -1 -1 -10 1 1 37 101-1 -1 -1 -1000 -1000 -1000 -10 -0.617508
Pedestrian -1 -1 -10 1 64 84 295-1 -1 -1 -1000 -1000 -1000 -10 -0.649205
Pedestrian -1 -1 -10 462 37 546 133-1 -1 -1 -1000 -1000 -1000 -10 -0.708049
Pedestrian -1 -1 -10 666 96 707 211-1 -1 -1 -1000 -1000 -1000 -10 -0.747885
Pedestrian -1 -1 -10 1184 105 1235 247-1 -1 -1 -1000 -1000 -1000 -10 -0.770967
Pedestrian -1 -1 -10 1193 297 1240 375-1 -1 -1 -1000 -1000 -1000 -10 -0.862468
Pedestrian -1 -1 -10 710 218 847 375-1 -1 -1 -1000 -1000 -1000 -10 -0.876443
Pedestrian -1 -1 -10 1153 9 1208 72-1 -1 -1 -1000 -1000 -1000 -10 -0.901098
Pedestrian -1 -1 -10 1032 85 1087 237-1 -1 -1 -1000 -1000 -1000 -10 -0.903449
Pedestrian -1 -1 -10 1114 139 1172 246-1 -1 -1 -1000 -1000 -1000 -10 -0.915121
Pedestrian -1 -1 -10 603 75 665 190-1 -1 -1 -1000 -1000 -1000 -10 -0.918299
Pedestrian -1 -1 -10 569 145 600 232-1 -1 -1 -1000 -1000 -1000 -10 -0.952921
Pedestrian -1 -1 -10 1003 139 1057 239-1 -1 -1 -1000 -1000 -1000 -10 -0.956979
Pedestrian -1 -1 -10 1141 275 1191 368-1 -1 -1 -1000 -1000 -1000 -10 -0.972705
Pedestrian -1 -1 -10 801 98 970 291-1 -1 -1 -1000 -1000 -1000 -10 -0.992875
Pedestrian -1 -1 -10 892 1 1002 306-1 -1 -1 -1000 -1000 -1000 -10 -0.999972
