Pedestrian -1 -1 -10 476 85 517 200-1 -1 -1 -1000 -1000 -1000 -10 -0.48427
Pedestrian -1 -1 -10 138 35 206 223-1 -1 -1 -1000 -1000 -1000 -10 -0.544883
Pedestrian -1 -1 -10 210 91 269 254-1 -1 -1 -1000 -1000 -1000 -10 -0.565514
Pedestrian -1 -1 -10 377 43 460 195-1 -1 -1 -1000 -1000 -1000 -10 -0.800207
Pedestrian -1 -1 -10 569 97 600 184-1 -1 -1 -1000 -1000 -1000 -10 -0.823664
Pedestrian -1 -1 -10 442 80 509 203-1 -1 -1 -1000 -1000 -1000 -10 -0.85718
Pedestrian -1 -1 -10 865 33 912 120-1 -1 -1 -1000 -1000 -1000 -10 -0.883493
Pedestrian -1 -1 -10 545 113 592 200-1 -1 -1 -1000 -1000 -1000 -10 -0.902331
Pedestrian -1 -1 -10 321 33 416 208-1 -1 -1 -1000 -1000 -1000 -10 -0.973251
Pedestrian -1 -1 -10 273 69 317 192-1 -1 -1 -1000 -1000 -1000 -10 -0.97827
Pedestrian -1 -1 -10 772 33 845 116-1 -1 -1 -1000 -1000 -1000 -10 -0.978987
Pedestrian -1 -1 -10 857 313 912 375-1 -1 -1 -1000 -1000 -1000 -10 -0.985761
