Pedestrian -1 -1 -10 986 40 1024 147-1 -1 -1 -1000 -1000 -1000 -10 0.0421057
Pedestrian -1 -1 -10 327 1 360 94-1 -1 -1 -1000 -1000 -1000 -10 -0.171094
Pedestrian -1 -1 -10 661 87 694 180-1 -1 -1 -1000 -1000 -1000 -10 -0.363623
Pedestrian -1 -1 -10 987 87 1037 180-1 -1 -1 -1000 -1000 -1000 -10 -0.433976
Pedestrian -1 -1 -10 704 50 752 182-1 -1 -1 -1000 -1000 -1000 -10 -0.583309
Pedestrian -1 -1 -10 250 87 283 180-1 -1 -1 -1000 -1000 -1000 -10 -0.647313
Pedestrian -1 -1 -10 332 1 386 101-1 -1 -1 -1000 -1000 -1000 -10 -0.650533
Pedestrian -1 -1 -10 153 57 200 144-1 -1 -1 -1000 -1000 -1000 -10 -0.71554
Pedestrian -1 -1 -10 852 1 911 164-1 -1 -1 -1000 -1000 -1000 -10 -0.785782
Pedestrian -1 -1 -10 122 62 206 158-1 -1 -1 -1000 -1000 -1000 -10 -0.793776
Pedestrian -1 -1 -10 976 43 1031 195-1 -1 -1 -1000 -1000 -1000 -10 -0.833724
Pedestrian -1 -1 -10 1008 148 1052 271-1 -1 -1 -1000 -1000 -1000 -10 -0.852791
Pedestrian -1 -1 -10 447 78 506 146-1 -1 -1 -1000 -1000 -1000 -10 -0.88457
Pedestrian -1 -1 -10 181 147 240 215-1 -1 -1 -1000 -1000 -1000 -10 -0.945135
Pedestrian -1 -1 -10 99 71 182 223-1 -1 -1 -1000 -1000 -1000 -10 -0.963765
