Pedestrian -1 -1 -10 1087 92 1131 215-1 -1 -1 -1000 -1000 -1000 -10 -0.54982
Pedestrian -1 -1 -10 1057 1 1184 352-1 -1 -1 -1000 -1000 -1000 -10 -0.594422
Pedestrian -1 -1 -10 297 75 338 190-1 -1 -1 -1000 -1000 -1000 -10 -0.654224
Pedestrian -1 -1 -10 1021 166 1075 266-1 -1 -1 -1000 -1000 -1000 -10 -0.751708
Pedestrian -1 -1 -10 1159 75 1232 276-1 -1 -1 -1000 -1000 -1000 -10 -0.802918
Pedestrian -1 -1 -10 795 196 892 306-1 -1 -1 -1000 -1000 -1000 -10 -0.846157
Pedestrian -1 -1 -10 296 119 354 226-1 -1 -1 -1000 -1000 -1000 -10 -0.877863
Pedestrian -1 -1 -10 1 150 60 313-1 -1 -1 -1000 -1000 -1000 -10 -0.882803
Pedestrian -1 -1 -10 601 121 651 214-1 -1 -1 -1000 -1000 -1000 -10 -0.885153
Pedestrian -1 -1 -10 1 1 79 217-1 -1 -1 -1000 -1000 -1000 -10 -0.885732
Pedestrian -1 -1 -10 1002 144 1092 247-1 -1 -1 -1000 -1000 -1000 -10 -0.96704
Pedestrian -1 -1 -10 464 70 514 163-1 -1 -1 -1000 -1000 -1000 -10 -0.975101
Pedestrian -1 -1 -10 104 112 154 205-1 -1 -1 -1000 -1000 -1000 -10 -0.994005
