Pedestrian -1 -1 -10 1176 87 1209 180-1 -1 -1 -1000 -1000 -1000 -10 -0.592649
Pedestrian -1 -1 -10 613 76 716 194-1 -1 -1 -1000 -1000 -1000 -10 -0.609749
Pedestrian -1 -1 -10 747 95 780 188-1 -1 -1 -1000 -1000 -1000 -10 -0.644768
Pedestrian -1 -1 -10 1067 1 1140 202-1 -1 -1 -1000 -1000 -1000 -10 -0.659536
Pedestrian -1 -1 -10 258 112 291 205-1 -1 -1 -1000 -1000 -1000 -10 -0.67722
Pedestrian -1 -1 -10 1165 46 1224 209-1 -1 -1 -1000 -1000 -1000 -10 -0.732606
Pedestrian -1 -1 -10 927 70 977 163-1 -1 -1 -1000 -1000 -1000 -10 -0.768756
Pedestrian -1 -1 -10 953 41 1000 128-1 -1 -1 -1000 -1000 -1000 -10 -0.841732
Pedestrian -1 -1 -10 188 80 226 187-1 -1 -1 -1000 -1000 -1000 -10 -0.85733
Pedestrian -1 -1 -10 941 31 1030 194-1 -1 -1 -1000 -1000 -1000 -10 -0.918438
Pedestrian -1 -1 -10 748 69 815 192-1 -1 -1 -1000 -1000 -1000 -10 -0.928309
Pedestrian -1 -1 -10 550 138 789 370-1 -1 -1 -1000 -1000 -1000 -10 -0.941844
Pedestrian -1 -1 -10 286 85 359 168-1 -1 -1 -1000 -1000 -1000 -10 -0.977301
Pedestrian -1 -1 -10 906 1 950 124-1 -1 -1 -1000 -1000 -1000 -10 -0.983419
Pedestrian -1 -1 -10 130 93 166 193-1 -1 -1 -1000 -1000 -1000 -10 -0.989502
Pedestrian -1 -1 -10 898 50 982 146-1 -1 -1 -1000 -1000 -1000 -10 -0.999248
