Pedestrian -1 -1 -10 745 166 781 266-1 -1 -1 -1000 -1000 -1000 -10 -0.185398
Pedestrian -1 -1 -10 1210 91 1242 254-1 -1 -1 -1000 -1000 -1000 -10 -0.325777
Pedestrian -1 -1 -10 644 70 694 163-1 -1 -1 -1000 -1000 -1000 -10 -0.463281
Pedestrian -1 -1 -10 1143 1 1242 306-1 -1 -1 -1000 -1000 -1000 -10 -0.468513
Pedestrian -1 -1 -10 824 128 886 243-1 -1 -1 -1000 -1000 -1000 -10 -0.533248
Pedestrian -1 -1 -10 881 105 912 192-1 -1 -1 -1000 -1000 -1000 -10 -0.55593
Pedestrian -1 -1 -10 867 155 917 248-1 -1 -1 -1000 -1000 -1000 -10 -0.562145
Pedestrian -1 -1 -10 268 74 316 206-1 -1 -1 -1000 -1000 -1000 -10 -0.600299
Pedestrian -1 -1 -10 986 149 1044 256-1 -1 -1 -1000 -1000 -1000 -10 -0.640093
Pedestrian -1 -1 -10 1223 261 1242 375-1 -1 -1 -1000 -1000 -1000 -10 -0.791182
Pedestrian -1 -1 -10 1025 212 1066 327-1 -1 -1 -1000 -1000 -1000 -10 -0.808995
Pedestrian -1 -1 -10 934 43 989 195-1 -1 -1 -1000 -1000 -1000 -10 -0.828097
Pedestrian -1 -1 -10 745 84 781 184-1 -1 -1 -1000 -1000 -1000 -10 -0.836463
Pedestrian -1 -1 -10 1002 131 1079 273-1 -1 -1 -1000 -1000 -1000 -10 -0.863414
Pedestrian -1 -1 -10 886 74 958 206-1 -1 -1 -1000 -1000 -1000 -10 -0.879825
Pedestrian -1 -1 -10 1099 54 1161 169-1 -1 -1 -1000 -1000 -1000 -10 -0.905866
Pedestrian -1 -1 -10 997 114 1087 362-1 -1 -1 -1000 -1000 -1000 -10 -0.908781
Pedestrian -1 -1 -10 678 138 728 231-1 -1 -1 -1000 -1000 -1000 -10 -0.922087
Pedestrian -1 -1 -10 862 62 910 194-1 -1 -1 -1000 -1000 -1000 -10 -0.930856
Pedestrian -1 -1 -10 986 61 1194 299-1 -1 -1 -1000 -1000 -1000 -10 -0.942489
Pedestrian -1 -1 -10 713 65 744 152-1 -1 -1 -1000 -1000 -1000 -10 -0.94453
Pedestrian -1 -1 -10 691 58 758 181-1 -1 -1 -1000 -1000 -1000 -10 -0.966583
Pedestrian -1 -1 -10 824 107 907 338-1 -1 -1 -1000 -1000 -1000 -10 -0.971623
Pedestrian -1 -1 -10 601 105 656 168-1 -1 -1 -1000 -1000 -1000 -10 -0.979043
