Pedestrian -1 -1 -10 1110 137 1200 375-1 -1 -1 -1000 -1000 -1000 -10 1.53487
Pedestrian -1 -1 -10 360 180 401 295-1 -1 -1 -1000 -1000 -1000 -10 1.20557
Pedestrian -1 -1 -10 46 159 181 375-1 -1 -1 -1000 -1000 -1000 -10 0.75892
Pedestrian -1 -1 -10 1039 277 1075 375-1 -1 -1 -1000 -1000 -1000 -10 0.0754113
Pedestrian -1 -1 -10 344 150 403 313-1 -1 -1 -1000 -1000 -1000 -10 -0.0219564
Pedestrian -1 -1 -10 487 125 531 248-1 -1 -1 -1000 -1000 -1000 -10 -0.454972
Pedestrian -1 -1 -10 273 257 320 344-1 -1 -1 -1000 -1000 -1000 -10 -0.53254
Pedestrian -1 -1 -10 225 225 314 375-1 -1 -1 -1000 -1000 -1000 -10 -0.567839
Pedestrian -1 -1 -10 764 29 800 129-1 -1 -1 -1000 -1000 -1000 -10 -0.597279
Pedestrian -1 -1 -10 145 209 256 336-1 -1 -1 -1000 -1000 -1000 -10 -0.763713
Pedestrian -1 -1 -10 1 149 42 264-1 -1 -1 -1000 -1000 -1000 -10 -0.786494
Pedestrian -1 -1 -10 499 80 566 203-1 -1 -1 -1000 -1000 -1000 -10 -0.799059
Pedestrian -1 -1 -10 940 137 984 260-1 -1 -1 -1000 -1000 -1000 -10 -0.839167
Pedestrian -1 -1 -10 455 75 517 190-1 -1 -1 -1000 -1000 -1000 -10 -0.847486
Pedestrian -1 -1 -10 1087 69 1222 317-1 -1 -1 -1000 -1000 -1000 -10 -0.88188
Pedestrian -1 -1 -10 985 153 1016 240-1 -1 -1 -1000 -1000 -1000 -10 -0.889619
Pedestrian -1 -1 -10 1 104 240 375-1 -1 -1 -1000 -1000 -1000 -10 -0.891532
Pedestrian -1 -1 -10 438 130 471 223-1 -1 -1 -1000 -1000 -1000 -10 -0.951585
