Pedestrian -1 -1 -10 940 1 1007 124-1 -1 -1 -1000 -1000 -1000 -10 -0.311563
Pedestrian -1 -1 -10 1186 203 1238 276-1 -1 -1 -1000 -1000 -1000 -10 -0.576994
Pedestrian -1 -1 -10 906 24 950 147-1 -1 -1 -1000 -1000 -1000 -10 -0.62511
Pedestrian -1 -1 -10 626 19 662 119-1 -1 -1 -1000 -1000 -1000 -10 -0.653817
Pedestrian -1 -1 -10 560 85 601 200-1 -1 -1 -1000 -1000 -1000 -10 -0.672319
Pedestrian -1 -1 -10 718 38 791 239-1 -1 -1 -1000 -1000 -1000 -10 -0.705355
Pedestrian -1 -1 -10 850 147 898 279-1 -1 -1 -1000 -1000 -1000 -10 -0.736922
Pedestrian -1 -1 -10 401 81 432 168-1 -1 -1 -1000 -1000 -1000 -10 -0.756726
Pedestrian -1 -1 -10 687 44 737 137-1 -1 -1 -1000 -1000 -1000 -10 -0.798978
Pedestrian -1 -1 -10 961 1 1088 352-1 -1 -1 -1000 -1000 -1000 -10 -0.838778
Pedestrian -1 -1 -10 1225 153 1238 240-1 -1 -1 -1000 -1000 -1000 -10 -0.838858
Pedestrian -1 -1 -10 624 180 686 295-1 -1 -1 -1000 -1000 -1000 -10 -0.873085
Pedestrian -1 -1 -10 586 140 752 374-1 -1 -1 -1000 -1000 -1000 -10 -0.92092
Pedestrian -1 -1 -10 505 89 552 176-1 -1 -1 -1000 -1000 -1000 -10 -0.946005
Pedestrian -1 -1 -10 1185 112 1238 264-1 -1 -1 -1000 -1000 -1000 -10 -0.971109
Pedestrian -1 -1 -10 858 1 917 69-1 -1 -1 -1000 -1000 -1000 -10 -0.976082
Pedestrian -1 -1 -10 868 1 1005 158-1 -1 -1 -1000 -1000 -1000 -10 -0.991742
