Pedestrian -1 -1 -10 359 165 418 328-1 -1 -1 -1000 -1000 -1000 -10 2.03738
Pedestrian -1 -1 -10 580 267 634 367-1 -1 -1 -1000 -1000 -1000 -10 -0.361222
Pedestrian -1 -1 -10 1 87 34 180-1 -1 -1 -1000 -1000 -1000 -10 -0.646027
Pedestrian -1 -1 -10 761 153 792 240-1 -1 -1 -1000 -1000 -1000 -10 -0.665788
Pedestrian -1 -1 -10 1122 139 1185 212-1 -1 -1 -1000 -1000 -1000 -10 -0.701382
Pedestrian -1 -1 -10 897 193 928 280-1 -1 -1 -1000 -1000 -1000 -10 -0.729598
Pedestrian -1 -1 -10 850 130 883 223-1 -1 -1 -1000 -1000 -1000 -10 -0.740862
Pedestrian -1 -1 -10 543 267 601 370-1 -1 -1 -1000 -1000 -1000 -10 -0.751638
Pedestrian -1 -1 -10 417 161 472 224-1 -1 -1 -1000 -1000 -1000 -10 -0.75608
Pedestrian -1 -1 -10 753 85 808 237-1 -1 -1 -1000 -1000 -1000 -10 -0.759341
Pedestrian -1 -1 -10 702 103 746 226-1 -1 -1 -1000 -1000 -1000 -10 -0.77529
Pedestrian -1 -1 -10 60 70 128 148-1 -1 -1 -1000 -1000 -1000 -10 -0.79925
Pedestrian -1 -1 -10 273 114 430 294-1 -1 -1 -1000 -1000 -1000 -10 -0.820441
Pedestrian -1 -1 -10 1073 161 1128 224-1 -1 -1 -1000 -1000 -1000 -10 -0.864807
Pedestrian -1 -1 -10 678 172 728 265-1 -1 -1 -1000 -1000 -1000 -10 -0.870618
Pedestrian -1 -1 -10 487 297 560 370-1 -1 -1 -1000 -1000 -1000 -10 -0.870957
Pedestrian -1 -1 -10 470 1 524 101-1 -1 -1 -1000 -1000 -1000 -10 -0.900622
Pedestrian -1 -1 -10 799 80 857 187-1 -1 -1 -1000 -1000 -1000 -10 -0.916032
Pedestrian -1 -1 -10 768 105 845 247-1 -1 -1 -1000 -1000 -1000 -10 -0.931609
Pedestrian -1 -1 -10 1049 166 1103 266-1 -1 -1 -1000 -1000 -1000 -10 -0.953177
Pedestrian -1 -1 -10 465 193 543 283-1 -1 -1 -1000 -1000 -1000 -10 -0.97569
