Pedestrian -1 -1 -10 697 85 752 237-1 -1 -1 -1000 -1000 -1000 -10 -0.234076
Pedestrian -1 -1 -10 777 145 832 208-1 -1 -1 -1000 -1000 -1000 -10 -0.609119
Pedestrian -1 -1 -10 1133 181 1166 274-1 -1 -1 -1000 -1000 -1000 -10 -0.617309
Pedestrian -1 -1 -10 498 1 546 133-1 -1 -1 -1000 -1000 -1000 -10 -0.749287
Pedestrian -1 -1 -10 1141 86 1189 218-1 -1 -1 -1000 -1000 -1000 -10 -0.759553
Pedestrian -1 -1 -10 249 10 312 83-1 -1 -1 -1000 -1000 -1000 -10 -0.767332
Pedestrian -1 -1 -10 1173 202 1242 285-1 -1 -1 -1000 -1000 -1000 -10 -0.78172
Pedestrian -1 -1 -10 773 130 882 331-1 -1 -1 -1000 -1000 -1000 -10 -0.818013
Pedestrian -1 -1 -10 144 157 234 260-1 -1 -1 -1000 -1000 -1000 -10 -0.899332
Pedestrian -1 -1 -10 216 12 283 135-1 -1 -1 -1000 -1000 -1000 -10 -0.916768
Pedestrian -1 -1 -10 658 1 717 164-1 -1 -1 -1000 -1000 -1000 -10 -0.930604
Pedestrian -1 -1 -10 185 233 240 296-1 -1 -1 -1000 -1000 -1000 -10 -0.94019
Pedestrian -1 -1 -10 238 1 321 153-1 -1 -1 -1000 -1000 -1000 -10 -0.986488
Pedestrian -1 -1 -10 1109 180 1182 263-1 -1 -1 -1000 -1000 -1000 -10 -0.994184
