Pedestrian -1 -1 -10 225 153 256 240-1 -1 -1 -1000 -1000 -1000 -10 2.98844
Pedestrian -1 -1 -10 327 155 360 248-1 -1 -1 -1000 -1000 -1000 -10 1.2374
Pedestrian -1 -1 -10 265 153 296 240-1 -1 -1 -1000 -1000 -1000 -10 0.672935
Pedestrian -1 -1 -10 1032 168 1087 320-1 -1 -1 -1000 -1000 -1000 -10 0.475133
Pedestrian -1 -1 -10 378 155 411 248-1 -1 -1 -1000 -1000 -1000 -10 0.106962
Pedestrian -1 -1 -10 641 161 672 248-1 -1 -1 -1000 -1000 -1000 -10 -0.147204
Pedestrian -1 -1 -10 1004 149 1066 264-1 -1 -1 -1000 -1000 -1000 -10 -0.157491
Pedestrian -1 -1 -10 592 43 675 274-1 -1 -1 -1000 -1000 -1000 -10 -0.166399
Pedestrian -1 -1 -10 986 105 1075 268-1 -1 -1 -1000 -1000 -1000 -10 -0.550453
Pedestrian -1 -1 -10 505 105 552 192-1 -1 -1 -1000 -1000 -1000 -10 -0.584042
Pedestrian -1 -1 -10 365 92 416 234-1 -1 -1 -1000 -1000 -1000 -10 -0.699098
Pedestrian -1 -1 -10 972 107 1098 338-1 -1 -1 -1000 -1000 -1000 -10 -0.709894
Pedestrian -1 -1 -10 216 114 260 237-1 -1 -1 -1000 -1000 -1000 -10 -0.737854
Pedestrian -1 -1 -10 529 1 640 128-1 -1 -1 -1000 -1000 -1000 -10 -0.769517
Pedestrian -1 -1 -10 1076 1 1120 124-1 -1 -1 -1000 -1000 -1000 -10 -0.788177
Pedestrian -1 -1 -10 297 145 344 232-1 -1 -1 -1000 -1000 -1000 -10 -0.856877
Pedestrian -1 -1 -10 670 1 789 137-1 -1 -1 -1000 -1000 -1000 -10 -0.88424
Pedestrian -1 -1 -10 1163 99 1224 177-1 -1 -1 -1000 -1000 -1000 -10 -0.885104
Pedestrian -1 -1 -10 656 1 752 267-1 -1 -1 -1000 -1000 -1000 -10 -0.886048
Pedestrian -1 -1 -10 261 144 351 247-1 -1 -1 -1000 -1000 -1000 -10 -0.889605
Pedestrian -1 -1 -10 865 71 920 223-1 -1 -1 -1000 -1000 -1000 -10 -0.976013
Pedestrian -1 -1 -10 294 99 377 251-1 -1 -1 -1000 -1000 -1000 -10 -0.978837
Pedestrian -1 -1 -10 1137 81 1184 168-1 -1 -1 -1000 -1000 -1000 -10 -0.993644
