Pedestrian -1 -1 -10 424 93 460 193-1 -1 -1 -1000 -1000 -1000 -10 -0.407313
Pedestrian -1 -1 -10 164 130 197 223-1 -1 -1 -1000 -1000 -1000 -10 -0.467596
Pedestrian -1 -1 -10 337 33 368 120-1 -1 -1 -1000 -1000 -1000 -10 -0.482094
Pedestrian -1 -1 -10 795 99 850 251-1 -1 -1 -1000 -1000 -1000 -10 -0.618973
Pedestrian -1 -1 -10 280 57 363 209-1 -1 -1 -1000 -1000 -1000 -10 -0.620052
Pedestrian -1 -1 -10 644 110 716 242-1 -1 -1 -1000 -1000 -1000 -10 -0.653647
Pedestrian -1 -1 -10 985 121 1032 208-1 -1 -1 -1000 -1000 -1000 -10 -0.690262
Pedestrian -1 -1 -10 190 27 240 120-1 -1 -1 -1000 -1000 -1000 -10 -0.805664
Pedestrian -1 -1 -10 740 159 808 237-1 -1 -1 -1000 -1000 -1000 -10 -0.816197
Pedestrian -1 -1 -10 827 69 871 192-1 -1 -1 -1000 -1000 -1000 -10 -0.907754
Pedestrian -1 -1 -10 191 22 338 190-1 -1 -1 -1000 -1000 -1000 -10 -0.925575
Pedestrian -1 -1 -10 935 74 1007 206-1 -1 -1 -1000 -1000 -1000 -10 -0.955561
Pedestrian -1 -1 -10 609 113 704 288-1 -1 -1 -1000 -1000 -1000 -10 -0.973617
Pedestrian -1 -1 -10 671 21 749 237-1 -1 -1 -1000 -1000 -1000 -10 -0.977745
