Pedestrian -1 -1 -10 953 104 1003 197-1 -1 -1 -1000 -1000 -1000 -10 -0.422369
Pedestrian -1 -1 -10 661 61 720 129-1 -1 -1 -1000 -1000 -1000 -10 -0.497275
Pedestrian -1 -1 -10 655 64 696 179-1 -1 -1 -1000 -1000 -1000 -10 -0.50429
Pedestrian -1 -1 -10 634 85 929 375-1 -1 -1 -1000 -1000 -1000 -10 -0.839803
Pedestrian -1 -1 -10 956 1 1074 328-1 -1 -1 -1000 -1000 -1000 -10 -0.860092
Pedestrian -1 -1 -10 779 1 817 108-1 -1 -1 -1000 -1000 -1000 -10 -0.879307
Pedestrian -1 -1 -10 50 1 146 267-1 -1 -1 -1000 -1000 -1000 -10 -0.903279
Pedestrian -1 -1 -10 838 1 886 133-1 -1 -1 -1000 -1000 -1000 -10 -0.948316
Pedestrian -1 -1 -10 1104 120 1167 193-1 -1 -1 -1000 -1000 -1000 -10 -0.955245
Pedestrian -1 -1 -10 782 1 849 124-1 -1 -1 -1000 -1000 -1000 -10 -0.965014
Pedestrian -1 -1 -10 1161 129 1208 216-1 -1 -1 -1000 -1000 -1000 -10 -0.990597
