Pedestrian -1 -1 -10 1 225 90 376-1 -1 -1 -1000 -1000 -1000 -10 -0.105126
Pedestrian -1 -1 -10 104 138 154 231-1 -1 -1 -1000 -1000 -1000 -10 -0.317528
Pedestrian -1 -1 -10 191 107 232 222-1 -1 -1 -1000 -1000 -1000 -10 -0.423597
Pedestrian -1 -1 -10 166 148 202 248-1 -1 -1 -1000 -1000 -1000 -10 -0.454161
Pedestrian -1 -1 -10 159 64 221 179-1 -1 -1 -1000 -1000 -1000 -10 -0.468515
Pedestrian -1 -1 -10 144 92 195 234-1 -1 -1 -1000 -1000 -1000 -10 -0.700129
Pedestrian -1 -1 -10 1210 70 1241 163-1 -1 -1 -1000 -1000 -1000 -10 -0.765606
Pedestrian -1 -1 -10 154 140 209 292-1 -1 -1 -1000 -1000 -1000 -10 -0.851761
Pedestrian -1 -1 -10 353 257 384 344-1 -1 -1 -1000 -1000 -1000 -10 -0.853106
Pedestrian -1 -1 -10 360 191 401 306-1 -1 -1 -1000 -1000 -1000 -10 -0.863723
Pedestrian -1 -1 -10 223 307 296 376-1 -1 -1 -1000 -1000 -1000 -10 -0.889838
Pedestrian -1 -1 -10 180 1 298 328-1 -1 -1 -1000 -1000 -1000 -10 -0.900188
Pedestrian -1 -1 -10 145 297 192 376-1 -1 -1 -1000 -1000 -1000 -10 -0.929602
Pedestrian -1 -1 -10 285 240 388 358-1 -1 -1 -1000 -1000 -1000 -10 -0.960559
Pedestrian -1 -1 -10 1122 102 1176 202-1 -1 -1 -1000 -1000 -1000 -10 -0.972792
Pedestrian -1 -1 -10 730 306 798 376-1 -1 -1 -1000 -1000 -1000 -10 -0.983719
