Pedestrian -1 -1 -10 737 153 768 240-1 -1 -1 -1000 -1000 -1000 -10 -0.657446
Pedestrian -1 -1 -10 1 87 51 180-1 -1 -1 -1000 -1000 -1000 -10 -0.746486
Pedestrian -1 -1 -10 919 233 981 348-1 -1 -1 -1000 -1000 -1000 -10 -0.791359
Pedestrian -1 -1 -10 661 119 729 197-1 -1 -1 -1000 -1000 -1000 -10 -0.798945
Pedestrian -1 -1 -10 417 118 507 221-1 -1 -1 -1000 -1000 -1000 -10 -0.875389
Pedestrian -1 -1 -10 803 64 844 179-1 -1 -1 -1000 -1000 -1000 -10 -0.92027
Pedestrian -1 -1 -10 877 275 939 375-1 -1 -1 -1000 -1000 -1000 -10 -0.933906
Pedestrian -1 -1 -10 1 1 91 249-1 -1 -1 -1000 -1000 -1000 -10 -0.94674
Pedestrian -1 -1 -10 785 153 840 216-1 -1 -1 -1000 -1000 -1000 -10 -0.966368
Pedestrian -1 -1 -10 537 137 568 224-1 -1 -1 -1000 -1000 -1000 -10 -0.973474
Pedestrian -1 -1 -10 558 138 591 231-1 -1 -1 -1000 -1000 -1000 -10 -0.985474
