Pedestrian -1 -1 -10 801 74 849 206-1 -1 -1 -1000 -1000 -1000 -10 -0.219881
Pedestrian -1 -1 -10 835 75 876 190-1 -1 -1 -1000 -1000 -1000 -10 -0.234144
Pedestrian -1 -1 -10 442 58 486 181-1 -1 -1 -1000 -1000 -1000 -10 -0.278519
Pedestrian -1 -1 -10 474 98 522 230-1 -1 -1 -1000 -1000 -1000 -10 -0.352825
Pedestrian -1 -1 -10 454 159 492 266-1 -1 -1 -1000 -1000 -1000 -10 -0.412491
Pedestrian -1 -1 -10 947 60 985 167-1 -1 -1 -1000 -1000 -1000 -10 -0.465672
Pedestrian -1 -1 -10 434 12 475 127-1 -1 -1 -1000 -1000 -1000 -10 -0.477622
Pedestrian -1 -1 -10 476 46 633 226-1 -1 -1 -1000 -1000 -1000 -10 -0.617089
Pedestrian -1 -1 -10 1 103 45 226-1 -1 -1 -1000 -1000 -1000 -10 -0.675789
Pedestrian -1 -1 -10 219 1 315 267-1 -1 -1 -1000 -1000 -1000 -10 -0.701155
Pedestrian -1 -1 -10 1 1 223 375-1 -1 -1 -1000 -1000 -1000 -10 -0.767258
Pedestrian -1 -1 -10 434 149 502 227-1 -1 -1 -1000 -1000 -1000 -10 -0.826723
Pedestrian -1 -1 -10 1031 31 1090 194-1 -1 -1 -1000 -1000 -1000 -10 -0.850001
Pedestrian -1 -1 -10 858 1 1097 274-1 -1 -1 -1000 -1000 -1000 -10 -0.886388
Pedestrian -1 -1 -10 447 154 502 306-1 -1 -1 -1000 -1000 -1000 -10 -0.923019
Pedestrian -1 -1 -10 568 1 776 239-1 -1 -1 -1000 -1000 -1000 -10 -0.94083
Pedestrian -1 -1 -10 816 12 860 135-1 -1 -1 -1000 -1000 -1000 -10 -0.973295
Pedestrian -1 -1 -10 769 17 800 104-1 -1 -1 -1000 -1000 -1000 -10 -0.990091
