Pedestrian -1 -1 -10 626 93 662 193-1 -1 -1 -1000 -1000 -1000 -10 -0.300926
Pedestrian -1 -1 -10 705 169 736 256-1 -1 -1 -1000 -1000 -1000 -10 -0.506521
Pedestrian -1 -1 -10 867 61 1045 375-1 -1 -1 -1000 -1000 -1000 -10 -0.563117
Pedestrian -1 -1 -10 1 31 60 194-1 -1 -1 -1000 -1000 -1000 -10 -0.58848
Pedestrian -1 -1 -10 653 65 689 165-1 -1 -1 -1000 -1000 -1000 -10 -0.634057
Pedestrian -1 -1 -10 825 193 880 256-1 -1 -1 -1000 -1000 -1000 -10 -0.694479
Pedestrian -1 -1 -10 1145 1 1242 286-1 -1 -1 -1000 -1000 -1000 -10 -0.767517
Pedestrian -1 -1 -10 764 166 818 266-1 -1 -1 -1000 -1000 -1000 -10 -0.827923
Pedestrian -1 -1 -10 819 84 855 184-1 -1 -1 -1000 -1000 -1000 -10 -0.832648
Pedestrian -1 -1 -10 721 87 780 155-1 -1 -1 -1000 -1000 -1000 -10 -0.903594
Pedestrian -1 -1 -10 170 1 247 143-1 -1 -1 -1000 -1000 -1000 -10 -0.944577
