Pedestrian -1 -1 -10 460 157 496 257-1 -1 -1 -1000 -1000 -1000 -10 -0.228087
Pedestrian -1 -1 -10 33 65 80 152-1 -1 -1 -1000 -1000 -1000 -10 -0.704171
Pedestrian -1 -1 -10 1065 81 1112 168-1 -1 -1 -1000 -1000 -1000 -10 -0.782127
Pedestrian -1 -1 -10 807 318 866 375-1 -1 -1 -1000 -1000 -1000 -10 -0.810746
Pedestrian -1 -1 -10 73 49 120 136-1 -1 -1 -1000 -1000 -1000 -10 -0.824771
Pedestrian -1 -1 -10 1205 10 1241 110-1 -1 -1 -1000 -1000 -1000 -10 -0.841987
Pedestrian -1 -1 -10 665 297 712 375-1 -1 -1 -1000 -1000 -1000 -10 -0.844755
Pedestrian -1 -1 -10 1 95 60 163-1 -1 -1 -1000 -1000 -1000 -10 -0.943035
Pedestrian -1 -1 -10 420 114 464 237-1 -1 -1 -1000 -1000 -1000 -10 -0.981508
Pedestrian -1 -1 -10 129 119 187 226-1 -1 -1 -1000 -1000 -1000 -10 -0.981625
Pedestrian -1 -1 -10 105 248 182 375-1 -1 -1 -1000 -1000 -1000 -10 -0.998113
