Pedestrian -1 -1 -10 1001 161 1032 248-1 -1 -1 -1000 -1000 -1000 -10 1.80815
Pedestrian -1 -1 -10 1193 10 1226 103-1 -1 -1 -1000 -1000 -1000 -10 0.352749
Pedestrian -1 -1 -10 1129 1 1177 133-1 -1 -1 -1000 -1000 -1000 -10 -0.493929
Pedestrian -1 -1 -10 273 129 304 216-1 -1 -1 -1000 -1000 -1000 -10 -0.562804
Pedestrian -1 -1 -10 25 49 80 112-1 -1 -1 -1000 -1000 -1000 -10 -0.589468
Pedestrian -1 -1 -10 277 120 331 220-1 -1 -1 -1000 -1000 -1000 -10 -0.620521
Pedestrian -1 -1 -10 987 130 1037 223-1 -1 -1 -1000 -1000 -1000 -10 -0.625199
Pedestrian -1 -1 -10 339 22 380 137-1 -1 -1 -1000 -1000 -1000 -10 -0.625309
Pedestrian -1 -1 -10 225 1 284 164-1 -1 -1 -1000 -1000 -1000 -10 -0.716299
Pedestrian -1 -1 -10 1214 1 1242 133-1 -1 -1 -1000 -1000 -1000 -10 -0.77761
Pedestrian -1 -1 -10 14 53 65 195-1 -1 -1 -1000 -1000 -1000 -10 -0.795812
Pedestrian -1 -1 -10 125 12 203 102-1 -1 -1 -1000 -1000 -1000 -10 -0.835097
Pedestrian -1 -1 -10 1 1 52 143-1 -1 -1 -1000 -1000 -1000 -10 -0.851891
Pedestrian -1 -1 -10 507 130 540 223-1 -1 -1 -1000 -1000 -1000 -10 -0.863441
Pedestrian -1 -1 -10 1185 1 1240 153-1 -1 -1 -1000 -1000 -1000 -10 -0.871773
Pedestrian -1 -1 -10 313 102 349 202-1 -1 -1 -1000 -1000 -1000 -10 -0.894852
Pedestrian -1 -1 -10 1099 107 1172 190-1 -1 -1 -1000 -1000 -1000 -10 -0.905227
Pedestrian -1 -1 -10 929 33 960 120-1 -1 -1 -1000 -1000 -1000 -10 -0.931802
Pedestrian -1 -1 -10 996 52 1115 188-1 -1 -1 -1000 -1000 -1000 -10 -0.966845
Pedestrian -1 -1 -10 326 66 377 208-1 -1 -1 -1000 -1000 -1000 -10 -0.980749
Pedestrian -1 -1 -10 194 130 230 230-1 -1 -1 -1000 -1000 -1000 -10 -0.985967
Pedestrian -1 -1 -10 1001 1 1032 88-1 -1 -1 -1000 -1000 -1000 -10 -0.998507
