Pedestrian -1 -1 -10 940 1 1002 116-1 -1 -1 -1000 -1000 -1000 -10 -0.488179
Pedestrian -1 -1 -10 545 81 576 168-1 -1 -1 -1000 -1000 -1000 -10 -0.540793
Pedestrian -1 -1 -10 1180 105 1238 268-1 -1 -1 -1000 -1000 -1000 -10 -0.607971
Pedestrian -1 -1 -10 1184 35 1238 103-1 -1 -1 -1000 -1000 -1000 -10 -0.73671
Pedestrian -1 -1 -10 948 1 1031 153-1 -1 -1 -1000 -1000 -1000 -10 -0.744094
Pedestrian -1 -1 -10 858 164 891 257-1 -1 -1 -1000 -1000 -1000 -10 -0.753044
Pedestrian -1 -1 -10 884 44 934 137-1 -1 -1 -1000 -1000 -1000 -10 -0.754456
Pedestrian -1 -1 -10 961 1 1097 374-1 -1 -1 -1000 -1000 -1000 -10 -0.841784
Pedestrian -1 -1 -10 401 81 432 168-1 -1 -1 -1000 -1000 -1000 -10 -0.855846
Pedestrian -1 -1 -10 718 38 791 239-1 -1 -1 -1000 -1000 -1000 -10 -0.860079
Pedestrian -1 -1 -10 850 147 898 279-1 -1 -1 -1000 -1000 -1000 -10 -0.862787
Pedestrian -1 -1 -10 906 24 950 147-1 -1 -1 -1000 -1000 -1000 -10 -0.866821
Pedestrian -1 -1 -10 1131 38 1194 111-1 -1 -1 -1000 -1000 -1000 -10 -0.899097
Pedestrian -1 -1 -10 569 81 600 168-1 -1 -1 -1000 -1000 -1000 -10 -0.902769
Pedestrian -1 -1 -10 1081 172 1140 240-1 -1 -1 -1000 -1000 -1000 -10 -0.91087
Pedestrian -1 -1 -10 681 1 749 79-1 -1 -1 -1000 -1000 -1000 -10 -0.932746
Pedestrian -1 -1 -10 626 19 662 119-1 -1 -1 -1000 -1000 -1000 -10 -0.979939
