Pedestrian -1 -1 -10 612 159 680 237-1 -1 -1 -1000 -1000 -1000 -10 -0.490158
Pedestrian -1 -1 -10 782 93 818 193-1 -1 -1 -1000 -1000 -1000 -10 -0.633517
Pedestrian -1 -1 -10 1 95 34 188-1 -1 -1 -1000 -1000 -1000 -10 -0.662046
Pedestrian -1 -1 -10 24 24 114 272-1 -1 -1 -1000 -1000 -1000 -10 -0.697555
Pedestrian -1 -1 -10 703 183 884 375-1 -1 -1 -1000 -1000 -1000 -10 -0.760756
Pedestrian -1 -1 -10 524 1 557 94-1 -1 -1 -1000 -1000 -1000 -10 -0.783283
Pedestrian -1 -1 -10 598 105 687 268-1 -1 -1 -1000 -1000 -1000 -10 -0.81063
Pedestrian -1 -1 -10 1205 286 1241 375-1 -1 -1 -1000 -1000 -1000 -10 -0.847597
Pedestrian -1 -1 -10 451 84 505 184-1 -1 -1 -1000 -1000 -1000 -10 -0.868271
Pedestrian -1 -1 -10 433 139 469 239-1 -1 -1 -1000 -1000 -1000 -10 -0.868313
Pedestrian -1 -1 -10 228 99 286 206-1 -1 -1 -1000 -1000 -1000 -10 -0.872213
Pedestrian -1 -1 -10 736 46 780 169-1 -1 -1 -1000 -1000 -1000 -10 -0.883135
Pedestrian -1 -1 -10 381 1 464 232-1 -1 -1 -1000 -1000 -1000 -10 -0.892096
Pedestrian -1 -1 -10 753 17 816 192-1 -1 -1 -1000 -1000 -1000 -10 -0.913713
Pedestrian -1 -1 -10 193 121 248 184-1 -1 -1 -1000 -1000 -1000 -10 -0.968179
Pedestrian -1 -1 -10 182 126 265 278-1 -1 -1 -1000 -1000 -1000 -10 -0.969179
Pedestrian -1 -1 -10 157 38 220 111-1 -1 -1 -1000 -1000 -1000 -10 -0.974193
Pedestrian -1 -1 -10 530 99 627 209-1 -1 -1 -1000 -1000 -1000 -10 -0.976998
Pedestrian -1 -1 -10 43 1 211 375-1 -1 -1 -1000 -1000 -1000 -10 -0.995145
Pedestrian -1 -1 -10 589 1 809 375-1 -1 -1 -1000 -1000 -1000 -10 -0.998868
