Pedestrian -1 -1 -10 813 62 861 194-1 -1 -1 -1000 -1000 -1000 -10 -0.104241
Pedestrian -1 -1 -10 713 177 744 264-1 -1 -1 -1000 -1000 -1000 -10 -0.141473
Pedestrian -1 -1 -10 387 93 423 193-1 -1 -1 -1000 -1000 -1000 -10 -0.502082
Pedestrian -1 -1 -10 553 137 608 200-1 -1 -1 -1000 -1000 -1000 -10 -0.539255
Pedestrian -1 -1 -10 837 120 926 283-1 -1 -1 -1000 -1000 -1000 -10 -0.542471
Pedestrian -1 -1 -10 691 80 735 203-1 -1 -1 -1000 -1000 -1000 -10 -0.694028
Pedestrian -1 -1 -10 447 57 502 209-1 -1 -1 -1000 -1000 -1000 -10 -0.725191
Pedestrian -1 -1 -10 25 1 121 267-1 -1 -1 -1000 -1000 -1000 -10 -0.740811
Pedestrian -1 -1 -10 1171 144 1222 286-1 -1 -1 -1000 -1000 -1000 -10 -0.755656
Pedestrian -1 -1 -10 558 1 947 375-1 -1 -1 -1000 -1000 -1000 -10 -0.784581
Pedestrian -1 -1 -10 113 1 144 88-1 -1 -1 -1000 -1000 -1000 -10 -0.798865
Pedestrian -1 -1 -10 340 182 407 305-1 -1 -1 -1000 -1000 -1000 -10 -0.821051
Pedestrian -1 -1 -10 183 183 273 286-1 -1 -1 -1000 -1000 -1000 -10 -0.826405
Pedestrian -1 -1 -10 356 99 394 206-1 -1 -1 -1000 -1000 -1000 -10 -0.853032
Pedestrian -1 -1 -10 956 31 1059 149-1 -1 -1 -1000 -1000 -1000 -10 -0.882572
Pedestrian -1 -1 -10 284 61 334 154-1 -1 -1 -1000 -1000 -1000 -10 -0.902358
Pedestrian -1 -1 -10 1097 89 1152 152-1 -1 -1 -1000 -1000 -1000 -10 -0.930125
Pedestrian -1 -1 -10 1 92 45 215-1 -1 -1 -1000 -1000 -1000 -10 -0.930287
Pedestrian -1 -1 -10 1214 38 1242 138-1 -1 -1 -1000 -1000 -1000 -10 -0.945244
Pedestrian -1 -1 -10 285 61 344 224-1 -1 -1 -1000 -1000 -1000 -10 -0.950447
Pedestrian -1 -1 -10 1 1 147 375-1 -1 -1 -1000 -1000 -1000 -10 -0.985807
