Pedestrian -1 -1 -10 583 62 655 194-1 -1 -1 -1000 -1000 -1000 -10 -0.077136
Pedestrian -1 -1 -10 912 61 971 224-1 -1 -1 -1000 -1000 -1000 -10 -0.527726
Pedestrian -1 -1 -10 258 102 312 202-1 -1 -1 -1000 -1000 -1000 -10 -0.596994
Pedestrian -1 -1 -10 767 57 822 209-1 -1 -1 -1000 -1000 -1000 -10 -0.62041
Pedestrian -1 -1 -10 148 103 192 226-1 -1 -1 -1000 -1000 -1000 -10 -0.661094
Pedestrian -1 -1 -10 434 119 502 197-1 -1 -1 -1000 -1000 -1000 -10 -0.670425
Pedestrian -1 -1 -10 962 138 1035 221-1 -1 -1 -1000 -1000 -1000 -10 -0.785385
Pedestrian -1 -1 -10 389 74 437 206-1 -1 -1 -1000 -1000 -1000 -10 -0.795586
Pedestrian -1 -1 -10 1031 31 1090 194-1 -1 -1 -1000 -1000 -1000 -10 -0.811205
Pedestrian -1 -1 -10 389 76 492 194-1 -1 -1 -1000 -1000 -1000 -10 -0.817477
Pedestrian -1 -1 -10 1 19 37 119-1 -1 -1 -1000 -1000 -1000 -10 -0.82678
Pedestrian -1 -1 -10 61 61 150 224-1 -1 -1 -1000 -1000 -1000 -10 -0.861826
Pedestrian -1 -1 -10 363 57 418 209-1 -1 -1 -1000 -1000 -1000 -10 -0.881701
Pedestrian -1 -1 -10 718 1 791 202-1 -1 -1 -1000 -1000 -1000 -10 -0.896246
Pedestrian -1 -1 -10 681 93 717 193-1 -1 -1 -1000 -1000 -1000 -10 -0.93594
Pedestrian -1 -1 -10 38 1 101 74-1 -1 -1 -1000 -1000 -1000 -10 -0.950828
Pedestrian -1 -1 -10 148 75 276 221-1 -1 -1 -1000 -1000 -1000 -10 -0.952753
Pedestrian -1 -1 -10 360 64 507 232-1 -1 -1 -1000 -1000 -1000 -10 -0.986784
Pedestrian -1 -1 -10 447 1 641 223-1 -1 -1 -1000 -1000 -1000 -10 -0.991546
Pedestrian -1 -1 -10 280 50 364 146-1 -1 -1 -1000 -1000 -1000 -10 -0.997189
