Pedestrian -1 -1 -10 482 118 533 260-1 -1 -1 -1000 -1000 -1000 -10 -0.727257
Pedestrian -1 -1 -10 761 138 834 221-1 -1 -1 -1000 -1000 -1000 -10 -0.758663
Pedestrian -1 -1 -10 1210 224 1242 317-1 -1 -1 -1000 -1000 -1000 -10 -0.773879
Pedestrian -1 -1 -10 209 105 240 192-1 -1 -1 -1000 -1000 -1000 -10 -0.816384
Pedestrian -1 -1 -10 249 145 296 232-1 -1 -1 -1000 -1000 -1000 -10 -0.86406
Pedestrian -1 -1 -10 699 130 735 230-1 -1 -1 -1000 -1000 -1000 -10 -0.869866
Pedestrian -1 -1 -10 618 44 668 137-1 -1 -1 -1000 -1000 -1000 -10 -0.903174
Pedestrian -1 -1 -10 1189 256 1237 375-1 -1 -1 -1000 -1000 -1000 -10 -0.91845
Pedestrian -1 -1 -10 1 222 37 322-1 -1 -1 -1000 -1000 -1000 -10 -0.928184
Pedestrian -1 -1 -10 516 111 552 211-1 -1 -1 -1000 -1000 -1000 -10 -0.972407
