Pedestrian -1 -1 -10 307 159 348 274-1 -1 -1 -1000 -1000 -1000 -10 0.377119
Pedestrian -1 -1 -10 543 267 601 370-1 -1 -1 -1000 -1000 -1000 -10 -0.57017
Pedestrian -1 -1 -10 700 90 738 197-1 -1 -1 -1000 -1000 -1000 -10 -0.588454
Pedestrian -1 -1 -10 421 155 480 223-1 -1 -1 -1000 -1000 -1000 -10 -0.59877
Pedestrian -1 -1 -10 833 129 864 216-1 -1 -1 -1000 -1000 -1000 -10 -0.651638
Pedestrian -1 -1 -10 293 207 326 300-1 -1 -1 -1000 -1000 -1000 -10 -0.690217
Pedestrian -1 -1 -10 207 112 240 205-1 -1 -1 -1000 -1000 -1000 -10 -0.71512
Pedestrian -1 -1 -10 153 89 200 176-1 -1 -1 -1000 -1000 -1000 -10 -0.729034
Pedestrian -1 -1 -10 1132 1 1222 249-1 -1 -1 -1000 -1000 -1000 -10 -0.73825
Pedestrian -1 -1 -10 799 80 857 187-1 -1 -1 -1000 -1000 -1000 -10 -0.748415
Pedestrian -1 -1 -10 709 120 763 220-1 -1 -1 -1000 -1000 -1000 -10 -0.75841
Pedestrian -1 -1 -10 296 119 413 335-1 -1 -1 -1000 -1000 -1000 -10 -0.766516
Pedestrian -1 -1 -10 1039 212 1075 312-1 -1 -1 -1000 -1000 -1000 -10 -0.798779
Pedestrian -1 -1 -10 537 1 592 64-1 -1 -1 -1000 -1000 -1000 -10 -0.817981
Pedestrian -1 -1 -10 996 241 1029 334-1 -1 -1 -1000 -1000 -1000 -10 -0.81953
Pedestrian -1 -1 -10 657 177 688 264-1 -1 -1 -1000 -1000 -1000 -10 -0.828267
Pedestrian -1 -1 -10 387 233 446 301-1 -1 -1 -1000 -1000 -1000 -10 -0.885237
Pedestrian -1 -1 -10 489 307 586 370-1 -1 -1 -1000 -1000 -1000 -10 -0.894584
Pedestrian -1 -1 -10 571 286 644 369-1 -1 -1 -1000 -1000 -1000 -10 -0.934168
Pedestrian -1 -1 -10 657 17 720 192-1 -1 -1 -1000 -1000 -1000 -10 -0.945225
Pedestrian -1 -1 -10 1041 1 1224 370-1 -1 -1 -1000 -1000 -1000 -10 -0.957887
Pedestrian -1 -1 -10 489 1 544 64-1 -1 -1 -1000 -1000 -1000 -10 -0.963452
Pedestrian -1 -1 -10 73 73 104 160-1 -1 -1 -1000 -1000 -1000 -10 -0.971359
Pedestrian -1 -1 -10 393 81 424 168-1 -1 -1 -1000 -1000 -1000 -10 -0.975775
