Pedestrian -1 -1 -10 690 109 728 216-1 -1 -1 -1000 -1000 -1000 -10 -0.230468
Pedestrian -1 -1 -10 1171 1 1226 153-1 -1 -1 -1000 -1000 -1000 -10 -0.632044
Pedestrian -1 -1 -10 970 1 1003 94-1 -1 -1 -1000 -1000 -1000 -10 -0.688375
Pedestrian -1 -1 -10 137 1 181 124-1 -1 -1 -1000 -1000 -1000 -10 -0.720945
Pedestrian -1 -1 -10 889 1 920 88-1 -1 -1 -1000 -1000 -1000 -10 -0.856008
Pedestrian -1 -1 -10 1133 1 1166 94-1 -1 -1 -1000 -1000 -1000 -10 -0.858606
Pedestrian -1 -1 -10 1097 105 1144 192-1 -1 -1 -1000 -1000 -1000 -10 -0.86473
Pedestrian -1 -1 -10 129 1 192 176-1 -1 -1 -1000 -1000 -1000 -10 -0.869112
Pedestrian -1 -1 -10 920 1 983 74-1 -1 -1 -1000 -1000 -1000 -10 -0.870679
Pedestrian -1 -1 -10 1129 49 1176 136-1 -1 -1 -1000 -1000 -1000 -10 -0.889801
Pedestrian -1 -1 -10 1 1 208 375-1 -1 -1 -1000 -1000 -1000 -10 -0.912582
Pedestrian -1 -1 -10 651 60 689 167-1 -1 -1 -1000 -1000 -1000 -10 -0.961098
Pedestrian -1 -1 -10 635 70 703 258-1 -1 -1 -1000 -1000 -1000 -10 -0.967844
