Pedestrian -1 -1 -10 392 170 454 285-1 -1 -1 -1000 -1000 -1000 -10 0.183114
Pedestrian -1 -1 -10 661 172 711 265-1 -1 -1 -1000 -1000 -1000 -10 -0.39397
Pedestrian -1 -1 -10 374 165 463 328-1 -1 -1 -1000 -1000 -1000 -10 -0.583224
Pedestrian -1 -1 -10 543 267 601 370-1 -1 -1 -1000 -1000 -1000 -10 -0.589441
Pedestrian -1 -1 -10 207 112 240 205-1 -1 -1 -1000 -1000 -1000 -10 -0.720347
Pedestrian -1 -1 -10 1141 117 1203 232-1 -1 -1 -1000 -1000 -1000 -10 -0.760608
Pedestrian -1 -1 -10 996 241 1029 334-1 -1 -1 -1000 -1000 -1000 -10 -0.764881
Pedestrian -1 -1 -10 306 70 344 177-1 -1 -1 -1000 -1000 -1000 -10 -0.787026
Pedestrian -1 -1 -10 681 1 744 74-1 -1 -1 -1000 -1000 -1000 -10 -0.797986
Pedestrian -1 -1 -10 709 120 763 220-1 -1 -1 -1000 -1000 -1000 -10 -0.816742
Pedestrian -1 -1 -10 1041 225 1072 312-1 -1 -1 -1000 -1000 -1000 -10 -0.832236
Pedestrian -1 -1 -10 489 1 544 64-1 -1 -1 -1000 -1000 -1000 -10 -0.841754
Pedestrian -1 -1 -10 1132 1 1222 249-1 -1 -1 -1000 -1000 -1000 -10 -0.845279
Pedestrian -1 -1 -10 571 286 644 369-1 -1 -1 -1000 -1000 -1000 -10 -0.888327
Pedestrian -1 -1 -10 153 89 200 176-1 -1 -1 -1000 -1000 -1000 -10 -0.889075
Pedestrian -1 -1 -10 195 105 254 268-1 -1 -1 -1000 -1000 -1000 -10 -0.935421
Pedestrian -1 -1 -10 826 122 874 254-1 -1 -1 -1000 -1000 -1000 -10 -0.939504
Pedestrian -1 -1 -10 344 121 394 214-1 -1 -1 -1000 -1000 -1000 -10 -0.951564
Pedestrian -1 -1 -10 489 307 586 370-1 -1 -1 -1000 -1000 -1000 -10 -0.956435
Pedestrian -1 -1 -10 27 35 77 128-1 -1 -1 -1000 -1000 -1000 -10 -0.958179
Pedestrian -1 -1 -10 1098 104 1148 197-1 -1 -1 -1000 -1000 -1000 -10 -0.976844
