Pedestrian -1 -1 -10 1 103 45 226-1 -1 -1 -1000 -1000 -1000 -10 -0.177517
Pedestrian -1 -1 -10 997 103 1075 193-1 -1 -1 -1000 -1000 -1000 -10 -0.374166
Pedestrian -1 -1 -10 1 105 104 375-1 -1 -1 -1000 -1000 -1000 -10 -0.604094
Pedestrian -1 -1 -10 810 75 864 175-1 -1 -1 -1000 -1000 -1000 -10 -0.656897
Pedestrian -1 -1 -10 673 76 732 239-1 -1 -1 -1000 -1000 -1000 -10 -0.768217
Pedestrian -1 -1 -10 753 1 863 306-1 -1 -1 -1000 -1000 -1000 -10 -0.829495
Pedestrian -1 -1 -10 1015 105 1092 247-1 -1 -1 -1000 -1000 -1000 -10 -0.837018
Pedestrian -1 -1 -10 387 148 423 248-1 -1 -1 -1000 -1000 -1000 -10 -0.901042
Pedestrian -1 -1 -10 301 138 334 231-1 -1 -1 -1000 -1000 -1000 -10 -0.916832
Pedestrian -1 -1 -10 369 1 400 88-1 -1 -1 -1000 -1000 -1000 -10 -0.946101
Pedestrian -1 -1 -10 1163 1 1241 217-1 -1 -1 -1000 -1000 -1000 -10 -0.954186
Pedestrian -1 -1 -10 687 1 926 274-1 -1 -1 -1000 -1000 -1000 -10 -0.979602
Pedestrian -1 -1 -10 273 113 320 200-1 -1 -1 -1000 -1000 -1000 -10 -0.984567
Pedestrian -1 -1 -10 634 85 696 200-1 -1 -1 -1000 -1000 -1000 -10 -0.984638
Pedestrian -1 -1 -10 507 138 540 231-1 -1 -1 -1000 -1000 -1000 -10 -0.999631
