Pedestrian -1 -1 -10 515 87 548 180-1 -1 -1 -1000 -1000 -1000 -10 -0.267821
Pedestrian -1 -1 -10 961 1 1008 88-1 -1 -1 -1000 -1000 -1000 -10 -0.519795
Pedestrian -1 -1 -10 1159 190 1209 283-1 -1 -1 -1000 -1000 -1000 -10 -0.559457
Pedestrian -1 -1 -10 1 112 56 264-1 -1 -1 -1000 -1000 -1000 -10 -0.571138
Pedestrian -1 -1 -10 544 58 611 181-1 -1 -1 -1000 -1000 -1000 -10 -0.641966
Pedestrian -1 -1 -10 690 56 726 156-1 -1 -1 -1000 -1000 -1000 -10 -0.697729
Pedestrian -1 -1 -10 601 1 679 91-1 -1 -1 -1000 -1000 -1000 -10 -0.746831
Pedestrian -1 -1 -10 1129 177 1160 264-1 -1 -1 -1000 -1000 -1000 -10 -0.76714
Pedestrian -1 -1 -10 419 57 474 209-1 -1 -1 -1000 -1000 -1000 -10 -0.831928
Pedestrian -1 -1 -10 893 70 926 163-1 -1 -1 -1000 -1000 -1000 -10 -0.869015
Pedestrian -1 -1 -10 947 25 995 157-1 -1 -1 -1000 -1000 -1000 -10 -0.875328
Pedestrian -1 -1 -10 1101 210 1156 362-1 -1 -1 -1000 -1000 -1000 -10 -0.883898
Pedestrian -1 -1 -10 444 99 512 177-1 -1 -1 -1000 -1000 -1000 -10 -0.91753
Pedestrian -1 -1 -10 1121 182 1199 272-1 -1 -1 -1000 -1000 -1000 -10 -0.933348
Pedestrian -1 -1 -10 1150 207 1242 375-1 -1 -1 -1000 -1000 -1000 -10 -0.938839
Pedestrian -1 -1 -10 112 164 171 232-1 -1 -1 -1000 -1000 -1000 -10 -0.939626
Pedestrian -1 -1 -10 1 135 90 298-1 -1 -1 -1000 -1000 -1000 -10 -0.944548
Pedestrian -1 -1 -10 927 1 1030 119-1 -1 -1 -1000 -1000 -1000 -10 -0.960631
Pedestrian -1 -1 -10 769 119 837 197-1 -1 -1 -1000 -1000 -1000 -10 -0.97506
Pedestrian -1 -1 -10 164 138 214 231-1 -1 -1 -1000 -1000 -1000 -10 -0.989355
