Pedestrian -1 -1 -10 404 183 455 325-1 -1 -1 -1000 -1000 -1000 -10 -0.401003
Pedestrian -1 -1 -10 222 166 285 239-1 -1 -1 -1000 -1000 -1000 -10 -0.431371
Pedestrian -1 -1 -10 176 166 239 239-1 -1 -1 -1000 -1000 -1000 -10 -0.460703
Pedestrian -1 -1 -10 159 69 226 192-1 -1 -1 -1000 -1000 -1000 -10 -0.502833
Pedestrian -1 -1 -10 1176 112 1235 180-1 -1 -1 -1000 -1000 -1000 -10 -0.560395
Pedestrian -1 -1 -10 280 62 352 194-1 -1 -1 -1000 -1000 -1000 -10 -0.68725
Pedestrian -1 -1 -10 1 107 74 190-1 -1 -1 -1000 -1000 -1000 -10 -0.697379
Pedestrian -1 -1 -10 417 105 464 192-1 -1 -1 -1000 -1000 -1000 -10 -0.726685
Pedestrian -1 -1 -10 618 95 668 188-1 -1 -1 -1000 -1000 -1000 -10 -0.832744
Pedestrian -1 -1 -10 350 93 404 193-1 -1 -1 -1000 -1000 -1000 -10 -0.840119
Pedestrian -1 -1 -10 961 35 994 128-1 -1 -1 -1000 -1000 -1000 -10 -0.842849
Pedestrian -1 -1 -10 389 210 478 373-1 -1 -1 -1000 -1000 -1000 -10 -0.986003
Pedestrian -1 -1 -10 318 80 385 203-1 -1 -1 -1000 -1000 -1000 -10 -0.994814
