Pedestrian -1 -1 -10 1 104 69 292-1 -1 -1 -1000 -1000 -1000 -10 -0.206653
Pedestrian -1 -1 -10 443 66 494 208-1 -1 -1 -1000 -1000 -1000 -10 -0.321448
Pedestrian -1 -1 -10 75 54 148 137-1 -1 -1 -1000 -1000 -1000 -10 -0.560024
Pedestrian -1 -1 -10 337 113 368 200-1 -1 -1 -1000 -1000 -1000 -10 -0.694963
Pedestrian -1 -1 -10 29 29 139 334-1 -1 -1 -1000 -1000 -1000 -10 -0.696942
Pedestrian -1 -1 -10 442 1 496 101-1 -1 -1 -1000 -1000 -1000 -10 -0.723956
Pedestrian -1 -1 -10 145 65 176 152-1 -1 -1 -1000 -1000 -1000 -10 -0.725481
Pedestrian -1 -1 -10 387 10 446 78-1 -1 -1 -1000 -1000 -1000 -10 -0.742905
Pedestrian -1 -1 -10 145 1 176 88-1 -1 -1 -1000 -1000 -1000 -10 -0.754651
Pedestrian -1 -1 -10 424 19 497 220-1 -1 -1 -1000 -1000 -1000 -10 -0.761663
Pedestrian -1 -1 -10 841 198 874 291-1 -1 -1 -1000 -1000 -1000 -10 -0.78594
Pedestrian -1 -1 -10 759 46 803 169-1 -1 -1 -1000 -1000 -1000 -10 -0.802378
Pedestrian -1 -1 -10 887 99 925 206-1 -1 -1 -1000 -1000 -1000 -10 -0.83001
Pedestrian -1 -1 -10 656 62 704 194-1 -1 -1 -1000 -1000 -1000 -10 -0.830727
Pedestrian -1 -1 -10 713 121 772 189-1 -1 -1 -1000 -1000 -1000 -10 -0.866425
Pedestrian -1 -1 -10 327 198 386 266-1 -1 -1 -1000 -1000 -1000 -10 -0.885911
Pedestrian -1 -1 -10 321 1 418 111-1 -1 -1 -1000 -1000 -1000 -10 -0.890817
Pedestrian -1 -1 -10 147 62 219 194-1 -1 -1 -1000 -1000 -1000 -10 -0.949039
Pedestrian -1 -1 -10 275 121 343 309-1 -1 -1 -1000 -1000 -1000 -10 -0.962089
Pedestrian -1 -1 -10 340 92 384 215-1 -1 -1 -1000 -1000 -1000 -10 -0.979061
Pedestrian -1 -1 -10 601 301 651 375-1 -1 -1 -1000 -1000 -1000 -10 -0.984646
Pedestrian -1 -1 -10 705 1 760 64-1 -1 -1 -1000 -1000 -1000 -10 -0.992913
