Pedestrian -1 -1 -10 569 169 616 256-1 -1 -1 -1000 -1000 -1000 -10 -0.37727
Pedestrian -1 -1 -10 352 159 396 282-1 -1 -1 -1000 -1000 -1000 -10 -0.538794
Pedestrian -1 -1 -10 257 178 315 285-1 -1 -1 -1000 -1000 -1000 -10 -0.591005
Pedestrian -1 -1 -10 793 75 855 190-1 -1 -1 -1000 -1000 -1000 -10 -0.626519
Pedestrian -1 -1 -10 425 161 480 224-1 -1 -1 -1000 -1000 -1000 -10 -0.693119
Pedestrian -1 -1 -10 1 87 34 180-1 -1 -1 -1000 -1000 -1000 -10 -0.693278
Pedestrian -1 -1 -10 381 223 454 306-1 -1 -1 -1000 -1000 -1000 -10 -0.730876
Pedestrian -1 -1 -10 387 147 446 215-1 -1 -1 -1000 -1000 -1000 -10 -0.778006
Pedestrian -1 -1 -10 689 177 720 264-1 -1 -1 -1000 -1000 -1000 -10 -0.783767
Pedestrian -1 -1 -10 702 103 746 226-1 -1 -1 -1000 -1000 -1000 -10 -0.805218
Pedestrian -1 -1 -10 494 300 597 370-1 -1 -1 -1000 -1000 -1000 -10 -0.807134
Pedestrian -1 -1 -10 1129 145 1184 208-1 -1 -1 -1000 -1000 -1000 -10 -0.875166
Pedestrian -1 -1 -10 558 168 613 320-1 -1 -1 -1000 -1000 -1000 -10 -0.885182
Pedestrian -1 -1 -10 470 1 524 101-1 -1 -1 -1000 -1000 -1000 -10 -0.885638
Pedestrian -1 -1 -10 327 172 360 265-1 -1 -1 -1000 -1000 -1000 -10 -0.921803
Pedestrian -1 -1 -10 378 78 411 171-1 -1 -1 -1000 -1000 -1000 -10 -0.93117
Pedestrian -1 -1 -10 153 89 200 176-1 -1 -1 -1000 -1000 -1000 -10 -0.932249
Pedestrian -1 -1 -10 345 121 400 184-1 -1 -1 -1000 -1000 -1000 -10 -0.933362
Pedestrian -1 -1 -10 535 1 619 97-1 -1 -1 -1000 -1000 -1000 -10 -0.937217
Pedestrian -1 -1 -10 897 193 928 280-1 -1 -1 -1000 -1000 -1000 -10 -0.940626
Pedestrian -1 -1 -10 634 1 717 232-1 -1 -1 -1000 -1000 -1000 -10 -0.956092
Pedestrian -1 -1 -10 465 193 543 283-1 -1 -1 -1000 -1000 -1000 -10 -0.960381
Pedestrian -1 -1 -10 58 58 136 148-1 -1 -1 -1000 -1000 -1000 -10 -0.972083
Pedestrian -1 -1 -10 207 112 240 205-1 -1 -1 -1000 -1000 -1000 -10 -0.98562
