Pedestrian -1 -1 -10 631 109 669 216-1 -1 -1 -1000 -1000 -1000 -10 0.0588779
Pedestrian -1 -1 -10 781 112 947 375-1 -1 -1 -1000 -1000 -1000 -10 -0.00367403
Pedestrian -1 -1 -10 442 185 551 375-1 -1 -1 -1000 -1000 -1000 -10 -0.317745
Pedestrian -1 -1 -10 917 306 985 375-1 -1 -1 -1000 -1000 -1000 -10 -0.648244
Pedestrian -1 -1 -10 430 53 481 195-1 -1 -1 -1000 -1000 -1000 -10 -0.648597
Pedestrian -1 -1 -10 740 223 813 306-1 -1 -1 -1000 -1000 -1000 -10 -0.869328
Pedestrian -1 -1 -10 584 318 643 375-1 -1 -1 -1000 -1000 -1000 -10 -0.875337
Pedestrian -1 -1 -10 417 1 598 208-1 -1 -1 -1000 -1000 -1000 -10 -0.917656
Pedestrian -1 -1 -10 619 292 703 375-1 -1 -1 -1000 -1000 -1000 -10 -0.954091
Pedestrian -1 -1 -10 1189 1 1237 133-1 -1 -1 -1000 -1000 -1000 -10 -0.992857
