Pedestrian -1 -1 -10 370 170 411 285-1 -1 -1 -1000 -1000 -1000 -10 1.86067
Pedestrian -1 -1 -10 867 170 908 285-1 -1 -1 -1000 -1000 -1000 -10 1.79376
Pedestrian -1 -1 -10 297 177 328 264-1 -1 -1 -1000 -1000 -1000 -10 1.56198
Pedestrian -1 -1 -10 917 178 955 285-1 -1 -1 -1000 -1000 -1000 -10 1.31803
Pedestrian -1 -1 -10 689 185 720 272-1 -1 -1 -1000 -1000 -1000 -10 1.25466
Pedestrian -1 -1 -10 748 182 792 305-1 -1 -1 -1000 -1000 -1000 -10 1.15821
Pedestrian -1 -1 -10 641 161 672 248-1 -1 -1 -1000 -1000 -1000 -10 0.576754
Pedestrian -1 -1 -10 737 161 800 336-1 -1 -1 -1000 -1000 -1000 -10 0.373227
Pedestrian -1 -1 -10 709 185 745 285-1 -1 -1 -1000 -1000 -1000 -10 0.088306
Pedestrian -1 -1 -10 292 171 340 303-1 -1 -1 -1000 -1000 -1000 -10 -0.083334
Pedestrian -1 -1 -10 1 222 91 325-1 -1 -1 -1000 -1000 -1000 -10 -0.35988
Pedestrian -1 -1 -10 541 87 574 180-1 -1 -1 -1000 -1000 -1000 -10 -0.384108
Pedestrian -1 -1 -10 1046 91 1105 254-1 -1 -1 -1000 -1000 -1000 -10 -0.423697
Pedestrian -1 -1 -10 865 148 993 294-1 -1 -1 -1000 -1000 -1000 -10 -0.51987
Pedestrian -1 -1 -10 677 131 728 273-1 -1 -1 -1000 -1000 -1000 -10 -0.527591
Pedestrian -1 -1 -10 627 70 677 163-1 -1 -1 -1000 -1000 -1000 -10 -0.694106
Pedestrian -1 -1 -10 60 159 128 237-1 -1 -1 -1000 -1000 -1000 -10 -0.812619
Pedestrian -1 -1 -10 50 207 134 303-1 -1 -1 -1000 -1000 -1000 -10 -0.816748
Pedestrian -1 -1 -10 43 191 190 359-1 -1 -1 -1000 -1000 -1000 -10 -0.848673
Pedestrian -1 -1 -10 442 159 520 249-1 -1 -1 -1000 -1000 -1000 -10 -0.857396
Pedestrian -1 -1 -10 22 22 148 253-1 -1 -1 -1000 -1000 -1000 -10 -0.931067
Pedestrian -1 -1 -10 425 185 472 272-1 -1 -1 -1000 -1000 -1000 -10 -0.963415
Pedestrian -1 -1 -10 369 113 432 288-1 -1 -1 -1000 -1000 -1000 -10 -0.968684
