Pedestrian -1 -1 -10 759 70 797 177-1 -1 -1 -1000 -1000 -1000 -10 -0.221045
Pedestrian -1 -1 -10 387 102 441 202-1 -1 -1 -1000 -1000 -1000 -10 -0.389174
Pedestrian -1 -1 -10 773 121 832 189-1 -1 -1 -1000 -1000 -1000 -10 -0.635606
Pedestrian -1 -1 -10 767 43 850 195-1 -1 -1 -1000 -1000 -1000 -10 -0.671602
Pedestrian -1 -1 -10 603 85 644 200-1 -1 -1 -1000 -1000 -1000 -10 -0.685048
Pedestrian -1 -1 -10 646 69 690 192-1 -1 -1 -1000 -1000 -1000 -10 -0.722878
Pedestrian -1 -1 -10 883 84 946 157-1 -1 -1 -1000 -1000 -1000 -10 -0.724383
Pedestrian -1 -1 -10 559 98 631 230-1 -1 -1 -1000 -1000 -1000 -10 -0.728323
Pedestrian -1 -1 -10 275 87 308 180-1 -1 -1 -1000 -1000 -1000 -10 -0.766228
Pedestrian -1 -1 -10 191 117 253 232-1 -1 -1 -1000 -1000 -1000 -10 -0.776693
Pedestrian -1 -1 -10 918 44 951 137-1 -1 -1 -1000 -1000 -1000 -10 -0.780999
Pedestrian -1 -1 -10 353 185 408 248-1 -1 -1 -1000 -1000 -1000 -10 -0.843956
Pedestrian -1 -1 -10 378 66 455 208-1 -1 -1 -1000 -1000 -1000 -10 -0.857218
Pedestrian -1 -1 -10 781 1 840 69-1 -1 -1 -1000 -1000 -1000 -10 -0.92495
Pedestrian -1 -1 -10 112 155 145 248-1 -1 -1 -1000 -1000 -1000 -10 -0.938444
Pedestrian -1 -1 -10 1004 1 1242 375-1 -1 -1 -1000 -1000 -1000 -10 -0.975886
Pedestrian -1 -1 -10 681 1 739 108-1 -1 -1 -1000 -1000 -1000 -10 -0.981139
Pedestrian -1 -1 -10 626 1 699 202-1 -1 -1 -1000 -1000 -1000 -10 -0.9865
Pedestrian -1 -1 -10 710 70 768 177-1 -1 -1 -1000 -1000 -1000 -10 -0.987485
