Pedestrian -1 -1 -10 513 177 544 264-1 -1 -1 -1000 -1000 -1000 -10 0.312132
Pedestrian -1 -1 -10 1 53 52 195-1 -1 -1 -1000 -1000 -1000 -10 -0.220056
Pedestrian -1 -1 -10 85 75 126 190-1 -1 -1 -1000 -1000 -1000 -10 -0.254992
Pedestrian -1 -1 -10 222 203 285 276-1 -1 -1 -1000 -1000 -1000 -10 -0.418013
Pedestrian -1 -1 -10 182 80 226 203-1 -1 -1 -1000 -1000 -1000 -10 -0.511947
Pedestrian -1 -1 -10 1193 97 1224 184-1 -1 -1 -1000 -1000 -1000 -10 -0.540808
Pedestrian -1 -1 -10 1 1 91 249-1 -1 -1 -1000 -1000 -1000 -10 -0.558768
Pedestrian -1 -1 -10 405 277 459 375-1 -1 -1 -1000 -1000 -1000 -10 -0.614054
Pedestrian -1 -1 -10 430 112 489 180-1 -1 -1 -1000 -1000 -1000 -10 -0.630069
Pedestrian -1 -1 -10 350 277 413 350-1 -1 -1 -1000 -1000 -1000 -10 -0.742061
Pedestrian -1 -1 -10 280 183 352 315-1 -1 -1 -1000 -1000 -1000 -10 -0.844863
Pedestrian -1 -1 -10 417 287 507 375-1 -1 -1 -1000 -1000 -1000 -10 -0.872437
Pedestrian -1 -1 -10 387 157 441 257-1 -1 -1 -1000 -1000 -1000 -10 -0.885471
Pedestrian -1 -1 -10 147 50 231 146-1 -1 -1 -1000 -1000 -1000 -10 -0.938011
Pedestrian -1 -1 -10 953 258 1003 351-1 -1 -1 -1000 -1000 -1000 -10 -0.960748
Pedestrian -1 -1 -10 937 129 995 236-1 -1 -1 -1000 -1000 -1000 -10 -0.96104
Pedestrian -1 -1 -10 140 71 195 223-1 -1 -1 -1000 -1000 -1000 -10 -0.976932
Pedestrian -1 -1 -10 327 104 446 240-1 -1 -1 -1000 -1000 -1000 -10 -0.981818
