Pedestrian -1 -1 -10 710 60 748 167-1 -1 -1 -1000 -1000 -1000 -10 -0.107409
Pedestrian -1 -1 -10 1 112 34 205-1 -1 -1 -1000 -1000 -1000 -10 -0.430269
Pedestrian -1 -1 -10 1 57 56 209-1 -1 -1 -1000 -1000 -1000 -10 -0.464022
Pedestrian -1 -1 -10 1200 1 1242 124-1 -1 -1 -1000 -1000 -1000 -10 -0.515618
Pedestrian -1 -1 -10 1055 40 1093 147-1 -1 -1 -1000 -1000 -1000 -10 -0.58259
Pedestrian -1 -1 -10 1009 1 1064 64-1 -1 -1 -1000 -1000 -1000 -10 -0.605826
Pedestrian -1 -1 -10 313 66 364 208-1 -1 -1 -1000 -1000 -1000 -10 -0.622303
Pedestrian -1 -1 -10 1165 1 1224 164-1 -1 -1 -1000 -1000 -1000 -10 -0.638917
Pedestrian -1 -1 -10 121 121 154 214-1 -1 -1 -1000 -1000 -1000 -10 -0.651574
Pedestrian -1 -1 -10 377 71 432 223-1 -1 -1 -1000 -1000 -1000 -10 -0.674836
Pedestrian -1 -1 -10 665 137 712 224-1 -1 -1 -1000 -1000 -1000 -10 -0.686356
Pedestrian -1 -1 -10 1 1 118 217-1 -1 -1 -1000 -1000 -1000 -10 -0.705637
Pedestrian -1 -1 -10 759 171 803 294-1 -1 -1 -1000 -1000 -1000 -10 -0.744452
Pedestrian -1 -1 -10 228 40 286 147-1 -1 -1 -1000 -1000 -1000 -10 -0.831617
Pedestrian -1 -1 -10 881 81 936 144-1 -1 -1 -1000 -1000 -1000 -10 -0.836185
Pedestrian -1 -1 -10 103 1 147 124-1 -1 -1 -1000 -1000 -1000 -10 -0.859235
Pedestrian -1 -1 -10 1025 1 1083 108-1 -1 -1 -1000 -1000 -1000 -10 -0.869983
Pedestrian -1 -1 -10 417 1 448 88-1 -1 -1 -1000 -1000 -1000 -10 -0.874474
Pedestrian -1 -1 -10 644 29 707 102-1 -1 -1 -1000 -1000 -1000 -10 -0.876925
Pedestrian -1 -1 -10 553 105 584 192-1 -1 -1 -1000 -1000 -1000 -10 -0.888401
Pedestrian -1 -1 -10 1097 33 1152 96-1 -1 -1 -1000 -1000 -1000 -10 -0.890824
Pedestrian -1 -1 -10 359 1 776 375-1 -1 -1 -1000 -1000 -1000 -10 -0.891209
Pedestrian -1 -1 -10 1209 193 1240 280-1 -1 -1 -1000 -1000 -1000 -10 -0.96052
Pedestrian -1 -1 -10 114 24 204 272-1 -1 -1 -1000 -1000 -1000 -10 -0.977561
