Pedestrian -1 -1 -10 1184 27 1235 169-1 -1 -1 -1000 -1000 -1000 -10 0.134523
Pedestrian -1 -1 -10 327 155 429 343-1 -1 -1 -1000 -1000 -1000 -10 -0.234215
Pedestrian -1 -1 -10 1087 159 1131 282-1 -1 -1 -1000 -1000 -1000 -10 -0.393492
Pedestrian -1 -1 -10 1163 60 1241 276-1 -1 -1 -1000 -1000 -1000 -10 -0.53591
Pedestrian -1 -1 -10 1065 137 1096 224-1 -1 -1 -1000 -1000 -1000 -10 -0.539704
Pedestrian -1 -1 -10 292 50 631 375-1 -1 -1 -1000 -1000 -1000 -10 -0.540119
Pedestrian -1 -1 -10 1042 1 1222 375-1 -1 -1 -1000 -1000 -1000 -10 -0.545823
Pedestrian -1 -1 -10 153 289 200 375-1 -1 -1 -1000 -1000 -1000 -10 -0.608726
Pedestrian -1 -1 -10 250 112 300 205-1 -1 -1 -1000 -1000 -1000 -10 -0.679069
Pedestrian -1 -1 -10 217 113 248 200-1 -1 -1 -1000 -1000 -1000 -10 -0.705241
Pedestrian -1 -1 -10 609 1 800 352-1 -1 -1 -1000 -1000 -1000 -10 -0.737093
Pedestrian -1 -1 -10 43 223 84 338-1 -1 -1 -1000 -1000 -1000 -10 -0.771842
Pedestrian -1 -1 -10 1 1 34 94-1 -1 -1 -1000 -1000 -1000 -10 -0.785077
Pedestrian -1 -1 -10 1008 159 1052 282-1 -1 -1 -1000 -1000 -1000 -10 -0.855031
Pedestrian -1 -1 -10 824 1 892 189-1 -1 -1 -1000 -1000 -1000 -10 -0.891352
Pedestrian -1 -1 -10 1 154 56 306-1 -1 -1 -1000 -1000 -1000 -10 -0.895363
Pedestrian -1 -1 -10 961 209 992 296-1 -1 -1 -1000 -1000 -1000 -10 -0.956789
Pedestrian -1 -1 -10 196 154 293 264-1 -1 -1 -1000 -1000 -1000 -10 -0.989413
