Pedestrian -1 -1 -10 571 159 612 274-1 -1 -1 -1000 -1000 -1000 -10 1.2996
Pedestrian -1 -1 -10 750 119 788 226-1 -1 -1 -1000 -1000 -1000 -10 -0.477586
Pedestrian -1 -1 -10 49 105 80 192-1 -1 -1 -1000 -1000 -1000 -10 -0.524694
Pedestrian -1 -1 -10 1081 1 1112 88-1 -1 -1 -1000 -1000 -1000 -10 -0.618222
Pedestrian -1 -1 -10 301 233 360 301-1 -1 -1 -1000 -1000 -1000 -10 -0.7031
Pedestrian -1 -1 -10 827 125 871 248-1 -1 -1 -1000 -1000 -1000 -10 -0.707055
Pedestrian -1 -1 -10 352 159 396 282-1 -1 -1 -1000 -1000 -1000 -10 -0.718745
Pedestrian -1 -1 -10 790 164 823 257-1 -1 -1 -1000 -1000 -1000 -10 -0.721231
Pedestrian -1 -1 -10 1018 196 1073 348-1 -1 -1 -1000 -1000 -1000 -10 -0.726148
Pedestrian -1 -1 -10 873 41 904 128-1 -1 -1 -1000 -1000 -1000 -10 -0.72774
Pedestrian -1 -1 -10 494 300 597 370-1 -1 -1 -1000 -1000 -1000 -10 -0.731916
Pedestrian -1 -1 -10 387 231 450 304-1 -1 -1 -1000 -1000 -1000 -10 -0.738493
Pedestrian -1 -1 -10 153 89 200 176-1 -1 -1 -1000 -1000 -1000 -10 -0.801694
Pedestrian -1 -1 -10 306 109 374 187-1 -1 -1 -1000 -1000 -1000 -10 -0.827236
Pedestrian -1 -1 -10 582 306 650 370-1 -1 -1 -1000 -1000 -1000 -10 -0.835785
Pedestrian -1 -1 -10 985 216 1029 339-1 -1 -1 -1000 -1000 -1000 -10 -0.863067
Pedestrian -1 -1 -10 114 46 181 169-1 -1 -1 -1000 -1000 -1000 -10 -0.888654
Pedestrian -1 -1 -10 599 287 689 370-1 -1 -1 -1000 -1000 -1000 -10 -0.904177
Pedestrian -1 -1 -10 250 61 283 154-1 -1 -1 -1000 -1000 -1000 -10 -0.946312
Pedestrian -1 -1 -10 261 144 338 286-1 -1 -1 -1000 -1000 -1000 -10 -0.948823
Pedestrian -1 -1 -10 521 205 678 370-1 -1 -1 -1000 -1000 -1000 -10 -0.953702
Pedestrian -1 -1 -10 632 1 728 267-1 -1 -1 -1000 -1000 -1000 -10 -0.963862
Pedestrian -1 -1 -10 543 1 601 108-1 -1 -1 -1000 -1000 -1000 -10 -0.964694
Pedestrian -1 -1 -10 1076 31 1194 358-1 -1 -1 -1000 -1000 -1000 -10 -0.967739
Pedestrian -1 -1 -10 202 107 264 222-1 -1 -1 -1000 -1000 -1000 -10 -0.980271
Pedestrian -1 -1 -10 70 95 129 163-1 -1 -1 -1000 -1000 -1000 -10 -0.986422
Pedestrian -1 -1 -10 807 207 866 275-1 -1 -1 -1000 -1000 -1000 -10 -0.999223
