Pedestrian -1 -1 -10 117 159 158 274-1 -1 -1 -1000 -1000 -1000 -10 0.221579
Pedestrian -1 -1 -10 1189 25 1237 157-1 -1 -1 -1000 -1000 -1000 -10 -0.295308
Pedestrian -1 -1 -10 10 155 60 248-1 -1 -1 -1000 -1000 -1000 -10 -0.426733
Pedestrian -1 -1 -10 609 81 720 208-1 -1 -1 -1000 -1000 -1000 -10 -0.684437
Pedestrian -1 -1 -10 1203 149 1241 256-1 -1 -1 -1000 -1000 -1000 -10 -0.709696
Pedestrian -1 -1 -10 92 170 169 312-1 -1 -1 -1000 -1000 -1000 -10 -0.765643
Pedestrian -1 -1 -10 413 121 472 189-1 -1 -1 -1000 -1000 -1000 -10 -0.82116
Pedestrian -1 -1 -10 867 46 926 209-1 -1 -1 -1000 -1000 -1000 -10 -0.835416
Pedestrian -1 -1 -10 688 91 791 209-1 -1 -1 -1000 -1000 -1000 -10 -0.908534
Pedestrian -1 -1 -10 1 74 97 340-1 -1 -1 -1000 -1000 -1000 -10 -0.938203
Pedestrian -1 -1 -10 33 353 88 375-1 -1 -1 -1000 -1000 -1000 -10 -0.948257
Pedestrian -1 -1 -10 699 19 808 220-1 -1 -1 -1000 -1000 -1000 -10 -0.961546
Pedestrian -1 -1 -10 521 129 576 192-1 -1 -1 -1000 -1000 -1000 -10 -0.963131
Pedestrian -1 -1 -10 612 24 769 204-1 -1 -1 -1000 -1000 -1000 -10 -0.965224
Pedestrian -1 -1 -10 909 1 992 232-1 -1 -1 -1000 -1000 -1000 -10 -0.968024
