Pedestrian -1 -1 -10 314 135 373 298-1 -1 -1 -1000 -1000 -1000 -10 -0.433326
Pedestrian -1 -1 -10 592 40 670 256-1 -1 -1 -1000 -1000 -1000 -10 -0.673608
Pedestrian -1 -1 -10 661 70 694 163-1 -1 -1 -1000 -1000 -1000 -10 -0.698504
Pedestrian -1 -1 -10 340 1 430 249-1 -1 -1 -1000 -1000 -1000 -10 -0.720851
Pedestrian -1 -1 -10 996 129 1064 207-1 -1 -1 -1000 -1000 -1000 -10 -0.763453
Pedestrian -1 -1 -10 1124 164 1174 257-1 -1 -1 -1000 -1000 -1000 -10 -0.769957
Pedestrian -1 -1 -10 990 126 1045 278-1 -1 -1 -1000 -1000 -1000 -10 -0.786233
Pedestrian -1 -1 -10 250 1 340 249-1 -1 -1 -1000 -1000 -1000 -10 -0.887737
Pedestrian -1 -1 -10 254 128 380 359-1 -1 -1 -1000 -1000 -1000 -10 -0.90272
Pedestrian -1 -1 -10 1115 154 1212 264-1 -1 -1 -1000 -1000 -1000 -10 -0.906459
Pedestrian -1 -1 -10 464 61 523 224-1 -1 -1 -1000 -1000 -1000 -10 -0.939751
