Pedestrian -1 -1 -10 1165 61 1224 224-1 -1 -1 -1000 -1000 -1000 -10 -0.507866
Pedestrian -1 -1 -10 671 50 709 157-1 -1 -1 -1000 -1000 -1000 -10 -0.698414
Pedestrian -1 -1 -10 1201 313 1242 375-1 -1 -1 -1000 -1000 -1000 -10 -0.702547
Pedestrian -1 -1 -10 1209 57 1240 144-1 -1 -1 -1000 -1000 -1000 -10 -0.719161
Pedestrian -1 -1 -10 529 85 570 200-1 -1 -1 -1000 -1000 -1000 -10 -0.757379
Pedestrian -1 -1 -10 393 217 448 280-1 -1 -1 -1000 -1000 -1000 -10 -0.760116
Pedestrian -1 -1 -10 176 194 212 294-1 -1 -1 -1000 -1000 -1000 -10 -0.768312
Pedestrian -1 -1 -10 657 46 747 294-1 -1 -1 -1000 -1000 -1000 -10 -0.783911
Pedestrian -1 -1 -10 1203 257 1241 364-1 -1 -1 -1000 -1000 -1000 -10 -0.792733
Pedestrian -1 -1 -10 1186 295 1222 375-1 -1 -1 -1000 -1000 -1000 -10 -0.80476
Pedestrian -1 -1 -10 378 78 411 171-1 -1 -1 -1000 -1000 -1000 -10 -0.814641
Pedestrian -1 -1 -10 1200 193 1242 316-1 -1 -1 -1000 -1000 -1000 -10 -0.860648
Pedestrian -1 -1 -10 498 70 617 206-1 -1 -1 -1000 -1000 -1000 -10 -0.864476
Pedestrian -1 -1 -10 1189 1 1237 133-1 -1 -1 -1000 -1000 -1000 -10 -0.902215
Pedestrian -1 -1 -10 1180 150 1239 313-1 -1 -1 -1000 -1000 -1000 -10 -0.907447
Pedestrian -1 -1 -10 608 1 681 202-1 -1 -1 -1000 -1000 -1000 -10 -0.932306
Pedestrian -1 -1 -10 344 87 377 180-1 -1 -1 -1000 -1000 -1000 -10 -0.948658
Pedestrian -1 -1 -10 785 185 840 248-1 -1 -1 -1000 -1000 -1000 -10 -0.986278
Pedestrian -1 -1 -10 838 98 922 194-1 -1 -1 -1000 -1000 -1000 -10 -0.996499
