Pedestrian -1 -1 -10 1193 129 1242 192-1 -1 -1 -1000 -1000 -1000 -10 -0.379101
Pedestrian -1 -1 -10 687 223 728 338-1 -1 -1 -1000 -1000 -1000 -10 -0.446826
Pedestrian -1 -1 -10 57 129 112 192-1 -1 -1 -1000 -1000 -1000 -10 -0.474699
Pedestrian -1 -1 -10 80 70 138 177-1 -1 -1 -1000 -1000 -1000 -10 -0.504117
Pedestrian -1 -1 -10 395 52 514 188-1 -1 -1 -1000 -1000 -1000 -10 -0.64967
Pedestrian -1 -1 -10 1189 125 1242 248-1 -1 -1 -1000 -1000 -1000 -10 -0.785161
Pedestrian -1 -1 -10 927 18 986 86-1 -1 -1 -1000 -1000 -1000 -10 -0.786278
Pedestrian -1 -1 -10 46 76 149 194-1 -1 -1 -1000 -1000 -1000 -10 -0.932067
Pedestrian -1 -1 -10 513 306 581 375-1 -1 -1 -1000 -1000 -1000 -10 -0.962102
Pedestrian -1 -1 -10 318 43 465 211-1 -1 -1 -1000 -1000 -1000 -10 -0.989142
