Pedestrian -1 -1 -10 612 14 663 156-1 -1 -1 -1000 -1000 -1000 -10 -0.116814
Pedestrian -1 -1 -10 431 103 475 226-1 -1 -1 -1000 -1000 -1000 -10 -0.215755
Pedestrian -1 -1 -10 589 111 625 211-1 -1 -1 -1000 -1000 -1000 -10 -0.558296
Pedestrian -1 -1 -10 92 216 136 339-1 -1 -1 -1000 -1000 -1000 -10 -0.658125
Pedestrian -1 -1 -10 389 105 478 268-1 -1 -1 -1000 -1000 -1000 -10 -0.664667
Pedestrian -1 -1 -10 1176 233 1235 301-1 -1 -1 -1000 -1000 -1000 -10 -0.667387
Pedestrian -1 -1 -10 684 71 739 223-1 -1 -1 -1000 -1000 -1000 -10 -0.702206
Pedestrian -1 -1 -10 1210 138 1242 231-1 -1 -1 -1000 -1000 -1000 -10 -0.707277
Pedestrian -1 -1 -10 680 1 815 249-1 -1 -1 -1000 -1000 -1000 -10 -0.752118
Pedestrian -1 -1 -10 104 207 223 343-1 -1 -1 -1000 -1000 -1000 -10 -0.776115
Pedestrian -1 -1 -10 41 321 96 375-1 -1 -1 -1000 -1000 -1000 -10 -0.890123
Pedestrian -1 -1 -10 592 1 670 217-1 -1 -1 -1000 -1000 -1000 -10 -0.89358
Pedestrian -1 -1 -10 1193 89 1240 176-1 -1 -1 -1000 -1000 -1000 -10 -0.905017
Pedestrian -1 -1 -10 1106 1 1224 328-1 -1 -1 -1000 -1000 -1000 -10 -0.984915
Pedestrian -1 -1 -10 993 57 1040 144-1 -1 -1 -1000 -1000 -1000 -10 -0.990325
