Pedestrian -1 -1 -10 882 180 941 343-1 -1 -1 -1000 -1000 -1000 -10 -0.358878
Pedestrian -1 -1 -10 120 1 156 101-1 -1 -1 -1000 -1000 -1000 -10 -0.365574
Pedestrian -1 -1 -10 762 150 821 313-1 -1 -1 -1000 -1000 -1000 -10 -0.385076
Pedestrian -1 -1 -10 628 46 687 209-1 -1 -1 -1000 -1000 -1000 -10 -0.480123
Pedestrian -1 -1 -10 1065 1 1242 375-1 -1 -1 -1000 -1000 -1000 -10 -0.58259
Pedestrian -1 -1 -10 769 89 800 176-1 -1 -1 -1000 -1000 -1000 -10 -0.602571
Pedestrian -1 -1 -10 961 297 1008 375-1 -1 -1 -1000 -1000 -1000 -10 -0.625662
Pedestrian -1 -1 -10 250 1 283 94-1 -1 -1 -1000 -1000 -1000 -10 -0.697294
Pedestrian -1 -1 -10 584 1 652 189-1 -1 -1 -1000 -1000 -1000 -10 -0.700371
Pedestrian -1 -1 -10 929 129 1120 375-1 -1 -1 -1000 -1000 -1000 -10 -0.709898
Pedestrian -1 -1 -10 66 1 117 143-1 -1 -1 -1000 -1000 -1000 -10 -0.721409
Pedestrian -1 -1 -10 822 1 881 164-1 -1 -1 -1000 -1000 -1000 -10 -0.785037
Pedestrian -1 -1 -10 286 19 340 119-1 -1 -1 -1000 -1000 -1000 -10 -0.796661
Pedestrian -1 -1 -10 1 1 45 124-1 -1 -1 -1000 -1000 -1000 -10 -0.823884
Pedestrian -1 -1 -10 876 207 978 375-1 -1 -1 -1000 -1000 -1000 -10 -0.849382
Pedestrian -1 -1 -10 212 84 266 184-1 -1 -1 -1000 -1000 -1000 -10 -0.856607
Pedestrian -1 -1 -10 524 164 557 257-1 -1 -1 -1000 -1000 -1000 -10 -0.869132
Pedestrian -1 -1 -10 727 240 781 340-1 -1 -1 -1000 -1000 -1000 -10 -0.889455
Pedestrian -1 -1 -10 464 95 497 188-1 -1 -1 -1000 -1000 -1000 -10 -0.910123
Pedestrian -1 -1 -10 89 273 144 336-1 -1 -1 -1000 -1000 -1000 -10 -0.9327
Pedestrian -1 -1 -10 690 1 768 217-1 -1 -1 -1000 -1000 -1000 -10 -0.987434
Pedestrian -1 -1 -10 515 104 574 172-1 -1 -1 -1000 -1000 -1000 -10 -0.990426
Pedestrian -1 -1 -10 244 1 292 133-1 -1 -1 -1000 -1000 -1000 -10 -0.992215
