Pedestrian -1 -1 -10 575 10 625 103-1 -1 -1 -1000 -1000 -1000 -10 0.267769
Pedestrian -1 -1 -10 1081 65 1128 152-1 -1 -1 -1000 -1000 -1000 -10 -0.535856
Pedestrian -1 -1 -10 846 1 992 375-1 -1 -1 -1000 -1000 -1000 -10 -0.611801
Pedestrian -1 -1 -10 704 50 776 182-1 -1 -1 -1000 -1000 -1000 -10 -0.656045
Pedestrian -1 -1 -10 572 1 689 217-1 -1 -1 -1000 -1000 -1000 -10 -0.659314
Pedestrian -1 -1 -10 761 129 792 216-1 -1 -1 -1000 -1000 -1000 -10 -0.666909
Pedestrian -1 -1 -10 1209 177 1240 264-1 -1 -1 -1000 -1000 -1000 -10 -0.762162
Pedestrian -1 -1 -10 349 96 422 179-1 -1 -1 -1000 -1000 -1000 -10 -0.765633
Pedestrian -1 -1 -10 1030 102 1084 202-1 -1 -1 -1000 -1000 -1000 -10 -0.816389
Pedestrian -1 -1 -10 769 129 832 304-1 -1 -1 -1000 -1000 -1000 -10 -0.875238
Pedestrian -1 -1 -10 661 80 719 187-1 -1 -1 -1000 -1000 -1000 -10 -0.884295
Pedestrian -1 -1 -10 256 98 328 230-1 -1 -1 -1000 -1000 -1000 -10 -0.887462
Pedestrian -1 -1 -10 1210 27 1242 120-1 -1 -1 -1000 -1000 -1000 -10 -0.926043
Pedestrian -1 -1 -10 1180 105 1239 268-1 -1 -1 -1000 -1000 -1000 -10 -0.948569
Pedestrian -1 -1 -10 425 62 497 194-1 -1 -1 -1000 -1000 -1000 -10 -0.990776
Pedestrian -1 -1 -10 972 85 1242 375-1 -1 -1 -1000 -1000 -1000 -10 -0.992583
Pedestrian -1 -1 -10 195 122 243 254-1 -1 -1 -1000 -1000 -1000 -10 -0.996712
