Pedestrian -1 -1 -10 1018 154 1073 306-1 -1 -1 -1000 -1000 -1000 -10 0.0698748
Pedestrian -1 -1 -10 577 81 608 168-1 -1 -1 -1000 -1000 -1000 -10 -0.661333
Pedestrian -1 -1 -10 170 53 247 195-1 -1 -1 -1000 -1000 -1000 -10 -0.668315
Pedestrian -1 -1 -10 803 33 844 148-1 -1 -1 -1000 -1000 -1000 -10 -0.678988
Pedestrian -1 -1 -10 938 1 992 101-1 -1 -1 -1000 -1000 -1000 -10 -0.705006
Pedestrian -1 -1 -10 631 1 788 375-1 -1 -1 -1000 -1000 -1000 -10 -0.773403
Pedestrian -1 -1 -10 50 1 88 108-1 -1 -1 -1000 -1000 -1000 -10 -0.803608
Pedestrian -1 -1 -10 27 40 104 182-1 -1 -1 -1000 -1000 -1000 -10 -0.804937
Pedestrian -1 -1 -10 1 58 45 181-1 -1 -1 -1000 -1000 -1000 -10 -0.824387
Pedestrian -1 -1 -10 993 1 1140 169-1 -1 -1 -1000 -1000 -1000 -10 -0.863602
Pedestrian -1 -1 -10 509 31 568 194-1 -1 -1 -1000 -1000 -1000 -10 -0.902424
Pedestrian -1 -1 -10 1 1 74 202-1 -1 -1 -1000 -1000 -1000 -10 -0.96396
Pedestrian -1 -1 -10 1145 1 1235 104-1 -1 -1 -1000 -1000 -1000 -10 -0.966575
Pedestrian -1 -1 -10 947 40 1064 256-1 -1 -1 -1000 -1000 -1000 -10 -0.979993
Pedestrian -1 -1 -10 121 33 176 96-1 -1 -1 -1000 -1000 -1000 -10 -0.996118
