Pedestrian -1 -1 -10 961 138 1029 326-1 -1 -1 -1000 -1000 -1000 -10 0.997887
Pedestrian -1 -1 -10 1042 24 1132 272-1 -1 -1 -1000 -1000 -1000 -10 -0.290284
Pedestrian -1 -1 -10 1200 125 1242 248-1 -1 -1 -1000 -1000 -1000 -10 -0.369248
Pedestrian -1 -1 -10 907 1 1064 375-1 -1 -1 -1000 -1000 -1000 -10 -0.475695
Pedestrian -1 -1 -10 1 1 84 232-1 -1 -1 -1000 -1000 -1000 -10 -0.567512
Pedestrian -1 -1 -10 95 250 145 343-1 -1 -1 -1000 -1000 -1000 -10 -0.574624
Pedestrian -1 -1 -10 1 254 42 369-1 -1 -1 -1000 -1000 -1000 -10 -0.584309
Pedestrian -1 -1 -10 688 91 747 254-1 -1 -1 -1000 -1000 -1000 -10 -0.777957
Pedestrian -1 -1 -10 1116 1 1166 94-1 -1 -1 -1000 -1000 -1000 -10 -0.840121
Pedestrian -1 -1 -10 1134 90 1202 168-1 -1 -1 -1000 -1000 -1000 -10 -0.883009
Pedestrian -1 -1 -10 1 210 60 373-1 -1 -1 -1000 -1000 -1000 -10 -0.914997
Pedestrian -1 -1 -10 248 40 299 182-1 -1 -1 -1000 -1000 -1000 -10 -0.987895
Pedestrian -1 -1 -10 352 284 430 374-1 -1 -1 -1000 -1000 -1000 -10 -0.988375
