Pedestrian -1 -1 -10 867 130 917 223-1 -1 -1 -1000 -1000 -1000 -10 -0.33931
Pedestrian -1 -1 -10 837 93 873 193-1 -1 -1 -1000 -1000 -1000 -10 -0.419719
Pedestrian -1 -1 -10 198 138 231 231-1 -1 -1 -1000 -1000 -1000 -10 -0.635837
Pedestrian -1 -1 -10 893 10 943 103-1 -1 -1 -1000 -1000 -1000 -10 -0.667609
Pedestrian -1 -1 -10 690 1 767 143-1 -1 -1 -1000 -1000 -1000 -10 -0.670598
Pedestrian -1 -1 -10 182 29 237 181-1 -1 -1 -1000 -1000 -1000 -10 -0.693512
Pedestrian -1 -1 -10 618 95 668 188-1 -1 -1 -1000 -1000 -1000 -10 -0.711026
Pedestrian -1 -1 -10 905 73 936 160-1 -1 -1 -1000 -1000 -1000 -10 -0.738069
Pedestrian -1 -1 -10 539 64 580 179-1 -1 -1 -1000 -1000 -1000 -10 -0.783369
Pedestrian -1 -1 -10 773 95 806 188-1 -1 -1 -1000 -1000 -1000 -10 -0.905235
Pedestrian -1 -1 -10 1201 130 1242 223-1 -1 -1 -1000 -1000 -1000 -10 -0.921858
Pedestrian -1 -1 -10 572 80 610 187-1 -1 -1 -1000 -1000 -1000 -10 -0.941143
Pedestrian -1 -1 -10 409 25 440 112-1 -1 -1 -1000 -1000 -1000 -10 -0.950416
Pedestrian -1 -1 -10 951 1 1041 249-1 -1 -1 -1000 -1000 -1000 -10 -0.971691
Pedestrian -1 -1 -10 498 87 531 180-1 -1 -1 -1000 -1000 -1000 -10 -0.972712
Pedestrian -1 -1 -10 461 57 544 209-1 -1 -1 -1000 -1000 -1000 -10 -0.973383
Pedestrian -1 -1 -10 1165 98 1237 230-1 -1 -1 -1000 -1000 -1000 -10 -0.978115
Pedestrian -1 -1 -10 824 18 892 206-1 -1 -1 -1000 -1000 -1000 -10 -0.980264
Pedestrian -1 -1 -10 910 37 958 169-1 -1 -1 -1000 -1000 -1000 -10 -0.981061
Pedestrian -1 -1 -10 61 91 120 254-1 -1 -1 -1000 -1000 -1000 -10 -0.983521
