Pedestrian -1 -1 -10 1 170 84 375-1 -1 -1 -1000 -1000 -1000 -10 1.53687
Pedestrian -1 -1 -10 395 35 463 223-1 -1 -1 -1000 -1000 -1000 -10 -0.682596
Pedestrian -1 -1 -10 634 117 696 232-1 -1 -1 -1000 -1000 -1000 -10 -0.82544
Pedestrian -1 -1 -10 352 53 429 195-1 -1 -1 -1000 -1000 -1000 -10 -0.832278
Pedestrian -1 -1 -10 713 121 772 189-1 -1 -1 -1000 -1000 -1000 -10 -0.852205
Pedestrian -1 -1 -10 114 114 158 237-1 -1 -1 -1000 -1000 -1000 -10 -0.859485
Pedestrian -1 -1 -10 1095 56 1131 156-1 -1 -1 -1000 -1000 -1000 -10 -0.866255
Pedestrian -1 -1 -10 222 47 285 120-1 -1 -1 -1000 -1000 -1000 -10 -0.87051
Pedestrian -1 -1 -10 433 33 496 208-1 -1 -1 -1000 -1000 -1000 -10 -0.923417
Pedestrian -1 -1 -10 224 43 279 195-1 -1 -1 -1000 -1000 -1000 -10 -0.933359
Pedestrian -1 -1 -10 985 121 1032 208-1 -1 -1 -1000 -1000 -1000 -10 -0.948009
Pedestrian -1 -1 -10 1004 112 1242 375-1 -1 -1 -1000 -1000 -1000 -10 -0.977209
Pedestrian -1 -1 -10 287 168 355 246-1 -1 -1 -1000 -1000 -1000 -10 -0.999581
