Pedestrian -1 -1 -10 293 172 326 265-1 -1 -1 -1000 -1000 -1000 -10 2.212
Pedestrian -1 -1 -10 663 148 699 248-1 -1 -1 -1000 -1000 -1000 -10 -0.137699
Pedestrian -1 -1 -10 304 244 376 370-1 -1 -1 -1000 -1000 -1000 -10 -0.573483
Pedestrian -1 -1 -10 1104 70 1162 177-1 -1 -1 -1000 -1000 -1000 -10 -0.65016
Pedestrian -1 -1 -10 476 103 520 226-1 -1 -1 -1000 -1000 -1000 -10 -0.760893
Pedestrian -1 -1 -10 494 46 553 209-1 -1 -1 -1000 -1000 -1000 -10 -0.769863
Pedestrian -1 -1 -10 287 157 338 299-1 -1 -1 -1000 -1000 -1000 -10 -0.821205
Pedestrian -1 -1 -10 488 249 551 322-1 -1 -1 -1000 -1000 -1000 -10 -0.833279
Pedestrian -1 -1 -10 423 297 496 370-1 -1 -1 -1000 -1000 -1000 -10 -0.843554
Pedestrian -1 -1 -10 497 313 552 370-1 -1 -1 -1000 -1000 -1000 -10 -0.859666
Pedestrian -1 -1 -10 553 1 600 88-1 -1 -1 -1000 -1000 -1000 -10 -0.868487
Pedestrian -1 -1 -10 545 113 576 200-1 -1 -1 -1000 -1000 -1000 -10 -0.891036
Pedestrian -1 -1 -10 530 252 627 362-1 -1 -1 -1000 -1000 -1000 -10 -0.912972
Pedestrian -1 -1 -10 350 313 413 370-1 -1 -1 -1000 -1000 -1000 -10 -0.947928
Pedestrian -1 -1 -10 633 305 680 370-1 -1 -1 -1000 -1000 -1000 -10 -0.985298
