Pedestrian -1 -1 -10 1184 1 1235 143-1 -1 -1 -1000 -1000 -1000 -10 -0.521962
Pedestrian -1 -1 -10 1177 1 1242 375-1 -1 -1 -1000 -1000 -1000 -10 -0.55846
Pedestrian -1 -1 -10 1 25 49 157-1 -1 -1 -1000 -1000 -1000 -10 -0.609988
Pedestrian -1 -1 -10 33 161 88 224-1 -1 -1 -1000 -1000 -1000 -10 -0.678787
Pedestrian -1 -1 -10 113 153 160 240-1 -1 -1 -1000 -1000 -1000 -10 -0.755021
Pedestrian -1 -1 -10 385 1 608 256-1 -1 -1 -1000 -1000 -1000 -10 -0.763936
Pedestrian -1 -1 -10 951 43 1077 274-1 -1 -1 -1000 -1000 -1000 -10 -0.792975
Pedestrian -1 -1 -10 1 120 37 220-1 -1 -1 -1000 -1000 -1000 -10 -0.909487
Pedestrian -1 -1 -10 809 289 856 375-1 -1 -1 -1000 -1000 -1000 -10 -0.916307
Pedestrian -1 -1 -10 930 1 992 116-1 -1 -1 -1000 -1000 -1000 -10 -0.95746
Pedestrian -1 -1 -10 57 57 104 144-1 -1 -1 -1000 -1000 -1000 -10 -0.96034
Pedestrian -1 -1 -10 89 81 136 168-1 -1 -1 -1000 -1000 -1000 -10 -0.967443
Pedestrian -1 -1 -10 971 1 1164 375-1 -1 -1 -1000 -1000 -1000 -10 -0.969296
