Pedestrian -1 -1 -10 713 137 744 224-1 -1 -1 -1000 -1000 -1000 -10 -0.508743
Pedestrian -1 -1 -10 1017 129 1064 216-1 -1 -1 -1000 -1000 -1000 -10 -0.662854
Pedestrian -1 -1 -10 773 112 806 205-1 -1 -1 -1000 -1000 -1000 -10 -0.669548
Pedestrian -1 -1 -10 219 1 315 267-1 -1 -1 -1000 -1000 -1000 -10 -0.708046
Pedestrian -1 -1 -10 1058 47 1121 120-1 -1 -1 -1000 -1000 -1000 -10 -0.715686
Pedestrian -1 -1 -10 865 33 928 208-1 -1 -1 -1000 -1000 -1000 -10 -0.746372
Pedestrian -1 -1 -10 17 145 64 232-1 -1 -1 -1000 -1000 -1000 -10 -0.76799
Pedestrian -1 -1 -10 962 1 1035 84-1 -1 -1 -1000 -1000 -1000 -10 -0.829413
Pedestrian -1 -1 -10 906 92 984 182-1 -1 -1 -1000 -1000 -1000 -10 -0.836249
Pedestrian -1 -1 -10 449 76 508 239-1 -1 -1 -1000 -1000 -1000 -10 -0.852345
Pedestrian -1 -1 -10 498 138 557 206-1 -1 -1 -1000 -1000 -1000 -10 -0.896572
Pedestrian -1 -1 -10 764 313 827 375-1 -1 -1 -1000 -1000 -1000 -10 -0.907894
Pedestrian -1 -1 -10 1068 86 1140 218-1 -1 -1 -1000 -1000 -1000 -10 -0.933266
Pedestrian -1 -1 -10 729 98 801 230-1 -1 -1 -1000 -1000 -1000 -10 -0.959117
Pedestrian -1 -1 -10 813 86 885 218-1 -1 -1 -1000 -1000 -1000 -10 -0.989826
Pedestrian -1 -1 -10 927 1 986 69-1 -1 -1 -1000 -1000 -1000 -10 -0.993771
