Pedestrian -1 -1 -10 413 110 461 242-1 -1 -1 -1000 -1000 -1000 -10 0.277859
Pedestrian -1 -1 -10 433 201 464 288-1 -1 -1 -1000 -1000 -1000 -10 -0.432943
Pedestrian -1 -1 -10 1121 46 1188 169-1 -1 -1 -1000 -1000 -1000 -10 -0.484936
Pedestrian -1 -1 -10 433 277 469 370-1 -1 -1 -1000 -1000 -1000 -10 -0.643875
Pedestrian -1 -1 -10 1205 258 1224 358-1 -1 -1 -1000 -1000 -1000 -10 -0.676077
Pedestrian -1 -1 -10 444 90 502 197-1 -1 -1 -1000 -1000 -1000 -10 -0.702782
Pedestrian -1 -1 -10 1057 1 1224 370-1 -1 -1 -1000 -1000 -1000 -10 -0.707176
Pedestrian -1 -1 -10 313 93 349 193-1 -1 -1 -1000 -1000 -1000 -10 -0.735156
Pedestrian -1 -1 -10 508 149 634 370-1 -1 -1 -1000 -1000 -1000 -10 -0.749912
Pedestrian -1 -1 -10 341 50 680 370-1 -1 -1 -1000 -1000 -1000 -10 -0.803196
Pedestrian -1 -1 -10 329 17 360 104-1 -1 -1 -1000 -1000 -1000 -10 -0.836892
Pedestrian -1 -1 -10 841 81 872 168-1 -1 -1 -1000 -1000 -1000 -10 -0.841666
Pedestrian -1 -1 -10 193 129 416 370-1 -1 -1 -1000 -1000 -1000 -10 -0.841957
Pedestrian -1 -1 -10 687 78 720 171-1 -1 -1 -1000 -1000 -1000 -10 -0.865863
Pedestrian -1 -1 -10 130 27 189 95-1 -1 -1 -1000 -1000 -1000 -10 -0.88145
Pedestrian -1 -1 -10 1021 1 1057 101-1 -1 -1 -1000 -1000 -1000 -10 -0.904142
Pedestrian -1 -1 -10 109 31 167 138-1 -1 -1 -1000 -1000 -1000 -10 -0.931076
Pedestrian -1 -1 -10 281 9 328 96-1 -1 -1 -1000 -1000 -1000 -10 -0.97367
Pedestrian -1 -1 -10 817 81 848 168-1 -1 -1 -1000 -1000 -1000 -10 -0.98616
