Pedestrian -1 -1 -10 375 1 453 217-1 -1 -1 -1000 -1000 -1000 -10 -0.364825
Pedestrian -1 -1 -10 571 29 607 129-1 -1 -1 -1000 -1000 -1000 -10 -0.502243
Pedestrian -1 -1 -10 601 103 679 193-1 -1 -1 -1000 -1000 -1000 -10 -0.567491
Pedestrian -1 -1 -10 1189 62 1237 194-1 -1 -1 -1000 -1000 -1000 -10 -0.594174
Pedestrian -1 -1 -10 241 1 272 88-1 -1 -1 -1000 -1000 -1000 -10 -0.665393
Pedestrian -1 -1 -10 561 1 672 128-1 -1 -1 -1000 -1000 -1000 -10 -0.735193
Pedestrian -1 -1 -10 454 69 521 192-1 -1 -1 -1000 -1000 -1000 -10 -0.743431
Pedestrian -1 -1 -10 425 147 473 279-1 -1 -1 -1000 -1000 -1000 -10 -0.780874
Pedestrian -1 -1 -10 714 69 758 192-1 -1 -1 -1000 -1000 -1000 -10 -0.79628
Pedestrian -1 -1 -10 135 46 194 209-1 -1 -1 -1000 -1000 -1000 -10 -0.801466
Pedestrian -1 -1 -10 559 86 643 182-1 -1 -1 -1000 -1000 -1000 -10 -0.821207
Pedestrian -1 -1 -10 280 62 328 194-1 -1 -1 -1000 -1000 -1000 -10 -0.821791
Pedestrian -1 -1 -10 689 9 720 96-1 -1 -1 -1000 -1000 -1000 -10 -0.838584
Pedestrian -1 -1 -10 235 40 312 182-1 -1 -1 -1000 -1000 -1000 -10 -0.85069
Pedestrian -1 -1 -10 198 1 315 217-1 -1 -1 -1000 -1000 -1000 -10 -0.852965
Pedestrian -1 -1 -10 793 107 834 222-1 -1 -1 -1000 -1000 -1000 -10 -0.891798
Pedestrian -1 -1 -10 729 9 776 96-1 -1 -1 -1000 -1000 -1000 -10 -0.903157
Pedestrian -1 -1 -10 876 10 909 103-1 -1 -1 -1000 -1000 -1000 -10 -0.955531
Pedestrian -1 -1 -10 1088 107 1129 222-1 -1 -1 -1000 -1000 -1000 -10 -0.967246
Pedestrian -1 -1 -10 837 15 920 167-1 -1 -1 -1000 -1000 -1000 -10 -0.967999
Pedestrian -1 -1 -10 1 1 37 101-1 -1 -1 -1000 -1000 -1000 -10 -0.98429
Pedestrian -1 -1 -10 1064 92 1142 182-1 -1 -1 -1000 -1000 -1000 -10 -0.993939
Pedestrian -1 -1 -10 1081 318 1140 375-1 -1 -1 -1000 -1000 -1000 -10 -0.995756
Pedestrian -1 -1 -10 699 1 808 202-1 -1 -1 -1000 -1000 -1000 -10 -0.997204
