Pedestrian -1 -1 -10 571 147 619 279-1 -1 -1 -1000 -1000 -1000 -10 0.649502
Pedestrian -1 -1 -10 1041 225 1072 312-1 -1 -1 -1000 -1000 -1000 -10 -0.395473
Pedestrian -1 -1 -10 57 29 140 181-1 -1 -1 -1000 -1000 -1000 -10 -0.526961
Pedestrian -1 -1 -10 745 120 781 220-1 -1 -1 -1000 -1000 -1000 -10 -0.566757
Pedestrian -1 -1 -10 1076 31 1194 358-1 -1 -1 -1000 -1000 -1000 -10 -0.586804
Pedestrian -1 -1 -10 756 1 815 69-1 -1 -1 -1000 -1000 -1000 -10 -0.602905
Pedestrian -1 -1 -10 543 267 601 370-1 -1 -1 -1000 -1000 -1000 -10 -0.618588
Pedestrian -1 -1 -10 297 233 352 296-1 -1 -1 -1000 -1000 -1000 -10 -0.674173
Pedestrian -1 -1 -10 753 122 801 254-1 -1 -1 -1000 -1000 -1000 -10 -0.727877
Pedestrian -1 -1 -10 233 17 264 104-1 -1 -1 -1000 -1000 -1000 -10 -0.775413
Pedestrian -1 -1 -10 121 9 152 96-1 -1 -1 -1000 -1000 -1000 -10 -0.814276
Pedestrian -1 -1 -10 507 1 566 69-1 -1 -1 -1000 -1000 -1000 -10 -0.829597
Pedestrian -1 -1 -10 306 70 344 177-1 -1 -1 -1000 -1000 -1000 -10 -0.843007
Pedestrian -1 -1 -10 336 198 404 276-1 -1 -1 -1000 -1000 -1000 -10 -0.853
Pedestrian -1 -1 -10 261 144 338 286-1 -1 -1 -1000 -1000 -1000 -10 -0.897285
Pedestrian -1 -1 -10 573 261 663 364-1 -1 -1 -1000 -1000 -1000 -10 -0.90235
Pedestrian -1 -1 -10 985 216 1029 339-1 -1 -1 -1000 -1000 -1000 -10 -0.912549
Pedestrian -1 -1 -10 678 87 711 180-1 -1 -1 -1000 -1000 -1000 -10 -0.912929
Pedestrian -1 -1 -10 521 205 678 370-1 -1 -1 -1000 -1000 -1000 -10 -0.915205
Pedestrian -1 -1 -10 41 153 88 240-1 -1 -1 -1000 -1000 -1000 -10 -0.915851
Pedestrian -1 -1 -10 541 1 600 69-1 -1 -1 -1000 -1000 -1000 -10 -0.919268
Pedestrian -1 -1 -10 833 169 864 256-1 -1 -1 -1000 -1000 -1000 -10 -0.955828
Pedestrian -1 -1 -10 824 128 886 243-1 -1 -1 -1000 -1000 -1000 -10 -0.971896
Pedestrian -1 -1 -10 529 1 591 116-1 -1 -1 -1000 -1000 -1000 -10 -0.981113
