Pedestrian -1 -1 -10 1120 22 1161 137-1 -1 -1 -1000 -1000 -1000 -10 -0.218209
Pedestrian -1 -1 -10 1 177 48 264-1 -1 -1 -1000 -1000 -1000 -10 -0.451029
Pedestrian -1 -1 -10 378 181 428 274-1 -1 -1 -1000 -1000 -1000 -10 -0.615356
Pedestrian -1 -1 -10 1177 19 1240 92-1 -1 -1 -1000 -1000 -1000 -10 -0.617048
Pedestrian -1 -1 -10 601 130 660 198-1 -1 -1 -1000 -1000 -1000 -10 -0.632073
Pedestrian -1 -1 -10 1141 54 1214 137-1 -1 -1 -1000 -1000 -1000 -10 -0.723101
Pedestrian -1 -1 -10 977 137 1008 224-1 -1 -1 -1000 -1000 -1000 -10 -0.751311
Pedestrian -1 -1 -10 742 66 832 169-1 -1 -1 -1000 -1000 -1000 -10 -0.879288
Pedestrian -1 -1 -10 878 50 936 157-1 -1 -1 -1000 -1000 -1000 -10 -0.902438
Pedestrian -1 -1 -10 835 85 897 200-1 -1 -1 -1000 -1000 -1000 -10 -0.934173
Pedestrian -1 -1 -10 430 53 507 195-1 -1 -1 -1000 -1000 -1000 -10 -0.939211
Pedestrian -1 -1 -10 328 37 376 169-1 -1 -1 -1000 -1000 -1000 -10 -0.939856
Pedestrian -1 -1 -10 705 41 752 128-1 -1 -1 -1000 -1000 -1000 -10 -0.944233
Pedestrian -1 -1 -10 1021 35 1071 128-1 -1 -1 -1000 -1000 -1000 -10 -0.967424
Pedestrian -1 -1 -10 953 27 1012 95-1 -1 -1 -1000 -1000 -1000 -10 -0.968613
Pedestrian -1 -1 -10 389 50 437 182-1 -1 -1 -1000 -1000 -1000 -10 -0.981157
Pedestrian -1 -1 -10 1106 16 1209 134-1 -1 -1 -1000 -1000 -1000 -10 -0.98458
Pedestrian -1 -1 -10 884 138 943 206-1 -1 -1 -1000 -1000 -1000 -10 -0.993909
Pedestrian -1 -1 -10 1124 40 1202 256-1 -1 -1 -1000 -1000 -1000 -10 -0.996687
