Pedestrian -1 -1 -10 1021 130 1057 230-1 -1 -1 -1000 -1000 -1000 -10 -0.22354
Pedestrian -1 -1 -10 216 80 260 203-1 -1 -1 -1000 -1000 -1000 -10 -0.292583
Pedestrian -1 -1 -10 725 103 803 193-1 -1 -1 -1000 -1000 -1000 -10 -0.552186
Pedestrian -1 -1 -10 370 180 411 295-1 -1 -1 -1000 -1000 -1000 -10 -0.569205
Pedestrian -1 -1 -10 937 300 1027 375-1 -1 -1 -1000 -1000 -1000 -10 -0.577247
Pedestrian -1 -1 -10 653 104 703 197-1 -1 -1 -1000 -1000 -1000 -10 -0.681951
Pedestrian -1 -1 -10 608 93 736 239-1 -1 -1 -1000 -1000 -1000 -10 -0.69565
Pedestrian -1 -1 -10 304 13 388 109-1 -1 -1 -1000 -1000 -1000 -10 -0.755139
Pedestrian -1 -1 -10 301 121 334 214-1 -1 -1 -1000 -1000 -1000 -10 -0.777873
Pedestrian -1 -1 -10 396 120 459 193-1 -1 -1 -1000 -1000 -1000 -10 -0.816742
Pedestrian -1 -1 -10 313 53 416 338-1 -1 -1 -1000 -1000 -1000 -10 -0.861919
Pedestrian -1 -1 -10 917 92 961 215-1 -1 -1 -1000 -1000 -1000 -10 -0.892118
Pedestrian -1 -1 -10 190 87 309 223-1 -1 -1 -1000 -1000 -1000 -10 -0.908266
Pedestrian -1 -1 -10 601 250 660 318-1 -1 -1 -1000 -1000 -1000 -10 -0.946489
Pedestrian -1 -1 -10 1199 238 1242 375-1 -1 -1 -1000 -1000 -1000 -10 -0.949645
