Pedestrian -1 -1 -10 321 99 376 251-1 -1 -1 -1000 -1000 -1000 -10 -0.427365
Pedestrian -1 -1 -10 727 93 763 193-1 -1 -1 -1000 -1000 -1000 -10 -0.497663
Pedestrian -1 -1 -10 777 177 824 264-1 -1 -1 -1000 -1000 -1000 -10 -0.541161
Pedestrian -1 -1 -10 956 70 994 177-1 -1 -1 -1000 -1000 -1000 -10 -0.726131
Pedestrian -1 -1 -10 777 159 849 291-1 -1 -1 -1000 -1000 -1000 -10 -0.784978
Pedestrian -1 -1 -10 494 91 597 209-1 -1 -1 -1000 -1000 -1000 -10 -0.789767
Pedestrian -1 -1 -10 196 118 286 221-1 -1 -1 -1000 -1000 -1000 -10 -0.797687
Pedestrian -1 -1 -10 927 61 986 224-1 -1 -1 -1000 -1000 -1000 -10 -0.846093
Pedestrian -1 -1 -10 508 85 634 316-1 -1 -1 -1000 -1000 -1000 -10 -0.86383
Pedestrian -1 -1 -10 157 92 247 195-1 -1 -1 -1000 -1000 -1000 -10 -0.895799
Pedestrian -1 -1 -10 716 244 788 375-1 -1 -1 -1000 -1000 -1000 -10 -0.972817
