Pedestrian -1 -1 -10 849 49 944 224-1 -1 -1 -1000 -1000 -1000 -10 -0.182804
Pedestrian -1 -1 -10 740 75 781 190-1 -1 -1 -1000 -1000 -1000 -10 -0.284606
Pedestrian -1 -1 -10 938 102 974 202-1 -1 -1 -1000 -1000 -1000 -10 -0.334011
Pedestrian -1 -1 -10 1212 1 1242 108-1 -1 -1 -1000 -1000 -1000 -10 -0.541382
Pedestrian -1 -1 -10 1186 65 1222 165-1 -1 -1 -1000 -1000 -1000 -10 -0.552835
Pedestrian -1 -1 -10 9 121 40 208-1 -1 -1 -1000 -1000 -1000 -10 -0.643568
Pedestrian -1 -1 -10 1203 99 1241 206-1 -1 -1 -1000 -1000 -1000 -10 -0.684106
Pedestrian -1 -1 -10 1185 71 1240 223-1 -1 -1 -1000 -1000 -1000 -10 -0.762584
Pedestrian -1 -1 -10 677 66 754 208-1 -1 -1 -1000 -1000 -1000 -10 -0.808627
Pedestrian -1 -1 -10 1110 103 1188 193-1 -1 -1 -1000 -1000 -1000 -10 -0.846933
Pedestrian -1 -1 -10 1185 1 1242 352-1 -1 -1 -1000 -1000 -1000 -10 -0.883844
Pedestrian -1 -1 -10 614 43 669 195-1 -1 -1 -1000 -1000 -1000 -10 -0.912411
Pedestrian -1 -1 -10 741 110 825 206-1 -1 -1 -1000 -1000 -1000 -10 -0.930234
