Pedestrian -1 -1 -10 567 69 611 192-1 -1 -1 -1000 -1000 -1000 -10 -0.306676
Pedestrian -1 -1 -10 1185 97 1242 272-1 -1 -1 -1000 -1000 -1000 -10 -0.463919
Pedestrian -1 -1 -10 1046 105 1105 268-1 -1 -1 -1000 -1000 -1000 -10 -0.710841
Pedestrian -1 -1 -10 87 190 120 283-1 -1 -1 -1000 -1000 -1000 -10 -0.718036
Pedestrian -1 -1 -10 433 1 480 88-1 -1 -1 -1000 -1000 -1000 -10 -0.757316
Pedestrian -1 -1 -10 464 31 553 194-1 -1 -1 -1000 -1000 -1000 -10 -0.774949
Pedestrian -1 -1 -10 736 111 772 211-1 -1 -1 -1000 -1000 -1000 -10 -0.795971
Pedestrian -1 -1 -10 953 284 1003 375-1 -1 -1 -1000 -1000 -1000 -10 -0.847857
Pedestrian -1 -1 -10 1 176 55 276-1 -1 -1 -1000 -1000 -1000 -10 -0.861915
Pedestrian -1 -1 -10 898 107 960 222-1 -1 -1 -1000 -1000 -1000 -10 -0.882254
Pedestrian -1 -1 -10 793 148 837 271-1 -1 -1 -1000 -1000 -1000 -10 -0.905443
Pedestrian -1 -1 -10 14 118 65 260-1 -1 -1 -1000 -1000 -1000 -10 -0.9413
Pedestrian -1 -1 -10 795 71 850 223-1 -1 -1 -1000 -1000 -1000 -10 -0.947228
Pedestrian -1 -1 -10 1177 1 1242 202-1 -1 -1 -1000 -1000 -1000 -10 -0.955417
Pedestrian -1 -1 -10 773 293 832 361-1 -1 -1 -1000 -1000 -1000 -10 -0.966739
