Pedestrian -1 -1 -10 1 35 69 223-1 -1 -1 -1000 -1000 -1000 -10 -0.0648174
Pedestrian -1 -1 -10 1124 87 1174 180-1 -1 -1 -1000 -1000 -1000 -10 -0.57836
Pedestrian -1 -1 -10 976 154 1073 264-1 -1 -1 -1000 -1000 -1000 -10 -0.580052
Pedestrian -1 -1 -10 592 70 660 148-1 -1 -1 -1000 -1000 -1000 -10 -0.663941
Pedestrian -1 -1 -10 1193 1 1242 64-1 -1 -1 -1000 -1000 -1000 -10 -0.689567
Pedestrian -1 -1 -10 65 225 96 312-1 -1 -1 -1000 -1000 -1000 -10 -0.707241
Pedestrian -1 -1 -10 447 1 557 306-1 -1 -1 -1000 -1000 -1000 -10 -0.709712
Pedestrian -1 -1 -10 1145 131 1242 375-1 -1 -1 -1000 -1000 -1000 -10 -0.726039
Pedestrian -1 -1 -10 126 15 181 167-1 -1 -1 -1000 -1000 -1000 -10 -0.765968
Pedestrian -1 -1 -10 1064 1 1200 375-1 -1 -1 -1000 -1000 -1000 -10 -0.769099
Pedestrian -1 -1 -10 38 313 101 375-1 -1 -1 -1000 -1000 -1000 -10 -0.774021
Pedestrian -1 -1 -10 1186 38 1242 111-1 -1 -1 -1000 -1000 -1000 -10 -0.779391
Pedestrian -1 -1 -10 43 1 84 116-1 -1 -1 -1000 -1000 -1000 -10 -0.858981
Pedestrian -1 -1 -10 858 70 916 177-1 -1 -1 -1000 -1000 -1000 -10 -0.862144
Pedestrian -1 -1 -10 249 185 285 285-1 -1 -1 -1000 -1000 -1000 -10 -0.865407
Pedestrian -1 -1 -10 568 76 671 194-1 -1 -1 -1000 -1000 -1000 -10 -0.886466
Pedestrian -1 -1 -10 293 310 343 375-1 -1 -1 -1000 -1000 -1000 -10 -0.920083
Pedestrian -1 -1 -10 421 130 454 223-1 -1 -1 -1000 -1000 -1000 -10 -0.930167
Pedestrian -1 -1 -10 798 293 848 375-1 -1 -1 -1000 -1000 -1000 -10 -0.938503
Pedestrian -1 -1 -10 996 104 1029 197-1 -1 -1 -1000 -1000 -1000 -10 -0.945636
Pedestrian -1 -1 -10 90 11 148 118-1 -1 -1 -1000 -1000 -1000 -10 -0.98701
