Pedestrian -1 -1 -10 335 168 390 320-1 -1 -1 -1000 -1000 -1000 -10 1.28799
Pedestrian -1 -1 -10 316 119 394 335-1 -1 -1 -1000 -1000 -1000 -10 -0.128013
Pedestrian -1 -1 -10 60 218 197 375-1 -1 -1 -1000 -1000 -1000 -10 -0.207993
Pedestrian -1 -1 -10 201 273 256 336-1 -1 -1 -1000 -1000 -1000 -10 -0.418189
Pedestrian -1 -1 -10 139 218 276 375-1 -1 -1 -1000 -1000 -1000 -10 -0.503816
Pedestrian -1 -1 -10 487 138 528 253-1 -1 -1 -1000 -1000 -1000 -10 -0.552071
Pedestrian -1 -1 -10 838 1 928 249-1 -1 -1 -1000 -1000 -1000 -10 -0.637916
Pedestrian -1 -1 -10 553 113 584 200-1 -1 -1 -1000 -1000 -1000 -10 -0.644414
Pedestrian -1 -1 -10 1041 153 1072 240-1 -1 -1 -1000 -1000 -1000 -10 -0.659992
Pedestrian -1 -1 -10 769 17 824 80-1 -1 -1 -1000 -1000 -1000 -10 -0.732651
Pedestrian -1 -1 -10 657 137 688 224-1 -1 -1 -1000 -1000 -1000 -10 -0.734169
Pedestrian -1 -1 -10 804 171 848 294-1 -1 -1 -1000 -1000 -1000 -10 -0.758348
Pedestrian -1 -1 -10 1120 85 1242 316-1 -1 -1 -1000 -1000 -1000 -10 -0.781452
Pedestrian -1 -1 -10 791 19 845 119-1 -1 -1 -1000 -1000 -1000 -10 -0.787497
Pedestrian -1 -1 -10 465 85 527 200-1 -1 -1 -1000 -1000 -1000 -10 -0.806802
Pedestrian -1 -1 -10 969 185 1016 272-1 -1 -1 -1000 -1000 -1000 -10 -0.816984
Pedestrian -1 -1 -10 510 92 554 215-1 -1 -1 -1000 -1000 -1000 -10 -0.880829
Pedestrian -1 -1 -10 475 85 641 375-1 -1 -1 -1000 -1000 -1000 -10 -0.904386
Pedestrian -1 -1 -10 1084 188 1122 295-1 -1 -1 -1000 -1000 -1000 -10 -0.971241
