Pedestrian -1 -1 -10 9 113 40 200-1 -1 -1 -1000 -1000 -1000 -10 -0.631474
Pedestrian -1 -1 -10 50 86 98 218-1 -1 -1 -1000 -1000 -1000 -10 -0.739263
Pedestrian -1 -1 -10 235 40 286 182-1 -1 -1 -1000 -1000 -1000 -10 -0.786776
Pedestrian -1 -1 -10 898 110 970 242-1 -1 -1 -1000 -1000 -1000 -10 -0.787665
Pedestrian -1 -1 -10 762 1 821 164-1 -1 -1 -1000 -1000 -1000 -10 -0.788479
Pedestrian -1 -1 -10 961 81 1072 208-1 -1 -1 -1000 -1000 -1000 -10 -0.811
Pedestrian -1 -1 -10 593 97 640 184-1 -1 -1 -1000 -1000 -1000 -10 -0.811533
Pedestrian -1 -1 -10 60 40 128 118-1 -1 -1 -1000 -1000 -1000 -10 -0.82748
Pedestrian -1 -1 -10 215 130 265 223-1 -1 -1 -1000 -1000 -1000 -10 -0.84069
Pedestrian -1 -1 -10 1 85 98 195-1 -1 -1 -1000 -1000 -1000 -10 -0.841562
Pedestrian -1 -1 -10 265 149 306 264-1 -1 -1 -1000 -1000 -1000 -10 -0.868251
Pedestrian -1 -1 -10 1 1 84 232-1 -1 -1 -1000 -1000 -1000 -10 -0.908427
Pedestrian -1 -1 -10 730 10 780 103-1 -1 -1 -1000 -1000 -1000 -10 -0.913581
Pedestrian -1 -1 -10 1113 81 1144 168-1 -1 -1 -1000 -1000 -1000 -10 -0.915538
Pedestrian -1 -1 -10 35 35 137 223-1 -1 -1 -1000 -1000 -1000 -10 -0.957536
Pedestrian -1 -1 -10 1089 297 1136 375-1 -1 -1 -1000 -1000 -1000 -10 -0.972602
