Pedestrian -1 -1 -10 1076 56 1112 156-1 -1 -1 -1000 -1000 -1000 -10 0.214562
Pedestrian -1 -1 -10 1173 107 1214 222-1 -1 -1 -1000 -1000 -1000 -10 -0.287102
Pedestrian -1 -1 -10 1167 1 1235 189-1 -1 -1 -1000 -1000 -1000 -10 -0.321898
Pedestrian -1 -1 -10 1173 170 1214 285-1 -1 -1 -1000 -1000 -1000 -10 -0.447336
Pedestrian -1 -1 -10 986 70 1054 148-1 -1 -1 -1000 -1000 -1000 -10 -0.482613
Pedestrian -1 -1 -10 1091 16 1150 179-1 -1 -1 -1000 -1000 -1000 -10 -0.506575
Pedestrian -1 -1 -10 803 22 876 105-1 -1 -1 -1000 -1000 -1000 -10 -0.542375
Pedestrian -1 -1 -10 1098 1 1234 375-1 -1 -1 -1000 -1000 -1000 -10 -0.576613
Pedestrian -1 -1 -10 976 27 1053 169-1 -1 -1 -1000 -1000 -1000 -10 -0.586679
Pedestrian -1 -1 -10 76 76 135 239-1 -1 -1 -1000 -1000 -1000 -10 -0.724791
Pedestrian -1 -1 -10 295 103 339 226-1 -1 -1 -1000 -1000 -1000 -10 -0.732971
Pedestrian -1 -1 -10 718 102 754 202-1 -1 -1 -1000 -1000 -1000 -10 -0.734032
Pedestrian -1 -1 -10 541 10 600 78-1 -1 -1 -1000 -1000 -1000 -10 -0.826245
Pedestrian -1 -1 -10 112 15 167 167-1 -1 -1 -1000 -1000 -1000 -10 -0.843622
Pedestrian -1 -1 -10 172 181 205 274-1 -1 -1 -1000 -1000 -1000 -10 -0.875271
Pedestrian -1 -1 -10 645 75 686 190-1 -1 -1 -1000 -1000 -1000 -10 -0.905449
Pedestrian -1 -1 -10 1 86 49 218-1 -1 -1 -1000 -1000 -1000 -10 -0.922564
Pedestrian -1 -1 -10 1 1 60 164-1 -1 -1 -1000 -1000 -1000 -10 -0.944406
Pedestrian -1 -1 -10 773 1 1029 294-1 -1 -1 -1000 -1000 -1000 -10 -0.951046
Pedestrian -1 -1 -10 377 15 432 167-1 -1 -1 -1000 -1000 -1000 -10 -0.953521
Pedestrian -1 -1 -10 680 92 747 215-1 -1 -1 -1000 -1000 -1000 -10 -0.972901
Pedestrian -1 -1 -10 328 107 390 222-1 -1 -1 -1000 -1000 -1000 -10 -0.972905
Pedestrian -1 -1 -10 1007 86 1079 218-1 -1 -1 -1000 -1000 -1000 -10 -0.996568
