Pedestrian -1 -1 -10 986 40 1024 147-1 -1 -1 -1000 -1000 -1000 -10 0.208863
Pedestrian -1 -1 -10 663 84 699 184-1 -1 -1 -1000 -1000 -1000 -10 0.0985451
Pedestrian -1 -1 -10 79 53 130 195-1 -1 -1 -1000 -1000 -1000 -10 -0.500662
Pedestrian -1 -1 -10 134 74 182 206-1 -1 -1 -1000 -1000 -1000 -10 -0.572001
Pedestrian -1 -1 -10 704 50 752 182-1 -1 -1 -1000 -1000 -1000 -10 -0.600999
Pedestrian -1 -1 -10 1 145 32 232-1 -1 -1 -1000 -1000 -1000 -10 -0.613659
Pedestrian -1 -1 -10 1025 40 1063 147-1 -1 -1 -1000 -1000 -1000 -10 -0.615368
Pedestrian -1 -1 -10 56 102 92 202-1 -1 -1 -1000 -1000 -1000 -10 -0.713639
Pedestrian -1 -1 -10 153 49 200 136-1 -1 -1 -1000 -1000 -1000 -10 -0.743163
Pedestrian -1 -1 -10 976 29 1031 181-1 -1 -1 -1000 -1000 -1000 -10 -0.780318
Pedestrian -1 -1 -10 327 1 377 94-1 -1 -1 -1000 -1000 -1000 -10 -0.790009
Pedestrian -1 -1 -10 284 125 328 248-1 -1 -1 -1000 -1000 -1000 -10 -0.798262
Pedestrian -1 -1 -10 444 80 482 187-1 -1 -1 -1000 -1000 -1000 -10 -0.80723
Pedestrian -1 -1 -10 1 98 49 230-1 -1 -1 -1000 -1000 -1000 -10 -0.83496
Pedestrian -1 -1 -10 157 176 211 276-1 -1 -1 -1000 -1000 -1000 -10 -0.8903
Pedestrian -1 -1 -10 1014 159 1055 274-1 -1 -1 -1000 -1000 -1000 -10 -0.94157
Pedestrian -1 -1 -10 425 74 509 170-1 -1 -1 -1000 -1000 -1000 -10 -0.952293
Pedestrian -1 -1 -10 505 113 536 200-1 -1 -1 -1000 -1000 -1000 -10 -0.967018
Pedestrian -1 -1 -10 688 31 777 194-1 -1 -1 -1000 -1000 -1000 -10 -0.968838
Pedestrian -1 -1 -10 852 1 911 164-1 -1 -1 -1000 -1000 -1000 -10 -0.977879
Pedestrian -1 -1 -10 119 40 197 256-1 -1 -1 -1000 -1000 -1000 -10 -0.993846
