Pedestrian -1 -1 -10 164 190 197 283-1 -1 -1 -1000 -1000 -1000 -10 -0.551951
Pedestrian -1 -1 -10 137 159 181 282-1 -1 -1 -1000 -1000 -1000 -10 -0.660705
Pedestrian -1 -1 -10 165 120 224 283-1 -1 -1 -1000 -1000 -1000 -10 -0.714734
Pedestrian -1 -1 -10 1 249 32 336-1 -1 -1 -1000 -1000 -1000 -10 -0.714878
Pedestrian -1 -1 -10 473 169 504 256-1 -1 -1 -1000 -1000 -1000 -10 -0.740066
Pedestrian -1 -1 -10 921 153 968 240-1 -1 -1 -1000 -1000 -1000 -10 -0.815614
Pedestrian -1 -1 -10 86 171 134 303-1 -1 -1 -1000 -1000 -1000 -10 -0.900652
Pedestrian -1 -1 -10 284 159 362 249-1 -1 -1 -1000 -1000 -1000 -10 -0.903235
Pedestrian -1 -1 -10 1076 270 1179 375-1 -1 -1 -1000 -1000 -1000 -10 -0.934844
Pedestrian -1 -1 -10 651 168 719 246-1 -1 -1 -1000 -1000 -1000 -10 -0.954391
