Pedestrian -1 -1 -10 696 130 729 223-1 -1 -1 -1000 -1000 -1000 -10 -0.381756
Pedestrian -1 -1 -10 1 25 49 157-1 -1 -1 -1000 -1000 -1000 -10 -0.395448
Pedestrian -1 -1 -10 1 153 48 240-1 -1 -1 -1000 -1000 -1000 -10 -0.525269
Pedestrian -1 -1 -10 1204 22 1242 137-1 -1 -1 -1000 -1000 -1000 -10 -0.588184
Pedestrian -1 -1 -10 365 1 468 286-1 -1 -1 -1000 -1000 -1000 -10 -0.604942
Pedestrian -1 -1 -10 510 103 577 226-1 -1 -1 -1000 -1000 -1000 -10 -0.723172
Pedestrian -1 -1 -10 976 149 1014 256-1 -1 -1 -1000 -1000 -1000 -10 -0.727249
Pedestrian -1 -1 -10 963 170 1053 273-1 -1 -1 -1000 -1000 -1000 -10 -0.756359
Pedestrian -1 -1 -10 1173 1 1214 116-1 -1 -1 -1000 -1000 -1000 -10 -0.756626
Pedestrian -1 -1 -10 1177 1 1242 202-1 -1 -1 -1000 -1000 -1000 -10 -0.872075
Pedestrian -1 -1 -10 489 129 520 216-1 -1 -1 -1000 -1000 -1000 -10 -0.873233
Pedestrian -1 -1 -10 447 1 686 274-1 -1 -1 -1000 -1000 -1000 -10 -0.87949
Pedestrian -1 -1 -10 689 49 752 224-1 -1 -1 -1000 -1000 -1000 -10 -0.882232
Pedestrian -1 -1 -10 664 14 715 156-1 -1 -1 -1000 -1000 -1000 -10 -0.960988
Pedestrian -1 -1 -10 867 16 970 134-1 -1 -1 -1000 -1000 -1000 -10 -0.98249
Pedestrian -1 -1 -10 1119 27 1222 312-1 -1 -1 -1000 -1000 -1000 -10 -0.98963
Pedestrian -1 -1 -10 293 61 352 129-1 -1 -1 -1000 -1000 -1000 -10 -0.999209
