Pedestrian -1 -1 -10 910 138 978 326-1 -1 -1 -1000 -1000 -1000 -10 2.45444
Pedestrian -1 -1 -10 756 155 824 343-1 -1 -1 -1000 -1000 -1000 -10 2.12129
Pedestrian -1 -1 -10 635 155 703 343-1 -1 -1 -1000 -1000 -1000 -10 1.28948
Pedestrian -1 -1 -10 833 145 896 320-1 -1 -1 -1000 -1000 -1000 -10 1.23711
Pedestrian -1 -1 -10 257 145 288 232-1 -1 -1 -1000 -1000 -1000 -10 -0.0921855
Pedestrian -1 -1 -10 725 57 891 362-1 -1 -1 -1000 -1000 -1000 -10 -0.0996046
Pedestrian -1 -1 -10 1060 168 1224 370-1 -1 -1 -1000 -1000 -1000 -10 -0.36286
Pedestrian -1 -1 -10 861 114 996 362-1 -1 -1 -1000 -1000 -1000 -10 -0.402432
Pedestrian -1 -1 -10 481 9 512 96-1 -1 -1 -1000 -1000 -1000 -10 -0.550817
Pedestrian -1 -1 -10 180 265 242 370-1 -1 -1 -1000 -1000 -1000 -10 -0.64149
Pedestrian -1 -1 -10 653 52 686 145-1 -1 -1 -1000 -1000 -1000 -10 -0.681467
Pedestrian -1 -1 -10 339 144 429 247-1 -1 -1 -1000 -1000 -1000 -10 -0.714504
Pedestrian -1 -1 -10 240 1 329 164-1 -1 -1 -1000 -1000 -1000 -10 -0.737813
Pedestrian -1 -1 -10 655 96 717 211-1 -1 -1 -1000 -1000 -1000 -10 -0.743583
Pedestrian -1 -1 -10 352 261 396 370-1 -1 -1 -1000 -1000 -1000 -10 -0.755614
Pedestrian -1 -1 -10 474 1 552 217-1 -1 -1 -1000 -1000 -1000 -10 -0.845153
Pedestrian -1 -1 -10 547 79 702 364-1 -1 -1 -1000 -1000 -1000 -10 -0.862327
Pedestrian -1 -1 -10 404 210 507 328-1 -1 -1 -1000 -1000 -1000 -10 -0.906408
Pedestrian -1 -1 -10 280 183 364 279-1 -1 -1 -1000 -1000 -1000 -10 -0.920186
Pedestrian -1 -1 -10 375 159 492 370-1 -1 -1 -1000 -1000 -1000 -10 -0.921934
Pedestrian -1 -1 -10 128 233 275 370-1 -1 -1 -1000 -1000 -1000 -10 -0.923133
Pedestrian -1 -1 -10 626 1 846 370-1 -1 -1 -1000 -1000 -1000 -10 -0.923596
Pedestrian -1 -1 -10 861 12 905 135-1 -1 -1 -1000 -1000 -1000 -10 -0.930399
Pedestrian -1 -1 -10 329 24 373 147-1 -1 -1 -1000 -1000 -1000 -10 -0.951482
