Pedestrian -1 -1 -10 417 14 494 156-1 -1 -1 -1000 -1000 -1000 -10 -0.578787
Pedestrian -1 -1 -10 966 75 1020 175-1 -1 -1 -1000 -1000 -1000 -10 -0.628618
Pedestrian -1 -1 -10 1033 97 1080 184-1 -1 -1 -1000 -1000 -1000 -10 -0.643425
Pedestrian -1 -1 -10 690 231 753 304-1 -1 -1 -1000 -1000 -1000 -10 -0.71201
Pedestrian -1 -1 -10 401 89 432 176-1 -1 -1 -1000 -1000 -1000 -10 -0.74962
Pedestrian -1 -1 -10 190 147 249 215-1 -1 -1 -1000 -1000 -1000 -10 -0.769019
Pedestrian -1 -1 -10 945 145 976 232-1 -1 -1 -1000 -1000 -1000 -10 -0.801902
Pedestrian -1 -1 -10 1013 147 1063 240-1 -1 -1 -1000 -1000 -1000 -10 -0.839251
Pedestrian -1 -1 -10 689 313 744 370-1 -1 -1 -1000 -1000 -1000 -10 -0.842424
Pedestrian -1 -1 -10 1116 70 1166 163-1 -1 -1 -1000 -1000 -1000 -10 -0.848453
Pedestrian -1 -1 -10 1018 99 1101 251-1 -1 -1 -1000 -1000 -1000 -10 -0.860025
Pedestrian -1 -1 -10 1 49 32 136-1 -1 -1 -1000 -1000 -1000 -10 -0.882185
Pedestrian -1 -1 -10 1186 56 1222 156-1 -1 -1 -1000 -1000 -1000 -10 -0.885889
Pedestrian -1 -1 -10 1150 61 1209 129-1 -1 -1 -1000 -1000 -1000 -10 -0.886986
Pedestrian -1 -1 -10 1068 74 1140 206-1 -1 -1 -1000 -1000 -1000 -10 -0.906284
Pedestrian -1 -1 -10 1 125 45 248-1 -1 -1 -1000 -1000 -1000 -10 -0.949063
Pedestrian -1 -1 -10 1176 10 1224 103-1 -1 -1 -1000 -1000 -1000 -10 -0.956145
Pedestrian -1 -1 -10 1098 164 1148 257-1 -1 -1 -1000 -1000 -1000 -10 -0.957006
Pedestrian -1 -1 -10 1134 139 1202 217-1 -1 -1 -1000 -1000 -1000 -10 -0.959427
Pedestrian -1 -1 -10 249 121 296 208-1 -1 -1 -1000 -1000 -1000 -10 -0.973551
Pedestrian -1 -1 -10 921 137 968 224-1 -1 -1 -1000 -1000 -1000 -10 -0.980065
Pedestrian -1 -1 -10 907 60 975 138-1 -1 -1 -1000 -1000 -1000 -10 -0.98629
