Pedestrian -1 -1 -10 661 1 699 108-1 -1 -1 -1000 -1000 -1000 -10 -0.23579
Pedestrian -1 -1 -10 1210 130 1242 223-1 -1 -1 -1000 -1000 -1000 -10 -0.477208
Pedestrian -1 -1 -10 265 217 296 304-1 -1 -1 -1000 -1000 -1000 -10 -0.726609
Pedestrian -1 -1 -10 582 99 620 206-1 -1 -1 -1000 -1000 -1000 -10 -0.74511
Pedestrian -1 -1 -10 1 222 37 322-1 -1 -1 -1000 -1000 -1000 -10 -0.747753
Pedestrian -1 -1 -10 625 1 728 286-1 -1 -1 -1000 -1000 -1000 -10 -0.763629
Pedestrian -1 -1 -10 149 191 232 375-1 -1 -1 -1000 -1000 -1000 -10 -0.79367
Pedestrian -1 -1 -10 1 19 55 119-1 -1 -1 -1000 -1000 -1000 -10 -0.81273
Pedestrian -1 -1 -10 948 1 1058 306-1 -1 -1 -1000 -1000 -1000 -10 -0.853357
Pedestrian -1 -1 -10 10 267 43 360-1 -1 -1 -1000 -1000 -1000 -10 -0.854109
Pedestrian -1 -1 -10 337 105 368 192-1 -1 -1 -1000 -1000 -1000 -10 -0.860719
Pedestrian -1 -1 -10 313 131 364 273-1 -1 -1 -1000 -1000 -1000 -10 -0.874243
Pedestrian -1 -1 -10 544 46 622 136-1 -1 -1 -1000 -1000 -1000 -10 -0.87816
Pedestrian -1 -1 -10 281 241 336 304-1 -1 -1 -1000 -1000 -1000 -10 -0.888176
Pedestrian -1 -1 -10 1104 1 1242 375-1 -1 -1 -1000 -1000 -1000 -10 -0.933382
Pedestrian -1 -1 -10 718 1 754 101-1 -1 -1 -1000 -1000 -1000 -10 -0.955331
Pedestrian -1 -1 -10 906 85 961 237-1 -1 -1 -1000 -1000 -1000 -10 -0.967275
Pedestrian -1 -1 -10 228 11 286 118-1 -1 -1 -1000 -1000 -1000 -10 -0.999911
