Pedestrian -1 -1 -10 1 1 223 375-1 -1 -1 -1000 -1000 -1000 -10 -0.00789309
Pedestrian -1 -1 -10 798 87 831 180-1 -1 -1 -1000 -1000 -1000 -10 -0.224781
Pedestrian -1 -1 -10 389 76 448 239-1 -1 -1 -1000 -1000 -1000 -10 -0.410046
Pedestrian -1 -1 -10 1088 107 1129 222-1 -1 -1 -1000 -1000 -1000 -10 -0.437795
Pedestrian -1 -1 -10 673 61 732 224-1 -1 -1 -1000 -1000 -1000 -10 -0.502774
Pedestrian -1 -1 -10 361 113 392 200-1 -1 -1 -1000 -1000 -1000 -10 -0.577408
Pedestrian -1 -1 -10 1222 109 1242 216-1 -1 -1 -1000 -1000 -1000 -10 -0.704908
Pedestrian -1 -1 -10 559 1 643 97-1 -1 -1 -1000 -1000 -1000 -10 -0.712067
Pedestrian -1 -1 -10 819 120 882 193-1 -1 -1 -1000 -1000 -1000 -10 -0.730272
Pedestrian -1 -1 -10 1189 92 1233 215-1 -1 -1 -1000 -1000 -1000 -10 -0.742408
Pedestrian -1 -1 -10 747 61 806 224-1 -1 -1 -1000 -1000 -1000 -10 -0.773046
Pedestrian -1 -1 -10 286 56 349 129-1 -1 -1 -1000 -1000 -1000 -10 -0.788393
Pedestrian -1 -1 -10 433 65 496 240-1 -1 -1 -1000 -1000 -1000 -10 -0.796496
Pedestrian -1 -1 -10 1193 321 1242 375-1 -1 -1 -1000 -1000 -1000 -10 -0.801995
Pedestrian -1 -1 -10 329 113 360 200-1 -1 -1 -1000 -1000 -1000 -10 -0.802058
Pedestrian -1 -1 -10 1155 1 1242 249-1 -1 -1 -1000 -1000 -1000 -10 -0.840405
Pedestrian -1 -1 -10 185 1 441 294-1 -1 -1 -1000 -1000 -1000 -10 -0.858527
Pedestrian -1 -1 -10 635 121 685 214-1 -1 -1 -1000 -1000 -1000 -10 -0.918979
Pedestrian -1 -1 -10 424 212 487 285-1 -1 -1 -1000 -1000 -1000 -10 -0.935301
Pedestrian -1 -1 -10 631 1 689 108-1 -1 -1 -1000 -1000 -1000 -10 -0.954946
Pedestrian -1 -1 -10 487 54 549 169-1 -1 -1 -1000 -1000 -1000 -10 -0.960855
Pedestrian -1 -1 -10 473 1 506 94-1 -1 -1 -1000 -1000 -1000 -10 -0.966952
Pedestrian -1 -1 -10 677 1 718 116-1 -1 -1 -1000 -1000 -1000 -10 -0.996041
