Pedestrian -1 -1 -10 1057 1 1225 375-1 -1 -1 -1000 -1000 -1000 -10 -0.667708
Pedestrian -1 -1 -10 235 14 312 156-1 -1 -1 -1000 -1000 -1000 -10 -0.695096
Pedestrian -1 -1 -10 598 130 661 203-1 -1 -1 -1000 -1000 -1000 -10 -0.71038
Pedestrian -1 -1 -10 841 1 874 94-1 -1 -1 -1000 -1000 -1000 -10 -0.762322
Pedestrian -1 -1 -10 628 85 725 195-1 -1 -1 -1000 -1000 -1000 -10 -0.807686
Pedestrian -1 -1 -10 927 1 985 108-1 -1 -1 -1000 -1000 -1000 -10 -0.818148
Pedestrian -1 -1 -10 858 109 896 216-1 -1 -1 -1000 -1000 -1000 -10 -0.86061
Pedestrian -1 -1 -10 702 1 780 91-1 -1 -1 -1000 -1000 -1000 -10 -0.89546
Pedestrian -1 -1 -10 770 1 814 124-1 -1 -1 -1000 -1000 -1000 -10 -0.920126
Pedestrian -1 -1 -10 1227 138 1242 231-1 -1 -1 -1000 -1000 -1000 -10 -0.987134
Pedestrian -1 -1 -10 881 297 928 375-1 -1 -1 -1000 -1000 -1000 -10 -0.990417
Pedestrian -1 -1 -10 287 118 338 260-1 -1 -1 -1000 -1000 -1000 -10 -0.996805
