Pedestrian -1 -1 -10 568 16 627 179-1 -1 -1 -1000 -1000 -1000 -10 -0.317477
Pedestrian -1 -1 -10 215 1 274 69-1 -1 -1 -1000 -1000 -1000 -10 -0.433866
Pedestrian -1 -1 -10 913 49 976 224-1 -1 -1 -1000 -1000 -1000 -10 -0.631089
Pedestrian -1 -1 -10 449 76 552 194-1 -1 -1 -1000 -1000 -1000 -10 -0.644361
Pedestrian -1 -1 -10 716 53 767 195-1 -1 -1 -1000 -1000 -1000 -10 -0.66795
Pedestrian -1 -1 -10 219 1 303 97-1 -1 -1 -1000 -1000 -1000 -10 -0.673353
Pedestrian -1 -1 -10 779 90 837 197-1 -1 -1 -1000 -1000 -1000 -10 -0.699797
Pedestrian -1 -1 -10 296 40 374 256-1 -1 -1 -1000 -1000 -1000 -10 -0.801152
Pedestrian -1 -1 -10 680 1 996 362-1 -1 -1 -1000 -1000 -1000 -10 -0.851217
Pedestrian -1 -1 -10 521 103 599 193-1 -1 -1 -1000 -1000 -1000 -10 -0.903248
Pedestrian -1 -1 -10 623 103 701 193-1 -1 -1 -1000 -1000 -1000 -10 -0.92177
Pedestrian -1 -1 -10 356 50 394 157-1 -1 -1 -1000 -1000 -1000 -10 -0.934126
Pedestrian -1 -1 -10 275 1 514 274-1 -1 -1 -1000 -1000 -1000 -10 -0.953989
Pedestrian -1 -1 -10 111 1 331 375-1 -1 -1 -1000 -1000 -1000 -10 -0.954784
