Pedestrian -1 -1 -10 624 107 665 222-1 -1 -1 -1000 -1000 -1000 -10 0.405046
Pedestrian -1 -1 -10 1014 85 1087 168-1 -1 -1 -1000 -1000 -1000 -10 0.397614
Pedestrian -1 -1 -10 1014 85 1097 316-1 -1 -1 -1000 -1000 -1000 -10 0.24376
Pedestrian -1 -1 -10 995 74 1140 340-1 -1 -1 -1000 -1000 -1000 -10 -0.446686
Pedestrian -1 -1 -10 335 155 385 248-1 -1 -1 -1000 -1000 -1000 -10 -0.729247
Pedestrian -1 -1 -10 858 301 891 375-1 -1 -1 -1000 -1000 -1000 -10 -0.780202
Pedestrian -1 -1 -10 305 297 352 375-1 -1 -1 -1000 -1000 -1000 -10 -0.789553
Pedestrian -1 -1 -10 313 111 367 211-1 -1 -1 -1000 -1000 -1000 -10 -0.798392
Pedestrian -1 -1 -10 646 69 690 192-1 -1 -1 -1000 -1000 -1000 -10 -0.872972
Pedestrian -1 -1 -10 421 147 454 240-1 -1 -1 -1000 -1000 -1000 -10 -0.886777
Pedestrian -1 -1 -10 601 318 660 375-1 -1 -1 -1000 -1000 -1000 -10 -0.934902
Pedestrian -1 -1 -10 336 31 404 109-1 -1 -1 -1000 -1000 -1000 -10 -0.949561
Pedestrian -1 -1 -10 395 52 445 145-1 -1 -1 -1000 -1000 -1000 -10 -0.950558
Pedestrian -1 -1 -10 344 16 433 179-1 -1 -1 -1000 -1000 -1000 -10 -0.964916
Pedestrian -1 -1 -10 996 1 1235 274-1 -1 -1 -1000 -1000 -1000 -10 -0.978823
Pedestrian -1 -1 -10 219 1 315 267-1 -1 -1 -1000 -1000 -1000 -10 -0.986317
Pedestrian -1 -1 -10 833 145 944 272-1 -1 -1 -1000 -1000 -1000 -10 -0.995911
Pedestrian -1 -1 -10 310 164 343 257-1 -1 -1 -1000 -1000 -1000 -10 -0.999589
