Pedestrian -1 -1 -10 1 46 317 375-1 -1 -1 -1000 -1000 -1000 -10 -0.537078
Pedestrian -1 -1 -10 350 38 423 239-1 -1 -1 -1000 -1000 -1000 -10 -0.650435
Pedestrian -1 -1 -10 1193 281 1240 368-1 -1 -1 -1000 -1000 -1000 -10 -0.709871
Pedestrian -1 -1 -10 1210 52 1242 145-1 -1 -1 -1000 -1000 -1000 -10 -0.740769
Pedestrian -1 -1 -10 617 84 671 184-1 -1 -1 -1000 -1000 -1000 -10 -0.821877
Pedestrian -1 -1 -10 1209 161 1240 248-1 -1 -1 -1000 -1000 -1000 -10 -0.832776
Pedestrian -1 -1 -10 1210 1 1242 94-1 -1 -1 -1000 -1000 -1000 -10 -0.860127
Pedestrian -1 -1 -10 1210 224 1242 317-1 -1 -1 -1000 -1000 -1000 -10 -0.958679
Pedestrian -1 -1 -10 521 114 588 237-1 -1 -1 -1000 -1000 -1000 -10 -0.960964
Pedestrian -1 -1 -10 451 286 505 375-1 -1 -1 -1000 -1000 -1000 -10 -0.970262
Pedestrian -1 -1 -10 1161 113 1192 200-1 -1 -1 -1000 -1000 -1000 -10 -0.976237
