Pedestrian -1 -1 -10 1004 164 1037 257-1 -1 -1 -1000 -1000 -1000 -10 -0.140413
Pedestrian -1 -1 -10 817 137 848 224-1 -1 -1 -1000 -1000 -1000 -10 -0.261386
Pedestrian -1 -1 -10 886 110 934 242-1 -1 -1 -1000 -1000 -1000 -10 -0.6134
Pedestrian -1 -1 -10 304 1 352 133-1 -1 -1 -1000 -1000 -1000 -10 -0.641279
Pedestrian -1 -1 -10 1121 1 1242 352-1 -1 -1 -1000 -1000 -1000 -10 -0.65138
Pedestrian -1 -1 -10 938 157 992 257-1 -1 -1 -1000 -1000 -1000 -10 -0.703763
Pedestrian -1 -1 -10 1 268 73 375-1 -1 -1 -1000 -1000 -1000 -10 -0.726038
Pedestrian -1 -1 -10 635 1 725 249-1 -1 -1 -1000 -1000 -1000 -10 -0.742844
Pedestrian -1 -1 -10 601 73 656 136-1 -1 -1 -1000 -1000 -1000 -10 -0.747891
Pedestrian -1 -1 -10 759 90 797 197-1 -1 -1 -1000 -1000 -1000 -10 -0.775058
Pedestrian -1 -1 -10 809 71 864 223-1 -1 -1 -1000 -1000 -1000 -10 -0.784835
Pedestrian -1 -1 -10 130 139 193 212-1 -1 -1 -1000 -1000 -1000 -10 -0.808047
Pedestrian -1 -1 -10 1001 105 1060 268-1 -1 -1 -1000 -1000 -1000 -10 -0.825418
Pedestrian -1 -1 -10 824 27 883 95-1 -1 -1 -1000 -1000 -1000 -10 -0.825935
Pedestrian -1 -1 -10 858 112 908 205-1 -1 -1 -1000 -1000 -1000 -10 -0.861941
Pedestrian -1 -1 -10 361 104 411 197-1 -1 -1 -1000 -1000 -1000 -10 -0.881388
Pedestrian -1 -1 -10 1032 154 1129 264-1 -1 -1 -1000 -1000 -1000 -10 -0.88782
Pedestrian -1 -1 -10 803 22 886 253-1 -1 -1 -1000 -1000 -1000 -10 -0.942625
Pedestrian -1 -1 -10 586 66 663 208-1 -1 -1 -1000 -1000 -1000 -10 -0.962846
Pedestrian -1 -1 -10 280 15 335 167-1 -1 -1 -1000 -1000 -1000 -10 -0.965748
Pedestrian -1 -1 -10 567 138 617 231-1 -1 -1 -1000 -1000 -1000 -10 -0.979772
