Pedestrian -1 -1 -10 12 92 56 215-1 -1 -1 -1000 -1000 -1000 -10 -0.0863304
Pedestrian -1 -1 -10 696 104 746 197-1 -1 -1 -1000 -1000 -1000 -10 -0.279619
Pedestrian -1 -1 -10 745 113 776 200-1 -1 -1 -1000 -1000 -1000 -10 -0.45261
Pedestrian -1 -1 -10 1225 25 1242 112-1 -1 -1 -1000 -1000 -1000 -10 -0.698803
Pedestrian -1 -1 -10 157 56 193 156-1 -1 -1 -1000 -1000 -1000 -10 -0.728336
Pedestrian -1 -1 -10 1017 57 1064 144-1 -1 -1 -1000 -1000 -1000 -10 -0.816472
Pedestrian -1 -1 -10 318 70 351 163-1 -1 -1 -1000 -1000 -1000 -10 -0.820782
Pedestrian -1 -1 -10 801 113 832 200-1 -1 -1 -1000 -1000 -1000 -10 -0.828134
Pedestrian -1 -1 -10 702 69 769 192-1 -1 -1 -1000 -1000 -1000 -10 -0.848287
Pedestrian -1 -1 -10 1068 13 1140 145-1 -1 -1 -1000 -1000 -1000 -10 -0.856888
Pedestrian -1 -1 -10 664 53 741 195-1 -1 -1 -1000 -1000 -1000 -10 -0.882245
Pedestrian -1 -1 -10 17 185 72 248-1 -1 -1 -1000 -1000 -1000 -10 -0.896781
Pedestrian -1 -1 -10 273 81 304 168-1 -1 -1 -1000 -1000 -1000 -10 -0.897346
Pedestrian -1 -1 -10 874 1 970 267-1 -1 -1 -1000 -1000 -1000 -10 -0.935423
Pedestrian -1 -1 -10 635 19 689 119-1 -1 -1 -1000 -1000 -1000 -10 -0.937772
Pedestrian -1 -1 -10 457 57 504 144-1 -1 -1 -1000 -1000 -1000 -10 -0.939371
Pedestrian -1 -1 -10 1106 1 1195 164-1 -1 -1 -1000 -1000 -1000 -10 -0.948302
Pedestrian -1 -1 -10 644 78 677 171-1 -1 -1 -1000 -1000 -1000 -10 -0.957322
Pedestrian -1 -1 -10 940 58 1018 148-1 -1 -1 -1000 -1000 -1000 -10 -0.966299
Pedestrian -1 -1 -10 558 87 591 180-1 -1 -1 -1000 -1000 -1000 -10 -0.968707
Pedestrian -1 -1 -10 814 128 887 211-1 -1 -1 -1000 -1000 -1000 -10 -0.969478
Pedestrian -1 -1 -10 777 74 861 170-1 -1 -1 -1000 -1000 -1000 -10 -0.985554
Pedestrian -1 -1 -10 1 44 34 137-1 -1 -1 -1000 -1000 -1000 -10 -0.99018
Pedestrian -1 -1 -10 601 121 656 184-1 -1 -1 -1000 -1000 -1000 -10 -0.999798
