Pedestrian -1 -1 -10 1200 216 1242 339-1 -1 -1 -1000 -1000 -1000 -10 0.0144434
Pedestrian -1 -1 -10 1210 147 1242 240-1 -1 -1 -1000 -1000 -1000 -10 -0.183986
Pedestrian -1 -1 -10 402 138 475 221-1 -1 -1 -1000 -1000 -1000 -10 -0.264205
Pedestrian -1 -1 -10 273 295 351 375-1 -1 -1 -1000 -1000 -1000 -10 -0.424914
Pedestrian -1 -1 -10 1033 209 1080 296-1 -1 -1 -1000 -1000 -1000 -10 -0.556166
Pedestrian -1 -1 -10 1143 1 1242 306-1 -1 -1 -1000 -1000 -1000 -10 -0.580181
Pedestrian -1 -1 -10 910 171 958 303-1 -1 -1 -1000 -1000 -1000 -10 -0.587784
Pedestrian -1 -1 -10 862 1 910 133-1 -1 -1 -1000 -1000 -1000 -10 -0.61941
Pedestrian -1 -1 -10 218 90 256 197-1 -1 -1 -1000 -1000 -1000 -10 -0.645122
Pedestrian -1 -1 -10 709 47 745 147-1 -1 -1 -1000 -1000 -1000 -10 -0.65609
Pedestrian -1 -1 -10 745 153 792 240-1 -1 -1 -1000 -1000 -1000 -10 -0.682052
Pedestrian -1 -1 -10 938 130 1011 331-1 -1 -1 -1000 -1000 -1000 -10 -0.698822
Pedestrian -1 -1 -10 1057 244 1119 359-1 -1 -1 -1000 -1000 -1000 -10 -0.744313
Pedestrian -1 -1 -10 828 56 901 257-1 -1 -1 -1000 -1000 -1000 -10 -0.798021
Pedestrian -1 -1 -10 740 1 802 116-1 -1 -1 -1000 -1000 -1000 -10 -0.809613
Pedestrian -1 -1 -10 335 43 432 153-1 -1 -1 -1000 -1000 -1000 -10 -0.812528
Pedestrian -1 -1 -10 705 1 736 88-1 -1 -1 -1000 -1000 -1000 -10 -0.822729
Pedestrian -1 -1 -10 449 97 560 224-1 -1 -1 -1000 -1000 -1000 -10 -0.823156
Pedestrian -1 -1 -10 697 137 728 224-1 -1 -1 -1000 -1000 -1000 -10 -0.836046
Pedestrian -1 -1 -10 157 183 338 375-1 -1 -1 -1000 -1000 -1000 -10 -0.900465
Pedestrian -1 -1 -10 295 111 551 375-1 -1 -1 -1000 -1000 -1000 -10 -0.916702
Pedestrian -1 -1 -10 1089 153 1136 240-1 -1 -1 -1000 -1000 -1000 -10 -0.91763
Pedestrian -1 -1 -10 663 47 699 147-1 -1 -1 -1000 -1000 -1000 -10 -0.952818
Pedestrian -1 -1 -10 644 1 698 101-1 -1 -1 -1000 -1000 -1000 -10 -0.971877
Pedestrian -1 -1 -10 874 171 922 303-1 -1 -1 -1000 -1000 -1000 -10 -0.988704
