Pedestrian -1 -1 -10 287 66 338 208-1 -1 -1 -1000 -1000 -1000 -10 -0.415707
Pedestrian -1 -1 -10 702 69 746 192-1 -1 -1 -1000 -1000 -1000 -10 -0.574407
Pedestrian -1 -1 -10 651 1 832 208-1 -1 -1 -1000 -1000 -1000 -10 -0.754475
Pedestrian -1 -1 -10 929 38 992 111-1 -1 -1 -1000 -1000 -1000 -10 -0.801512
Pedestrian -1 -1 -10 661 293 711 375-1 -1 -1 -1000 -1000 -1000 -10 -0.823575
Pedestrian -1 -1 -10 1095 139 1158 212-1 -1 -1 -1000 -1000 -1000 -10 -0.861332
Pedestrian -1 -1 -10 762 270 865 375-1 -1 -1 -1000 -1000 -1000 -10 -0.892751
Pedestrian -1 -1 -10 902 111 938 211-1 -1 -1 -1000 -1000 -1000 -10 -0.906669
Pedestrian -1 -1 -10 9 57 40 144-1 -1 -1 -1000 -1000 -1000 -10 -0.90793
Pedestrian -1 -1 -10 212 313 275 375-1 -1 -1 -1000 -1000 -1000 -10 -0.941583
Pedestrian -1 -1 -10 1177 10 1240 83-1 -1 -1 -1000 -1000 -1000 -10 -0.964925
Pedestrian -1 -1 -10 90 109 128 216-1 -1 -1 -1000 -1000 -1000 -10 -0.969744
