Pedestrian -1 -1 -10 1031 250 1098 373-1 -1 -1 -1000 -1000 -1000 -10 -0.416784
Pedestrian -1 -1 -10 951 80 995 203-1 -1 -1 -1000 -1000 -1000 -10 -0.422789
Pedestrian -1 -1 -10 918 207 977 275-1 -1 -1 -1000 -1000 -1000 -10 -0.634023
Pedestrian -1 -1 -10 888 64 950 179-1 -1 -1 -1000 -1000 -1000 -10 -0.634478
Pedestrian -1 -1 -10 1014 54 1055 169-1 -1 -1 -1000 -1000 -1000 -10 -0.746571
Pedestrian -1 -1 -10 924 105 975 247-1 -1 -1 -1000 -1000 -1000 -10 -0.859104
Pedestrian -1 -1 -10 561 113 592 200-1 -1 -1 -1000 -1000 -1000 -10 -0.897808
Pedestrian -1 -1 -10 419 71 516 181-1 -1 -1 -1000 -1000 -1000 -10 -0.905947
Pedestrian -1 -1 -10 46 91 149 209-1 -1 -1 -1000 -1000 -1000 -10 -0.936009
Pedestrian -1 -1 -10 578 114 656 204-1 -1 -1 -1000 -1000 -1000 -10 -0.946151
Pedestrian -1 -1 -10 761 113 792 200-1 -1 -1 -1000 -1000 -1000 -10 -0.969486
Pedestrian -1 -1 -10 809 43 864 195-1 -1 -1 -1000 -1000 -1000 -10 -0.971128
Pedestrian -1 -1 -10 669 69 736 192-1 -1 -1 -1000 -1000 -1000 -10 -0.97543
