Pedestrian -1 -1 -10 730 104 763 197-1 -1 -1 -1000 -1000 -1000 -10 -0.38939
Pedestrian -1 -1 -10 645 75 707 190-1 -1 -1 -1000 -1000 -1000 -10 -0.448652
Pedestrian -1 -1 -10 396 93 432 193-1 -1 -1 -1000 -1000 -1000 -10 -0.647009
Pedestrian -1 -1 -10 716 62 764 194-1 -1 -1 -1000 -1000 -1000 -10 -0.719309
Pedestrian -1 -1 -10 154 126 251 236-1 -1 -1 -1000 -1000 -1000 -10 -0.739469
Pedestrian -1 -1 -10 571 56 699 202-1 -1 -1 -1000 -1000 -1000 -10 -0.810977
Pedestrian -1 -1 -10 210 76 313 194-1 -1 -1 -1000 -1000 -1000 -10 -0.87956
Pedestrian -1 -1 -10 365 1 534 194-1 -1 -1 -1000 -1000 -1000 -10 -0.882288
Pedestrian -1 -1 -10 618 293 668 375-1 -1 -1 -1000 -1000 -1000 -10 -0.883186
Pedestrian -1 -1 -10 690 38 744 138-1 -1 -1 -1000 -1000 -1000 -10 -0.958847
Pedestrian -1 -1 -10 1 164 60 232-1 -1 -1 -1000 -1000 -1000 -10 -0.971502
