Pedestrian -1 -1 -10 901 293 951 375-1 -1 -1 -1000 -1000 -1000 -10 -0.535949
Pedestrian -1 -1 -10 1 99 56 251-1 -1 -1 -1000 -1000 -1000 -10 -0.556557
Pedestrian -1 -1 -10 513 80 551 187-1 -1 -1 -1000 -1000 -1000 -10 -0.557402
Pedestrian -1 -1 -10 474 70 532 177-1 -1 -1 -1000 -1000 -1000 -10 -0.561995
Pedestrian -1 -1 -10 433 84 469 184-1 -1 -1 -1000 -1000 -1000 -10 -0.620551
Pedestrian -1 -1 -10 1 1 158 375-1 -1 -1 -1000 -1000 -1000 -10 -0.674631
Pedestrian -1 -1 -10 289 49 320 136-1 -1 -1 -1000 -1000 -1000 -10 -0.724328
Pedestrian -1 -1 -10 1089 145 1144 208-1 -1 -1 -1000 -1000 -1000 -10 -0.753525
Pedestrian -1 -1 -10 332 38 441 239-1 -1 -1 -1000 -1000 -1000 -10 -0.791827
Pedestrian -1 -1 -10 917 1 995 91-1 -1 -1 -1000 -1000 -1000 -10 -0.854561
Pedestrian -1 -1 -10 541 87 574 180-1 -1 -1 -1000 -1000 -1000 -10 -0.892175
Pedestrian -1 -1 -10 560 1 611 143-1 -1 -1 -1000 -1000 -1000 -10 -0.922424
Pedestrian -1 -1 -10 235 105 325 208-1 -1 -1 -1000 -1000 -1000 -10 -0.932661
Pedestrian -1 -1 -10 417 79 468 221-1 -1 -1 -1000 -1000 -1000 -10 -0.943699
Pedestrian -1 -1 -10 966 10 1020 110-1 -1 -1 -1000 -1000 -1000 -10 -0.975174
Pedestrian -1 -1 -10 798 1 831 94-1 -1 -1 -1000 -1000 -1000 -10 -0.975671
Pedestrian -1 -1 -10 884 104 943 172-1 -1 -1 -1000 -1000 -1000 -10 -0.978919
Pedestrian -1 -1 -10 755 1 828 202-1 -1 -1 -1000 -1000 -1000 -10 -0.99234
