Pedestrian -1 -1 -10 1042 24 1120 114-1 -1 -1 -1000 -1000 -1000 -10 -0.543222
Pedestrian -1 -1 -10 612 109 680 187-1 -1 -1 -1000 -1000 -1000 -10 -0.635145
Pedestrian -1 -1 -10 1222 60 1242 167-1 -1 -1 -1000 -1000 -1000 -10 -0.740467
Pedestrian -1 -1 -10 1047 147 1097 240-1 -1 -1 -1000 -1000 -1000 -10 -0.742724
Pedestrian -1 -1 -10 1013 52 1063 145-1 -1 -1 -1000 -1000 -1000 -10 -0.809794
Pedestrian -1 -1 -10 738 104 771 197-1 -1 -1 -1000 -1000 -1000 -10 -0.82492
Pedestrian -1 -1 -10 1098 147 1157 215-1 -1 -1 -1000 -1000 -1000 -10 -0.832112
Pedestrian -1 -1 -10 642 43 725 195-1 -1 -1 -1000 -1000 -1000 -10 -0.836009
Pedestrian -1 -1 -10 1129 98 1201 230-1 -1 -1 -1000 -1000 -1000 -10 -0.853189
Pedestrian -1 -1 -10 1129 41 1184 104-1 -1 -1 -1000 -1000 -1000 -10 -0.873377
Pedestrian -1 -1 -10 1098 52 1157 120-1 -1 -1 -1000 -1000 -1000 -10 -0.915772
Pedestrian -1 -1 -10 1055 90 1113 197-1 -1 -1 -1000 -1000 -1000 -10 -0.916862
Pedestrian -1 -1 -10 798 181 848 274-1 -1 -1 -1000 -1000 -1000 -10 -0.930182
Pedestrian -1 -1 -10 945 177 992 264-1 -1 -1 -1000 -1000 -1000 -10 -0.934826
Pedestrian -1 -1 -10 1159 1 1213 101-1 -1 -1 -1000 -1000 -1000 -10 -0.936113
Pedestrian -1 -1 -10 1214 13 1242 145-1 -1 -1 -1000 -1000 -1000 -10 -0.943757
Pedestrian -1 -1 -10 1178 261 1242 375-1 -1 -1 -1000 -1000 -1000 -10 -0.94779
Pedestrian -1 -1 -10 838 86 886 218-1 -1 -1 -1000 -1000 -1000 -10 -0.947838
Pedestrian -1 -1 -10 1 159 74 242-1 -1 -1 -1000 -1000 -1000 -10 -0.951145
Pedestrian -1 -1 -10 1057 217 1112 280-1 -1 -1 -1000 -1000 -1000 -10 -0.986349
Pedestrian -1 -1 -10 951 64 1013 179-1 -1 -1 -1000 -1000 -1000 -10 -0.99443
