Pedestrian -1 -1 -10 321 154 376 306-1 -1 -1 -1000 -1000 -1000 -10 0.376989
Pedestrian -1 -1 -10 543 267 601 370-1 -1 -1 -1000 -1000 -1000 -10 -0.321477
Pedestrian -1 -1 -10 681 89 712 176-1 -1 -1 -1000 -1000 -1000 -10 -0.575861
Pedestrian -1 -1 -10 396 84 432 184-1 -1 -1 -1000 -1000 -1000 -10 -0.644365
Pedestrian -1 -1 -10 1132 1 1222 249-1 -1 -1 -1000 -1000 -1000 -10 -0.688902
Pedestrian -1 -1 -10 207 112 240 205-1 -1 -1 -1000 -1000 -1000 -10 -0.744183
Pedestrian -1 -1 -10 153 89 200 176-1 -1 -1 -1000 -1000 -1000 -10 -0.755767
Pedestrian -1 -1 -10 1039 212 1075 312-1 -1 -1 -1000 -1000 -1000 -10 -0.762111
Pedestrian -1 -1 -10 57 73 104 160-1 -1 -1 -1000 -1000 -1000 -10 -0.804654
Pedestrian -1 -1 -10 421 155 480 223-1 -1 -1 -1000 -1000 -1000 -10 -0.833802
Pedestrian -1 -1 -10 328 98 400 230-1 -1 -1 -1000 -1000 -1000 -10 -0.841031
Pedestrian -1 -1 -10 497 304 560 370-1 -1 -1 -1000 -1000 -1000 -10 -0.866796
Pedestrian -1 -1 -10 800 84 854 184-1 -1 -1 -1000 -1000 -1000 -10 -0.868168
Pedestrian -1 -1 -10 353 195 437 291-1 -1 -1 -1000 -1000 -1000 -10 -0.868996
Pedestrian -1 -1 -10 537 1 592 64-1 -1 -1 -1000 -1000 -1000 -10 -0.880856
Pedestrian -1 -1 -10 1041 1 1224 370-1 -1 -1 -1000 -1000 -1000 -10 -0.939888
Pedestrian -1 -1 -10 996 241 1029 334-1 -1 -1 -1000 -1000 -1000 -10 -0.975903
Pedestrian -1 -1 -10 582 306 650 370-1 -1 -1 -1000 -1000 -1000 -10 -0.984187
Pedestrian -1 -1 -10 627 10 660 103-1 -1 -1 -1000 -1000 -1000 -10 -0.988783
Pedestrian -1 -1 -10 632 1 728 267-1 -1 -1 -1000 -1000 -1000 -10 -0.995263
