Pedestrian -1 -1 -10 1021 93 1057 193-1 -1 -1 -1000 -1000 -1000 -10 -0.337984
Pedestrian -1 -1 -10 1141 164 1191 257-1 -1 -1 -1000 -1000 -1000 -10 -0.563468
Pedestrian -1 -1 -10 828 111 864 211-1 -1 -1 -1000 -1000 -1000 -10 -0.592288
Pedestrian -1 -1 -10 827 92 894 215-1 -1 -1 -1000 -1000 -1000 -10 -0.72475
Pedestrian -1 -1 -10 592 1 827 375-1 -1 -1 -1000 -1000 -1000 -10 -0.740966
Pedestrian -1 -1 -10 1035 129 1093 236-1 -1 -1 -1000 -1000 -1000 -10 -0.749301
Pedestrian -1 -1 -10 989 27 1066 169-1 -1 -1 -1000 -1000 -1000 -10 -0.755089
Pedestrian -1 -1 -10 1064 61 1114 154-1 -1 -1 -1000 -1000 -1000 -10 -0.869263
Pedestrian -1 -1 -10 1098 172 1157 240-1 -1 -1 -1000 -1000 -1000 -10 -0.879317
Pedestrian -1 -1 -10 1093 79 1170 221-1 -1 -1 -1000 -1000 -1000 -10 -0.900695
Pedestrian -1 -1 -10 1065 139 1123 246-1 -1 -1 -1000 -1000 -1000 -10 -0.900824
Pedestrian -1 -1 -10 1176 164 1235 232-1 -1 -1 -1000 -1000 -1000 -10 -0.914098
Pedestrian -1 -1 -10 1121 9 1168 96-1 -1 -1 -1000 -1000 -1000 -10 -0.926805
Pedestrian -1 -1 -10 807 18 875 206-1 -1 -1 -1000 -1000 -1000 -10 -0.941755
Pedestrian -1 -1 -10 1012 286 1066 375-1 -1 -1 -1000 -1000 -1000 -10 -0.944882
Pedestrian -1 -1 -10 905 169 952 256-1 -1 -1 -1000 -1000 -1000 -10 -0.948309
Pedestrian -1 -1 -10 38 1 184 375-1 -1 -1 -1000 -1000 -1000 -10 -0.965389
Pedestrian -1 -1 -10 1132 144 1222 247-1 -1 -1 -1000 -1000 -1000 -10 -0.96711
Pedestrian -1 -1 -10 1176 10 1235 78-1 -1 -1 -1000 -1000 -1000 -10 -0.968177
Pedestrian -1 -1 -10 1046 33 1119 116-1 -1 -1 -1000 -1000 -1000 -10 -0.973389
Pedestrian -1 -1 -10 277 90 345 168-1 -1 -1 -1000 -1000 -1000 -10 -0.986238
