Pedestrian -1 -1 -10 270 150 329 313-1 -1 -1 -1000 -1000 -1000 -10 1.67659
Pedestrian -1 -1 -10 545 273 600 336-1 -1 -1 -1000 -1000 -1000 -10 -0.538134
Pedestrian -1 -1 -10 425 161 480 224-1 -1 -1 -1000 -1000 -1000 -10 -0.638759
Pedestrian -1 -1 -10 1041 225 1072 312-1 -1 -1 -1000 -1000 -1000 -10 -0.640446
Pedestrian -1 -1 -10 56 56 92 156-1 -1 -1 -1000 -1000 -1000 -10 -0.712975
Pedestrian -1 -1 -10 534 274 624 370-1 -1 -1 -1000 -1000 -1000 -10 -0.729142
Pedestrian -1 -1 -10 240 249 303 322-1 -1 -1 -1000 -1000 -1000 -10 -0.790589
Pedestrian -1 -1 -10 389 74 437 206-1 -1 -1 -1000 -1000 -1000 -10 -0.822432
Pedestrian -1 -1 -10 634 1 717 232-1 -1 -1 -1000 -1000 -1000 -10 -0.857053
Pedestrian -1 -1 -10 1157 1 1212 153-1 -1 -1 -1000 -1000 -1000 -10 -0.857408
Pedestrian -1 -1 -10 709 120 763 220-1 -1 -1 -1000 -1000 -1000 -10 -0.868824
Pedestrian -1 -1 -10 244 244 316 370-1 -1 -1 -1000 -1000 -1000 -10 -0.871043
Pedestrian -1 -1 -10 121 9 152 96-1 -1 -1 -1000 -1000 -1000 -10 -0.878251
Pedestrian -1 -1 -10 753 110 801 242-1 -1 -1 -1000 -1000 -1000 -10 -0.88472
Pedestrian -1 -1 -10 360 202 433 285-1 -1 -1 -1000 -1000 -1000 -10 -0.896545
Pedestrian -1 -1 -10 490 1 549 69-1 -1 -1 -1000 -1000 -1000 -10 -0.931064
Pedestrian -1 -1 -10 543 1 601 108-1 -1 -1 -1000 -1000 -1000 -10 -0.947357
Pedestrian -1 -1 -10 228 1 266 108-1 -1 -1 -1000 -1000 -1000 -10 -0.947948
Pedestrian -1 -1 -10 1076 1 1112 101-1 -1 -1 -1000 -1000 -1000 -10 -0.959422
Pedestrian -1 -1 -10 222 130 331 331-1 -1 -1 -1000 -1000 -1000 -10 -0.961024
Pedestrian -1 -1 -10 874 29 910 129-1 -1 -1 -1000 -1000 -1000 -10 -0.972915
Pedestrian -1 -1 -10 1064 1 1200 370-1 -1 -1 -1000 -1000 -1000 -10 -0.992928
