Pedestrian -1 -1 -10 10 172 60 265-1 -1 -1 -1000 -1000 -1000 -10 -0.172616
Pedestrian -1 -1 -10 810 75 846 175-1 -1 -1 -1000 -1000 -1000 -10 -0.379306
Pedestrian -1 -1 -10 947 178 1064 375-1 -1 -1 -1000 -1000 -1000 -10 -0.454025
Pedestrian -1 -1 -10 381 128 443 243-1 -1 -1 -1000 -1000 -1000 -10 -0.606301
Pedestrian -1 -1 -10 159 138 232 221-1 -1 -1 -1000 -1000 -1000 -10 -0.643932
Pedestrian -1 -1 -10 473 121 520 208-1 -1 -1 -1000 -1000 -1000 -10 -0.661334
Pedestrian -1 -1 -10 976 109 1044 187-1 -1 -1 -1000 -1000 -1000 -10 -0.665082
Pedestrian -1 -1 -10 857 89 888 176-1 -1 -1 -1000 -1000 -1000 -10 -0.921835
Pedestrian -1 -1 -10 292 50 461 243-1 -1 -1 -1000 -1000 -1000 -10 -0.934386
Pedestrian -1 -1 -10 649 113 704 176-1 -1 -1 -1000 -1000 -1000 -10 -0.960233
Pedestrian -1 -1 -10 1214 122 1242 254-1 -1 -1 -1000 -1000 -1000 -10 -0.973669
