Pedestrian -1 -1 -10 555 35 599 158-1 -1 -1 -1000 -1000 -1000 -10 -0.382598
Pedestrian -1 -1 -10 567 1 686 137-1 -1 -1 -1000 -1000 -1000 -10 -0.492618
Pedestrian -1 -1 -10 470 102 524 202-1 -1 -1 -1000 -1000 -1000 -10 -0.639401
Pedestrian -1 -1 -10 690 148 744 248-1 -1 -1 -1000 -1000 -1000 -10 -0.68423
Pedestrian -1 -1 -10 545 33 608 208-1 -1 -1 -1000 -1000 -1000 -10 -0.711923
Pedestrian -1 -1 -10 456 79 546 182-1 -1 -1 -1000 -1000 -1000 -10 -0.739004
Pedestrian -1 -1 -10 212 191 285 274-1 -1 -1 -1000 -1000 -1000 -10 -0.740211
Pedestrian -1 -1 -10 447 70 549 258-1 -1 -1 -1000 -1000 -1000 -10 -0.76376
Pedestrian -1 -1 -10 567 1 702 249-1 -1 -1 -1000 -1000 -1000 -10 -0.807444
Pedestrian -1 -1 -10 953 321 1008 375-1 -1 -1 -1000 -1000 -1000 -10 -0.847793
Pedestrian -1 -1 -10 809 1 840 88-1 -1 -1 -1000 -1000 -1000 -10 -0.894772
Pedestrian -1 -1 -10 241 97 304 272-1 -1 -1 -1000 -1000 -1000 -10 -0.918668
Pedestrian -1 -1 -10 377 193 432 256-1 -1 -1 -1000 -1000 -1000 -10 -0.921934
Pedestrian -1 -1 -10 193 177 304 304-1 -1 -1 -1000 -1000 -1000 -10 -0.923588
Pedestrian -1 -1 -10 809 126 906 236-1 -1 -1 -1000 -1000 -1000 -10 -0.931399
Pedestrian -1 -1 -10 710 1 778 79-1 -1 -1 -1000 -1000 -1000 -10 -0.96346
Pedestrian -1 -1 -10 287 31 345 138-1 -1 -1 -1000 -1000 -1000 -10 -0.992661
Pedestrian -1 -1 -10 224 52 274 145-1 -1 -1 -1000 -1000 -1000 -10 -0.992818
Pedestrian -1 -1 -10 848 60 886 167-1 -1 -1 -1000 -1000 -1000 -10 -0.996586
