Pedestrian -1 -1 -10 297 286 338 375-1 -1 -1 -1000 -1000 -1000 -10 0.0214477
Pedestrian -1 -1 -10 473 172 506 265-1 -1 -1 -1000 -1000 -1000 -10 -0.13827
Pedestrian -1 -1 -10 43 75 105 190-1 -1 -1 -1000 -1000 -1000 -10 -0.363693
Pedestrian -1 -1 -10 1039 313 1102 375-1 -1 -1 -1000 -1000 -1000 -10 -0.401432
Pedestrian -1 -1 -10 703 53 806 338-1 -1 -1 -1000 -1000 -1000 -10 -0.407168
Pedestrian -1 -1 -10 292 147 437 375-1 -1 -1 -1000 -1000 -1000 -10 -0.411251
Pedestrian -1 -1 -10 1014 275 1087 358-1 -1 -1 -1000 -1000 -1000 -10 -0.486373
Pedestrian -1 -1 -10 1189 256 1237 375-1 -1 -1 -1000 -1000 -1000 -10 -0.498065
Pedestrian -1 -1 -10 336 80 404 158-1 -1 -1 -1000 -1000 -1000 -10 -0.628518
Pedestrian -1 -1 -10 782 222 845 295-1 -1 -1 -1000 -1000 -1000 -10 -0.656672
Pedestrian -1 -1 -10 415 93 451 193-1 -1 -1 -1000 -1000 -1000 -10 -0.687935
Pedestrian -1 -1 -10 822 225 911 375-1 -1 -1 -1000 -1000 -1000 -10 -0.731417
Pedestrian -1 -1 -10 57 140 154 250-1 -1 -1 -1000 -1000 -1000 -10 -0.738949
Pedestrian -1 -1 -10 1 1 128 352-1 -1 -1 -1000 -1000 -1000 -10 -0.757036
Pedestrian -1 -1 -10 937 41 968 128-1 -1 -1 -1000 -1000 -1000 -10 -0.760381
Pedestrian -1 -1 -10 666 85 728 200-1 -1 -1 -1000 -1000 -1000 -10 -0.763113
Pedestrian -1 -1 -10 646 69 690 192-1 -1 -1 -1000 -1000 -1000 -10 -0.806636
Pedestrian -1 -1 -10 721 1 832 128-1 -1 -1 -1000 -1000 -1000 -10 -0.809953
Pedestrian -1 -1 -10 826 98 971 364-1 -1 -1 -1000 -1000 -1000 -10 -0.814858
Pedestrian -1 -1 -10 257 169 312 232-1 -1 -1 -1000 -1000 -1000 -10 -0.842787
Pedestrian -1 -1 -10 497 170 570 253-1 -1 -1 -1000 -1000 -1000 -10 -0.888254
Pedestrian -1 -1 -10 769 209 864 375-1 -1 -1 -1000 -1000 -1000 -10 -0.929245
Pedestrian -1 -1 -10 990 238 1073 375-1 -1 -1 -1000 -1000 -1000 -10 -0.97517
Pedestrian -1 -1 -10 985 145 1016 232-1 -1 -1 -1000 -1000 -1000 -10 -0.980487
Pedestrian -1 -1 -10 1041 1 1242 375-1 -1 -1 -1000 -1000 -1000 -10 -0.985018
Pedestrian -1 -1 -10 911 183 1092 375-1 -1 -1 -1000 -1000 -1000 -10 -0.988624
Pedestrian -1 -1 -10 273 92 589 375-1 -1 -1 -1000 -1000 -1000 -10 -0.993763
Pedestrian -1 -1 -10 481 1 720 274-1 -1 -1 -1000 -1000 -1000 -10 -0.999448
