Pedestrian -1 -1 -10 666 117 728 232-1 -1 -1 -1000 -1000 -1000 -10 -0.215514
Pedestrian -1 -1 -10 22 128 63 243-1 -1 -1 -1000 -1000 -1000 -10 -0.656442
Pedestrian -1 -1 -10 313 161 344 248-1 -1 -1 -1000 -1000 -1000 -10 -0.662642
Pedestrian -1 -1 -10 729 75 770 190-1 -1 -1 -1000 -1000 -1000 -10 -0.675416
Pedestrian -1 -1 -10 1065 65 1112 152-1 -1 -1 -1000 -1000 -1000 -10 -0.679434
Pedestrian -1 -1 -10 1 1 128 352-1 -1 -1 -1000 -1000 -1000 -10 -0.68246
Pedestrian -1 -1 -10 1021 112 1071 205-1 -1 -1 -1000 -1000 -1000 -10 -0.754018
Pedestrian -1 -1 -10 962 307 1035 375-1 -1 -1 -1000 -1000 -1000 -10 -0.830261
Pedestrian -1 -1 -10 1201 27 1242 95-1 -1 -1 -1000 -1000 -1000 -10 -0.876895
Pedestrian -1 -1 -10 700 70 758 177-1 -1 -1 -1000 -1000 -1000 -10 -0.878182
Pedestrian -1 -1 -10 1193 105 1224 192-1 -1 -1 -1000 -1000 -1000 -10 -0.93488
Pedestrian -1 -1 -10 190 27 249 95-1 -1 -1 -1000 -1000 -1000 -10 -0.957618
Pedestrian -1 -1 -10 1205 56 1241 156-1 -1 -1 -1000 -1000 -1000 -10 -0.991266
