Pedestrian -1 -1 -10 1210 198 1242 291-1 -1 -1 -1000 -1000 -1000 -10 -0.0689578
Pedestrian -1 -1 -10 1212 92 1242 215-1 -1 -1 -1000 -1000 -1000 -10 -0.179904
Pedestrian -1 -1 -10 533 69 600 192-1 -1 -1 -1000 -1000 -1000 -10 -0.600718
Pedestrian -1 -1 -10 745 203 799 303-1 -1 -1 -1000 -1000 -1000 -10 -0.623827
Pedestrian -1 -1 -10 600 57 655 209-1 -1 -1 -1000 -1000 -1000 -10 -0.70274
Pedestrian -1 -1 -10 893 1 961 189-1 -1 -1 -1000 -1000 -1000 -10 -0.738453
Pedestrian -1 -1 -10 621 11 679 118-1 -1 -1 -1000 -1000 -1000 -10 -0.741355
Pedestrian -1 -1 -10 729 183 806 325-1 -1 -1 -1000 -1000 -1000 -10 -0.804478
Pedestrian -1 -1 -10 121 321 176 375-1 -1 -1 -1000 -1000 -1000 -10 -0.839249
Pedestrian -1 -1 -10 185 166 294 367-1 -1 -1 -1000 -1000 -1000 -10 -0.937711
Pedestrian -1 -1 -10 1 1 224 256-1 -1 -1 -1000 -1000 -1000 -10 -0.945564
Pedestrian -1 -1 -10 747 1 955 239-1 -1 -1 -1000 -1000 -1000 -10 -0.948793
Pedestrian -1 -1 -10 148 1 294 375-1 -1 -1 -1000 -1000 -1000 -10 -0.996641
