Pedestrian -1 -1 -10 624 117 665 232-1 -1 -1 -1000 -1000 -1000 -10 -0.2307
Pedestrian -1 -1 -10 935 122 983 254-1 -1 -1 -1000 -1000 -1000 -10 -0.715941
Pedestrian -1 -1 -10 653 93 689 193-1 -1 -1 -1000 -1000 -1000 -10 -0.784047
Pedestrian -1 -1 -10 507 112 557 205-1 -1 -1 -1000 -1000 -1000 -10 -0.798154
Pedestrian -1 -1 -10 962 12 1035 95-1 -1 -1 -1000 -1000 -1000 -10 -0.83156
Pedestrian -1 -1 -10 1152 307 1225 375-1 -1 -1 -1000 -1000 -1000 -10 -0.846003
Pedestrian -1 -1 -10 487 92 531 215-1 -1 -1 -1000 -1000 -1000 -10 -0.850582
Pedestrian -1 -1 -10 149 1 275 232-1 -1 -1 -1000 -1000 -1000 -10 -0.853569
Pedestrian -1 -1 -10 457 185 504 272-1 -1 -1 -1000 -1000 -1000 -10 -0.881882
Pedestrian -1 -1 -10 623 103 701 193-1 -1 -1 -1000 -1000 -1000 -10 -0.891574
Pedestrian -1 -1 -10 657 46 735 136-1 -1 -1 -1000 -1000 -1000 -10 -0.915465
Pedestrian -1 -1 -10 911 287 1001 375-1 -1 -1 -1000 -1000 -1000 -10 -0.933204
Pedestrian -1 -1 -10 944 27 994 120-1 -1 -1 -1000 -1000 -1000 -10 -0.959459
Pedestrian -1 -1 -10 874 84 910 184-1 -1 -1 -1000 -1000 -1000 -10 -0.967237
Pedestrian -1 -1 -10 919 223 981 338-1 -1 -1 -1000 -1000 -1000 -10 -0.977123
Pedestrian -1 -1 -10 833 53 910 195-1 -1 -1 -1000 -1000 -1000 -10 -0.978517
Pedestrian -1 -1 -10 884 52 943 120-1 -1 -1 -1000 -1000 -1000 -10 -0.990227
