Pedestrian -1 -1 -10 689 89 720 176-1 -1 -1 -1000 -1000 -1000 -10 -0.624277
Pedestrian -1 -1 -10 902 286 956 375-1 -1 -1 -1000 -1000 -1000 -10 -0.645183
Pedestrian -1 -1 -10 1155 137 1242 375-1 -1 -1 -1000 -1000 -1000 -10 -0.652471
Pedestrian -1 -1 -10 552 120 615 193-1 -1 -1 -1000 -1000 -1000 -10 -0.713602
Pedestrian -1 -1 -10 417 1 780 375-1 -1 -1 -1000 -1000 -1000 -10 -0.72035
Pedestrian -1 -1 -10 910 258 1029 375-1 -1 -1 -1000 -1000 -1000 -10 -0.737643
Pedestrian -1 -1 -10 1159 47 1195 147-1 -1 -1 -1000 -1000 -1000 -10 -0.73898
Pedestrian -1 -1 -10 33 89 64 176-1 -1 -1 -1000 -1000 -1000 -10 -0.762731
Pedestrian -1 -1 -10 332 93 368 193-1 -1 -1 -1000 -1000 -1000 -10 -0.767313
Pedestrian -1 -1 -10 785 297 832 375-1 -1 -1 -1000 -1000 -1000 -10 -0.798402
Pedestrian -1 -1 -10 1 1 364 375-1 -1 -1 -1000 -1000 -1000 -10 -0.810904
Pedestrian -1 -1 -10 850 1 898 133-1 -1 -1 -1000 -1000 -1000 -10 -0.958603
