Pedestrian -1 -1 -10 1167 70 1235 258-1 -1 -1 -1000 -1000 -1000 -10 0.256788
Pedestrian -1 -1 -10 613 31 672 194-1 -1 -1 -1000 -1000 -1000 -10 -0.161455
Pedestrian -1 -1 -10 1 138 51 231-1 -1 -1 -1000 -1000 -1000 -10 -0.297772
Pedestrian -1 -1 -10 307 57 362 209-1 -1 -1 -1000 -1000 -1000 -10 -0.336108
Pedestrian -1 -1 -10 198 112 231 205-1 -1 -1 -1000 -1000 -1000 -10 -0.582391
Pedestrian -1 -1 -10 1131 75 1194 148-1 -1 -1 -1000 -1000 -1000 -10 -0.584084
Pedestrian -1 -1 -10 1101 71 1198 181-1 -1 -1 -1000 -1000 -1000 -10 -0.647644
Pedestrian -1 -1 -10 148 75 276 221-1 -1 -1 -1000 -1000 -1000 -10 -0.696819
Pedestrian -1 -1 -10 516 56 644 202-1 -1 -1 -1000 -1000 -1000 -10 -0.748229
Pedestrian -1 -1 -10 237 60 374 217-1 -1 -1 -1000 -1000 -1000 -10 -0.794994
Pedestrian -1 -1 -10 451 120 514 193-1 -1 -1 -1000 -1000 -1000 -10 -0.806894
Pedestrian -1 -1 -10 824 22 971 190-1 -1 -1 -1000 -1000 -1000 -10 -0.831854
Pedestrian -1 -1 -10 680 110 764 206-1 -1 -1 -1000 -1000 -1000 -10 -0.921511
Pedestrian -1 -1 -10 764 44 823 112-1 -1 -1 -1000 -1000 -1000 -10 -0.934546
Pedestrian -1 -1 -10 1 76 60 239-1 -1 -1 -1000 -1000 -1000 -10 -0.978441
Pedestrian -1 -1 -10 339 117 412 200-1 -1 -1 -1000 -1000 -1000 -10 -0.982983
