Pedestrian -1 -1 -10 714 69 758 192-1 -1 -1 -1000 -1000 -1000 -10 -0.414014
Pedestrian -1 -1 -10 168 1 206 108-1 -1 -1 -1000 -1000 -1000 -10 -0.505866
Pedestrian -1 -1 -10 601 103 679 193-1 -1 -1 -1000 -1000 -1000 -10 -0.562583
Pedestrian -1 -1 -10 561 1 672 128-1 -1 -1 -1000 -1000 -1000 -10 -0.57032
Pedestrian -1 -1 -10 769 1 847 217-1 -1 -1 -1000 -1000 -1000 -10 -0.61425
Pedestrian -1 -1 -10 1114 11 1152 118-1 -1 -1 -1000 -1000 -1000 -10 -0.660607
Pedestrian -1 -1 -10 238 43 321 195-1 -1 -1 -1000 -1000 -1000 -10 -0.678048
Pedestrian -1 -1 -10 513 1 748 375-1 -1 -1 -1000 -1000 -1000 -10 -0.727022
Pedestrian -1 -1 -10 118 53 169 195-1 -1 -1 -1000 -1000 -1000 -10 -0.739211
Pedestrian -1 -1 -10 430 70 480 163-1 -1 -1 -1000 -1000 -1000 -10 -0.74579
Pedestrian -1 -1 -10 443 66 520 208-1 -1 -1 -1000 -1000 -1000 -10 -0.772178
Pedestrian -1 -1 -10 1049 10 1085 110-1 -1 -1 -1000 -1000 -1000 -10 -0.813753
Pedestrian -1 -1 -10 369 25 400 112-1 -1 -1 -1000 -1000 -1000 -10 -0.842821
Pedestrian -1 -1 -10 266 154 363 264-1 -1 -1 -1000 -1000 -1000 -10 -0.851452
Pedestrian -1 -1 -10 165 1 224 164-1 -1 -1 -1000 -1000 -1000 -10 -0.867585
Pedestrian -1 -1 -10 1 261 78 375-1 -1 -1 -1000 -1000 -1000 -10 -0.868113
Pedestrian -1 -1 -10 1214 1 1242 133-1 -1 -1 -1000 -1000 -1000 -10 -0.915055
Pedestrian -1 -1 -10 729 1 784 64-1 -1 -1 -1000 -1000 -1000 -10 -0.931754
Pedestrian -1 -1 -10 862 86 934 218-1 -1 -1 -1000 -1000 -1000 -10 -0.933787
Pedestrian -1 -1 -10 1105 169 1160 232-1 -1 -1 -1000 -1000 -1000 -10 -0.935379
Pedestrian -1 -1 -10 185 19 294 220-1 -1 -1 -1000 -1000 -1000 -10 -0.994829
Pedestrian -1 -1 -10 837 15 920 167-1 -1 -1 -1000 -1000 -1000 -10 -0.999638
