Pedestrian -1 -1 -10 738 112 771 205-1 -1 -1 -1000 -1000 -1000 -10 -0.497342
Pedestrian -1 -1 -10 607 86 691 182-1 -1 -1 -1000 -1000 -1000 -10 -0.532032
Pedestrian -1 -1 -10 589 102 625 202-1 -1 -1 -1000 -1000 -1000 -10 -0.535819
Pedestrian -1 -1 -10 1046 15 1101 167-1 -1 -1 -1000 -1000 -1000 -10 -0.734287
Pedestrian -1 -1 -10 913 105 944 192-1 -1 -1 -1000 -1000 -1000 -10 -0.758057
Pedestrian -1 -1 -10 267 70 326 138-1 -1 -1 -1000 -1000 -1000 -10 -0.777698
Pedestrian -1 -1 -10 793 75 834 190-1 -1 -1 -1000 -1000 -1000 -10 -0.814199
Pedestrian -1 -1 -10 920 57 975 209-1 -1 -1 -1000 -1000 -1000 -10 -0.815995
Pedestrian -1 -1 -10 275 35 334 103-1 -1 -1 -1000 -1000 -1000 -10 -0.841448
Pedestrian -1 -1 -10 1067 53 1157 156-1 -1 -1 -1000 -1000 -1000 -10 -0.844437
Pedestrian -1 -1 -10 1157 1 1212 153-1 -1 -1 -1000 -1000 -1000 -10 -0.851367
Pedestrian -1 -1 -10 1025 1 1103 217-1 -1 -1 -1000 -1000 -1000 -10 -0.88142
Pedestrian -1 -1 -10 856 33 929 116-1 -1 -1 -1000 -1000 -1000 -10 -0.891627
Pedestrian -1 -1 -10 250 112 283 205-1 -1 -1 -1000 -1000 -1000 -10 -0.948859
Pedestrian -1 -1 -10 824 95 857 188-1 -1 -1 -1000 -1000 -1000 -10 -0.956697
Pedestrian -1 -1 -10 449 137 496 224-1 -1 -1 -1000 -1000 -1000 -10 -0.962687
Pedestrian -1 -1 -10 644 74 716 206-1 -1 -1 -1000 -1000 -1000 -10 -0.988572
Pedestrian -1 -1 -10 387 75 515 221-1 -1 -1 -1000 -1000 -1000 -10 -0.995226
Pedestrian -1 -1 -10 947 99 1005 206-1 -1 -1 -1000 -1000 -1000 -10 -0.999456
