Pedestrian -1 -1 -10 613 16 716 134-1 -1 -1 -1000 -1000 -1000 -10 -0.751887
Pedestrian -1 -1 -10 14 157 65 299-1 -1 -1 -1000 -1000 -1000 -10 -0.817777
Pedestrian -1 -1 -10 1 216 45 339-1 -1 -1 -1000 -1000 -1000 -10 -0.83805
Pedestrian -1 -1 -10 560 75 622 190-1 -1 -1 -1000 -1000 -1000 -10 -0.902231
Pedestrian -1 -1 -10 391 157 546 375-1 -1 -1 -1000 -1000 -1000 -10 -0.902663
Pedestrian -1 -1 -10 497 75 559 190-1 -1 -1 -1000 -1000 -1000 -10 -0.934855
Pedestrian -1 -1 -10 137 25 192 88-1 -1 -1 -1000 -1000 -1000 -10 -0.943857
Pedestrian -1 -1 -10 644 121 703 189-1 -1 -1 -1000 -1000 -1000 -10 -0.960711
Pedestrian -1 -1 -10 1 1 137 375-1 -1 -1 -1000 -1000 -1000 -10 -0.967346
Pedestrian -1 -1 -10 464 31 553 194-1 -1 -1 -1000 -1000 -1000 -10 -0.988159
Pedestrian -1 -1 -10 638 118 715 260-1 -1 -1 -1000 -1000 -1000 -10 -0.993973
