Pedestrian -1 -1 -10 1021 130 1054 223-1 -1 -1 -1000 -1000 -1000 -10 0.31322
Pedestrian -1 -1 -10 216 80 260 203-1 -1 -1 -1000 -1000 -1000 -10 -0.380067
Pedestrian -1 -1 -10 725 103 803 193-1 -1 -1 -1000 -1000 -1000 -10 -0.399261
Pedestrian -1 -1 -10 370 180 411 295-1 -1 -1 -1000 -1000 -1000 -10 -0.450407
Pedestrian -1 -1 -10 608 93 736 239-1 -1 -1 -1000 -1000 -1000 -10 -0.602758
Pedestrian -1 -1 -10 306 12 384 102-1 -1 -1 -1000 -1000 -1000 -10 -0.728578
Pedestrian -1 -1 -10 985 92 1029 215-1 -1 -1 -1000 -1000 -1000 -10 -0.87341
Pedestrian -1 -1 -10 316 50 461 316-1 -1 -1 -1000 -1000 -1000 -10 -0.904814
Pedestrian -1 -1 -10 190 87 309 223-1 -1 -1 -1000 -1000 -1000 -10 -0.949811
Pedestrian -1 -1 -10 1058 102 1121 175-1 -1 -1 -1000 -1000 -1000 -10 -0.954141
Pedestrian -1 -1 -10 911 92 962 234-1 -1 -1 -1000 -1000 -1000 -10 -0.974682
