Pedestrian -1 -1 -10 657 57 688 144-1 -1 -1 -1000 -1000 -1000 -10 -0.362984
Pedestrian -1 -1 -10 137 80 181 203-1 -1 -1 -1000 -1000 -1000 -10 -0.363204
Pedestrian -1 -1 -10 224 140 279 292-1 -1 -1 -1000 -1000 -1000 -10 -0.647722
Pedestrian -1 -1 -10 1 40 52 182-1 -1 -1 -1000 -1000 -1000 -10 -0.657901
Pedestrian -1 -1 -10 779 178 817 285-1 -1 -1 -1000 -1000 -1000 -10 -0.807251
Pedestrian -1 -1 -10 482 66 533 208-1 -1 -1 -1000 -1000 -1000 -10 -0.807863
Pedestrian -1 -1 -10 781 27 832 169-1 -1 -1 -1000 -1000 -1000 -10 -0.839742
Pedestrian -1 -1 -10 626 29 689 102-1 -1 -1 -1000 -1000 -1000 -10 -0.846178
Pedestrian -1 -1 -10 1113 222 1149 322-1 -1 -1 -1000 -1000 -1000 -10 -0.859981
Pedestrian -1 -1 -10 79 40 169 143-1 -1 -1 -1000 -1000 -1000 -10 -0.86192
Pedestrian -1 -1 -10 560 14 611 156-1 -1 -1 -1000 -1000 -1000 -10 -0.862519
Pedestrian -1 -1 -10 1186 258 1222 358-1 -1 -1 -1000 -1000 -1000 -10 -0.866575
Pedestrian -1 -1 -10 817 89 848 176-1 -1 -1 -1000 -1000 -1000 -10 -0.879273
Pedestrian -1 -1 -10 1186 185 1222 285-1 -1 -1 -1000 -1000 -1000 -10 -0.887424
Pedestrian -1 -1 -10 1 297 148 375-1 -1 -1 -1000 -1000 -1000 -10 -0.903284
Pedestrian -1 -1 -10 489 71 572 223-1 -1 -1 -1000 -1000 -1000 -10 -0.903505
Pedestrian -1 -1 -10 395 155 454 223-1 -1 -1 -1000 -1000 -1000 -10 -0.905637
Pedestrian -1 -1 -10 419 61 508 224-1 -1 -1 -1000 -1000 -1000 -10 -0.90598
Pedestrian -1 -1 -10 70 35 138 223-1 -1 -1 -1000 -1000 -1000 -10 -0.910969
Pedestrian -1 -1 -10 1171 210 1226 362-1 -1 -1 -1000 -1000 -1000 -10 -0.942451
Pedestrian -1 -1 -10 727 29 781 129-1 -1 -1 -1000 -1000 -1000 -10 -0.942499
Pedestrian -1 -1 -10 1141 1 1200 69-1 -1 -1 -1000 -1000 -1000 -10 -0.956075
Pedestrian -1 -1 -10 168 1 278 306-1 -1 -1 -1000 -1000 -1000 -10 -0.964264
Pedestrian -1 -1 -10 718 1 807 164-1 -1 -1 -1000 -1000 -1000 -10 -0.999507
