Pedestrian -1 -1 -10 1 61 60 224-1 -1 -1 -1000 -1000 -1000 -10 -0.636192
Pedestrian -1 -1 -10 254 1 337 232-1 -1 -1 -1000 -1000 -1000 -10 -0.669424
Pedestrian -1 -1 -10 816 138 866 231-1 -1 -1 -1000 -1000 -1000 -10 -0.779043
Pedestrian -1 -1 -10 709 120 745 220-1 -1 -1 -1000 -1000 -1000 -10 -0.813146
Pedestrian -1 -1 -10 339 107 380 222-1 -1 -1 -1000 -1000 -1000 -10 -0.814903
Pedestrian -1 -1 -10 513 25 544 112-1 -1 -1 -1000 -1000 -1000 -10 -0.840658
Pedestrian -1 -1 -10 1132 261 1210 351-1 -1 -1 -1000 -1000 -1000 -10 -0.896894
Pedestrian -1 -1 -10 499 24 543 147-1 -1 -1 -1000 -1000 -1000 -10 -0.956562
Pedestrian -1 -1 -10 678 87 728 180-1 -1 -1 -1000 -1000 -1000 -10 -0.972545
Pedestrian -1 -1 -10 1129 73 1184 136-1 -1 -1 -1000 -1000 -1000 -10 -0.975526
Pedestrian -1 -1 -10 897 257 1008 375-1 -1 -1 -1000 -1000 -1000 -10 -0.979257
