Pedestrian -1 -1 -10 1177 102 1231 202-1 -1 -1 -1000 -1000 -1000 -10 -0.523226
Pedestrian -1 -1 -10 951 33 1013 148-1 -1 -1 -1000 -1000 -1000 -10 -0.558712
Pedestrian -1 -1 -10 953 190 1012 258-1 -1 -1 -1000 -1000 -1000 -10 -0.608446
Pedestrian -1 -1 -10 936 104 986 197-1 -1 -1 -1000 -1000 -1000 -10 -0.712487
Pedestrian -1 -1 -10 1090 293 1140 375-1 -1 -1 -1000 -1000 -1000 -10 -0.755248
Pedestrian -1 -1 -10 1025 1 1087 116-1 -1 -1 -1000 -1000 -1000 -10 -0.77282
Pedestrian -1 -1 -10 1056 250 1106 343-1 -1 -1 -1000 -1000 -1000 -10 -0.777356
Pedestrian -1 -1 -10 617 111 680 184-1 -1 -1 -1000 -1000 -1000 -10 -0.793632
Pedestrian -1 -1 -10 1035 90 1093 197-1 -1 -1 -1000 -1000 -1000 -10 -0.830935
Pedestrian -1 -1 -10 1141 241 1200 309-1 -1 -1 -1000 -1000 -1000 -10 -0.861688
Pedestrian -1 -1 -10 993 22 1034 137-1 -1 -1 -1000 -1000 -1000 -10 -0.882377
Pedestrian -1 -1 -10 944 18 1046 206-1 -1 -1 -1000 -1000 -1000 -10 -0.910941
Pedestrian -1 -1 -10 905 17 952 104-1 -1 -1 -1000 -1000 -1000 -10 -0.942601
Pedestrian -1 -1 -10 212 107 274 222-1 -1 -1 -1000 -1000 -1000 -10 -0.95713
Pedestrian -1 -1 -10 316 90 354 197-1 -1 -1 -1000 -1000 -1000 -10 -0.962523
Pedestrian -1 -1 -10 1161 321 1216 375-1 -1 -1 -1000 -1000 -1000 -10 -0.962942
Pedestrian -1 -1 -10 1081 121 1131 214-1 -1 -1 -1000 -1000 -1000 -10 -0.970505
Pedestrian -1 -1 -10 1114 109 1152 216-1 -1 -1 -1000 -1000 -1000 -10 -0.980145
Pedestrian -1 -1 -10 1053 35 1131 125-1 -1 -1 -1000 -1000 -1000 -10 -0.98459
