Pedestrian -1 -1 -10 454 80 492 187-1 -1 -1 -1000 -1000 -1000 -10 -0.597746
Pedestrian -1 -1 -10 21 99 99 315-1 -1 -1 -1000 -1000 -1000 -10 -0.647597
Pedestrian -1 -1 -10 1184 1 1235 143-1 -1 -1 -1000 -1000 -1000 -10 -0.65639
Pedestrian -1 -1 -10 159 261 226 375-1 -1 -1 -1000 -1000 -1000 -10 -0.660864
Pedestrian -1 -1 -10 1 61 119 375-1 -1 -1 -1000 -1000 -1000 -10 -0.722212
Pedestrian -1 -1 -10 295 69 339 192-1 -1 -1 -1000 -1000 -1000 -10 -0.732261
Pedestrian -1 -1 -10 653 95 703 188-1 -1 -1 -1000 -1000 -1000 -10 -0.756904
Pedestrian -1 -1 -10 917 119 955 226-1 -1 -1 -1000 -1000 -1000 -10 -0.760518
Pedestrian -1 -1 -10 486 1 655 194-1 -1 -1 -1000 -1000 -1000 -10 -0.805012
Pedestrian -1 -1 -10 905 89 952 176-1 -1 -1 -1000 -1000 -1000 -10 -0.842914
Pedestrian -1 -1 -10 449 31 508 194-1 -1 -1 -1000 -1000 -1000 -10 -0.844761
Pedestrian -1 -1 -10 258 104 326 292-1 -1 -1 -1000 -1000 -1000 -10 -0.896745
Pedestrian -1 -1 -10 417 105 448 192-1 -1 -1 -1000 -1000 -1000 -10 -0.898643
Pedestrian -1 -1 -10 713 113 760 200-1 -1 -1 -1000 -1000 -1000 -10 -0.918911
Pedestrian -1 -1 -10 924 248 1001 375-1 -1 -1 -1000 -1000 -1000 -10 -0.920986
Pedestrian -1 -1 -10 936 87 969 180-1 -1 -1 -1000 -1000 -1000 -10 -0.927812
Pedestrian -1 -1 -10 134 74 182 206-1 -1 -1 -1000 -1000 -1000 -10 -0.939652
