Pedestrian -1 -1 -10 956 210 1045 373-1 -1 -1 -1000 -1000 -1000 -10 -0.0312457
Pedestrian -1 -1 -10 314 105 373 268-1 -1 -1 -1000 -1000 -1000 -10 -0.498121
Pedestrian -1 -1 -10 15 224 70 374-1 -1 -1 -1000 -1000 -1000 -10 -0.573912
Pedestrian -1 -1 -10 159 233 200 348-1 -1 -1 -1000 -1000 -1000 -10 -0.575033
Pedestrian -1 -1 -10 460 139 496 239-1 -1 -1 -1000 -1000 -1000 -10 -0.612515
Pedestrian -1 -1 -10 1041 183 1222 374-1 -1 -1 -1000 -1000 -1000 -10 -0.617883
Pedestrian -1 -1 -10 1 57 111 362-1 -1 -1 -1000 -1000 -1000 -10 -0.651695
Pedestrian -1 -1 -10 233 207 266 300-1 -1 -1 -1000 -1000 -1000 -10 -0.671867
Pedestrian -1 -1 -10 552 84 588 184-1 -1 -1 -1000 -1000 -1000 -10 -0.68611
Pedestrian -1 -1 -10 745 25 776 112-1 -1 -1 -1000 -1000 -1000 -10 -0.740279
Pedestrian -1 -1 -10 374 137 418 260-1 -1 -1 -1000 -1000 -1000 -10 -0.763021
Pedestrian -1 -1 -10 202 212 275 295-1 -1 -1 -1000 -1000 -1000 -10 -0.775598
Pedestrian -1 -1 -10 901 293 951 374-1 -1 -1 -1000 -1000 -1000 -10 -0.800337
Pedestrian -1 -1 -10 624 33 686 148-1 -1 -1 -1000 -1000 -1000 -10 -0.809858
Pedestrian -1 -1 -10 824 254 865 369-1 -1 -1 -1000 -1000 -1000 -10 -0.814219
Pedestrian -1 -1 -10 130 95 180 188-1 -1 -1 -1000 -1000 -1000 -10 -0.841311
Pedestrian -1 -1 -10 972 85 1238 374-1 -1 -1 -1000 -1000 -1000 -10 -0.841518
Pedestrian -1 -1 -10 906 250 973 373-1 -1 -1 -1000 -1000 -1000 -10 -0.843569
Pedestrian -1 -1 -10 801 183 849 315-1 -1 -1 -1000 -1000 -1000 -10 -0.895374
Pedestrian -1 -1 -10 225 161 336 288-1 -1 -1 -1000 -1000 -1000 -10 -0.931572
Pedestrian -1 -1 -10 183 248 260 374-1 -1 -1 -1000 -1000 -1000 -10 -0.937192
Pedestrian -1 -1 -10 913 145 1024 272-1 -1 -1 -1000 -1000 -1000 -10 -0.94092
Pedestrian -1 -1 -10 361 121 480 257-1 -1 -1 -1000 -1000 -1000 -10 -0.942245
Pedestrian -1 -1 -10 137 92 204 215-1 -1 -1 -1000 -1000 -1000 -10 -0.948866
Pedestrian -1 -1 -10 489 129 520 216-1 -1 -1 -1000 -1000 -1000 -10 -0.950811
Pedestrian -1 -1 -10 857 209 912 272-1 -1 -1 -1000 -1000 -1000 -10 -0.95183
Pedestrian -1 -1 -10 826 244 898 374-1 -1 -1 -1000 -1000 -1000 -10 -0.957251
Pedestrian -1 -1 -10 791 166 900 367-1 -1 -1 -1000 -1000 -1000 -10 -0.97037
Pedestrian -1 -1 -10 139 222 175 322-1 -1 -1 -1000 -1000 -1000 -10 -0.982263
