Pedestrian -1 -1 -10 454 70 492 177-1 -1 -1 -1000 -1000 -1000 -10 -0.419076
Pedestrian -1 -1 -10 41 185 72 272-1 -1 -1 -1000 -1000 -1000 -10 -0.475513
Pedestrian -1 -1 -10 180 138 242 253-1 -1 -1 -1000 -1000 -1000 -10 -0.513365
Pedestrian -1 -1 -10 849 169 880 256-1 -1 -1 -1000 -1000 -1000 -10 -0.590917
Pedestrian -1 -1 -10 1136 1 1195 164-1 -1 -1 -1000 -1000 -1000 -10 -0.658394
Pedestrian -1 -1 -10 462 37 546 133-1 -1 -1 -1000 -1000 -1000 -10 -0.695904
Pedestrian -1 -1 -10 157 53 208 195-1 -1 -1 -1000 -1000 -1000 -10 -0.702007
Pedestrian -1 -1 -10 1 188 39 295-1 -1 -1 -1000 -1000 -1000 -10 -0.747677
Pedestrian -1 -1 -10 1165 74 1242 340-1 -1 -1 -1000 -1000 -1000 -10 -0.75028
Pedestrian -1 -1 -10 61 224 94 317-1 -1 -1 -1000 -1000 -1000 -10 -0.832357
Pedestrian -1 -1 -10 687 138 720 231-1 -1 -1 -1000 -1000 -1000 -10 -0.834586
Pedestrian -1 -1 -10 318 61 368 154-1 -1 -1 -1000 -1000 -1000 -10 -0.850245
Pedestrian -1 -1 -10 22 85 105 316-1 -1 -1 -1000 -1000 -1000 -10 -0.874136
Pedestrian -1 -1 -10 447 43 530 195-1 -1 -1 -1000 -1000 -1000 -10 -0.884431
Pedestrian -1 -1 -10 318 1 453 249-1 -1 -1 -1000 -1000 -1000 -10 -0.89324
Pedestrian -1 -1 -10 1002 105 1053 247-1 -1 -1 -1000 -1000 -1000 -10 -0.916455
Pedestrian -1 -1 -10 816 46 906 294-1 -1 -1 -1000 -1000 -1000 -10 -0.917193
Pedestrian -1 -1 -10 721 209 768 296-1 -1 -1 -1000 -1000 -1000 -10 -0.928114
Pedestrian -1 -1 -10 826 256 898 375-1 -1 -1 -1000 -1000 -1000 -10 -0.94765
Pedestrian -1 -1 -10 1073 1 1128 64-1 -1 -1 -1000 -1000 -1000 -10 -0.965975
Pedestrian -1 -1 -10 859 1 1040 208-1 -1 -1 -1000 -1000 -1000 -10 -0.968451
Pedestrian -1 -1 -10 809 1 856 88-1 -1 -1 -1000 -1000 -1000 -10 -0.998401
