Pedestrian -1 -1 -10 392 117 433 232-1 -1 -1 -1000 -1000 -1000 -10 -0.459094
Pedestrian -1 -1 -10 1 58 45 181-1 -1 -1 -1000 -1000 -1000 -10 -0.560177
Pedestrian -1 -1 -10 1 105 60 268-1 -1 -1 -1000 -1000 -1000 -10 -0.698933
Pedestrian -1 -1 -10 433 161 464 248-1 -1 -1 -1000 -1000 -1000 -10 -0.725714
Pedestrian -1 -1 -10 130 155 163 248-1 -1 -1 -1000 -1000 -1000 -10 -0.749072
Pedestrian -1 -1 -10 10 27 60 120-1 -1 -1 -1000 -1000 -1000 -10 -0.749568
Pedestrian -1 -1 -10 71 99 168 209-1 -1 -1 -1000 -1000 -1000 -10 -0.765098
Pedestrian -1 -1 -10 469 79 546 221-1 -1 -1 -1000 -1000 -1000 -10 -0.935987
Pedestrian -1 -1 -10 413 112 463 205-1 -1 -1 -1000 -1000 -1000 -10 -0.955836
Pedestrian -1 -1 -10 195 110 279 206-1 -1 -1 -1000 -1000 -1000 -10 -0.973805
Pedestrian -1 -1 -10 1 46 91 294-1 -1 -1 -1000 -1000 -1000 -10 -0.993728
