Pedestrian -1 -1 -10 1104 102 1158 202-1 -1 -1 -1000 -1000 -1000 -10 -0.662236
Pedestrian -1 -1 -10 1056 293 1106 376-1 -1 -1 -1000 -1000 -1000 -10 -0.714883
Pedestrian -1 -1 -10 1210 104 1241 197-1 -1 -1 -1000 -1000 -1000 -10 -0.728212
Pedestrian -1 -1 -10 1196 212 1232 312-1 -1 -1 -1000 -1000 -1000 -10 -0.735544
Pedestrian -1 -1 -10 801 25 832 112-1 -1 -1 -1000 -1000 -1000 -10 -0.780152
Pedestrian -1 -1 -10 1073 78 1123 171-1 -1 -1 -1000 -1000 -1000 -10 -0.795002
Pedestrian -1 -1 -10 1168 194 1231 267-1 -1 -1 -1000 -1000 -1000 -10 -0.825147
Pedestrian -1 -1 -10 1 43 42 158-1 -1 -1 -1000 -1000 -1000 -10 -0.854933
Pedestrian -1 -1 -10 1087 318 1165 376-1 -1 -1 -1000 -1000 -1000 -10 -0.886238
Pedestrian -1 -1 -10 1001 145 1032 232-1 -1 -1 -1000 -1000 -1000 -10 -0.913646
Pedestrian -1 -1 -10 978 104 1028 197-1 -1 -1 -1000 -1000 -1000 -10 -0.914931
Pedestrian -1 -1 -10 950 131 1040 234-1 -1 -1 -1000 -1000 -1000 -10 -0.926579
Pedestrian -1 -1 -10 1200 137 1241 260-1 -1 -1 -1000 -1000 -1000 -10 -0.973181
