Pedestrian -1 -1 -10 633 153 664 240-1 -1 -1 -1000 -1000 -1000 -10 0.737509
Pedestrian -1 -1 -10 385 159 423 266-1 -1 -1 -1000 -1000 -1000 -10 0.699885
Pedestrian -1 -1 -10 99 159 177 374-1 -1 -1 -1000 -1000 -1000 -10 0.409552
Pedestrian -1 -1 -10 1 159 79 374-1 -1 -1 -1000 -1000 -1000 -10 0.215759
Pedestrian -1 -1 -10 469 79 520 221-1 -1 -1 -1000 -1000 -1000 -10 -0.031858
Pedestrian -1 -1 -10 1193 172 1226 265-1 -1 -1 -1000 -1000 -1000 -10 -0.0759187
Pedestrian -1 -1 -10 301 164 360 232-1 -1 -1 -1000 -1000 -1000 -10 -0.135346
Pedestrian -1 -1 -10 1 61 119 374-1 -1 -1 -1000 -1000 -1000 -10 -0.1515
Pedestrian -1 -1 -10 369 113 432 288-1 -1 -1 -1000 -1000 -1000 -10 -0.161796
Pedestrian -1 -1 -10 268 195 352 291-1 -1 -1 -1000 -1000 -1000 -10 -0.213844
Pedestrian -1 -1 -10 1193 95 1226 188-1 -1 -1 -1000 -1000 -1000 -10 -0.382681
Pedestrian -1 -1 -10 310 10 360 103-1 -1 -1 -1000 -1000 -1000 -10 -0.506769
Pedestrian -1 -1 -10 1161 185 1208 272-1 -1 -1 -1000 -1000 -1000 -10 -0.600954
Pedestrian -1 -1 -10 1209 145 1238 232-1 -1 -1 -1000 -1000 -1000 -10 -0.632027
Pedestrian -1 -1 -10 1177 57 1224 144-1 -1 -1 -1000 -1000 -1000 -10 -0.650216
Pedestrian -1 -1 -10 277 178 394 374-1 -1 -1 -1000 -1000 -1000 -10 -0.654161
Pedestrian -1 -1 -10 873 169 920 256-1 -1 -1 -1000 -1000 -1000 -10 -0.656462
Pedestrian -1 -1 -10 558 15 613 167-1 -1 -1 -1000 -1000 -1000 -10 -0.681431
Pedestrian -1 -1 -10 957 102 1020 175-1 -1 -1 -1000 -1000 -1000 -10 -0.695969
Pedestrian -1 -1 -10 1189 147 1237 279-1 -1 -1 -1000 -1000 -1000 -10 -0.723538
Pedestrian -1 -1 -10 1 92 317 374-1 -1 -1 -1000 -1000 -1000 -10 -0.743487
Pedestrian -1 -1 -10 961 161 1016 224-1 -1 -1 -1000 -1000 -1000 -10 -0.746358
Pedestrian -1 -1 -10 421 95 454 188-1 -1 -1 -1000 -1000 -1000 -10 -0.805658
Pedestrian -1 -1 -10 1159 75 1232 276-1 -1 -1 -1000 -1000 -1000 -10 -0.809835
Pedestrian -1 -1 -10 498 1 617 137-1 -1 -1 -1000 -1000 -1000 -10 -0.834479
Pedestrian -1 -1 -10 313 27 364 169-1 -1 -1 -1000 -1000 -1000 -10 -0.844624
Pedestrian -1 -1 -10 936 1 995 69-1 -1 -1 -1000 -1000 -1000 -10 -0.851552
Pedestrian -1 -1 -10 619 171 667 303-1 -1 -1 -1000 -1000 -1000 -10 -0.897232
Pedestrian -1 -1 -10 516 210 599 362-1 -1 -1 -1000 -1000 -1000 -10 -0.946754
Pedestrian -1 -1 -10 1104 1 1238 374-1 -1 -1 -1000 -1000 -1000 -10 -0.966906
Pedestrian -1 -1 -10 508 138 581 221-1 -1 -1 -1000 -1000 -1000 -10 -0.972613
Pedestrian -1 -1 -10 824 1 960 374-1 -1 -1 -1000 -1000 -1000 -10 -0.994992
