Pedestrian -1 -1 -10 553 1 788 375-1 -1 -1 -1000 -1000 -1000 -10 -0.469312
Pedestrian -1 -1 -10 1113 321 1168 375-1 -1 -1 -1000 -1000 -1000 -10 -0.542003
Pedestrian -1 -1 -10 1068 1 1116 133-1 -1 -1 -1000 -1000 -1000 -10 -0.699338
Pedestrian -1 -1 -10 923 292 1007 375-1 -1 -1 -1000 -1000 -1000 -10 -0.726291
Pedestrian -1 -1 -10 1104 287 1172 365-1 -1 -1 -1000 -1000 -1000 -10 -0.746524
Pedestrian -1 -1 -10 1021 293 1071 375-1 -1 -1 -1000 -1000 -1000 -10 -0.868967
Pedestrian -1 -1 -10 1084 1 1152 79-1 -1 -1 -1000 -1000 -1000 -10 -0.921617
Pedestrian -1 -1 -10 779 109 817 216-1 -1 -1 -1000 -1000 -1000 -10 -0.938533
Pedestrian -1 -1 -10 210 1 418 239-1 -1 -1 -1000 -1000 -1000 -10 -0.94864
Pedestrian -1 -1 -10 971 292 1055 375-1 -1 -1 -1000 -1000 -1000 -10 -0.954462
Pedestrian -1 -1 -10 884 138 917 231-1 -1 -1 -1000 -1000 -1000 -10 -0.999694
