Pedestrian -1 -1 -10 1 1 60 164-1 -1 -1 -1000 -1000 -1000 -10 -0.656192
Pedestrian -1 -1 -10 207 87 266 155-1 -1 -1 -1000 -1000 -1000 -10 -0.841258
Pedestrian -1 -1 -10 506 47 542 147-1 -1 -1 -1000 -1000 -1000 -10 -0.901885
Pedestrian -1 -1 -10 883 120 919 220-1 -1 -1 -1000 -1000 -1000 -10 -0.905523
Pedestrian -1 -1 -10 930 43 1056 274-1 -1 -1 -1000 -1000 -1000 -10 -0.923324
Pedestrian -1 -1 -10 1092 1 1242 194-1 -1 -1 -1000 -1000 -1000 -10 -0.925853
Pedestrian -1 -1 -10 1044 74 1092 206-1 -1 -1 -1000 -1000 -1000 -10 -0.947646
Pedestrian -1 -1 -10 128 64 201 147-1 -1 -1 -1000 -1000 -1000 -10 -0.95631
Pedestrian -1 -1 -10 1 1 253 375-1 -1 -1 -1000 -1000 -1000 -10 -0.961669
Pedestrian -1 -1 -10 462 1 558 267-1 -1 -1 -1000 -1000 -1000 -10 -0.977324
