Pedestrian -1 -1 -10 1129 29 1184 181-1 -1 -1 -1000 -1000 -1000 -10 -0.0958033
Pedestrian -1 -1 -10 872 159 916 282-1 -1 -1 -1000 -1000 -1000 -10 -0.140747
Pedestrian -1 -1 -10 1 154 84 306-1 -1 -1 -1000 -1000 -1000 -10 -0.246336
Pedestrian -1 -1 -10 692 50 740 182-1 -1 -1 -1000 -1000 -1000 -10 -0.537877
Pedestrian -1 -1 -10 35 112 94 180-1 -1 -1 -1000 -1000 -1000 -10 -0.556599
Pedestrian -1 -1 -10 1067 75 1103 175-1 -1 -1 -1000 -1000 -1000 -10 -0.572003
Pedestrian -1 -1 -10 1 273 32 360-1 -1 -1 -1000 -1000 -1000 -10 -0.668795
Pedestrian -1 -1 -10 238 99 293 251-1 -1 -1 -1000 -1000 -1000 -10 -0.713863
Pedestrian -1 -1 -10 849 281 880 368-1 -1 -1 -1000 -1000 -1000 -10 -0.760776
Pedestrian -1 -1 -10 375 80 413 187-1 -1 -1 -1000 -1000 -1000 -10 -0.786117
Pedestrian -1 -1 -10 861 46 1018 226-1 -1 -1 -1000 -1000 -1000 -10 -0.863048
Pedestrian -1 -1 -10 655 43 781 274-1 -1 -1 -1000 -1000 -1000 -10 -0.885398
Pedestrian -1 -1 -10 1025 21 1063 128-1 -1 -1 -1000 -1000 -1000 -10 -0.902263
Pedestrian -1 -1 -10 547 92 637 195-1 -1 -1 -1000 -1000 -1000 -10 -0.914429
Pedestrian -1 -1 -10 524 164 557 257-1 -1 -1 -1000 -1000 -1000 -10 -0.915425
Pedestrian -1 -1 -10 190 112 223 205-1 -1 -1 -1000 -1000 -1000 -10 -0.921481
Pedestrian -1 -1 -10 1 310 51 375-1 -1 -1 -1000 -1000 -1000 -10 -0.937501
Pedestrian -1 -1 -10 268 1 316 133-1 -1 -1 -1000 -1000 -1000 -10 -0.956582
Pedestrian -1 -1 -10 1057 1 1242 352-1 -1 -1 -1000 -1000 -1000 -10 -0.965691
Pedestrian -1 -1 -10 424 47 460 147-1 -1 -1 -1000 -1000 -1000 -10 -0.965848
Pedestrian -1 -1 -10 9 1 40 88-1 -1 -1 -1000 -1000 -1000 -10 -0.972784
Pedestrian -1 -1 -10 779 129 847 207-1 -1 -1 -1000 -1000 -1000 -10 -0.977748
Pedestrian -1 -1 -10 120 1 179 164-1 -1 -1 -1000 -1000 -1000 -10 -0.981223
Pedestrian -1 -1 -10 993 217 1048 280-1 -1 -1 -1000 -1000 -1000 -10 -0.991847
Pedestrian -1 -1 -10 804 80 871 203-1 -1 -1 -1000 -1000 -1000 -10 -0.996255
