Pedestrian -1 -1 -10 623 92 667 215-1 -1 -1 -1000 -1000 -1000 -10 0.0209785
Pedestrian -1 -1 -10 420 58 464 181-1 -1 -1 -1000 -1000 -1000 -10 -0.69346
Pedestrian -1 -1 -10 111 166 165 266-1 -1 -1 -1000 -1000 -1000 -10 -0.731961
Pedestrian -1 -1 -10 502 57 585 209-1 -1 -1 -1000 -1000 -1000 -10 -0.809239
Pedestrian -1 -1 -10 293 1 361 189-1 -1 -1 -1000 -1000 -1000 -10 -0.83685
Pedestrian -1 -1 -10 113 161 176 336-1 -1 -1 -1000 -1000 -1000 -10 -0.852758
Pedestrian -1 -1 -10 569 313 624 375-1 -1 -1 -1000 -1000 -1000 -10 -0.865737
Pedestrian -1 -1 -10 449 97 496 184-1 -1 -1 -1000 -1000 -1000 -10 -0.895035
Pedestrian -1 -1 -10 280 122 328 254-1 -1 -1 -1000 -1000 -1000 -10 -0.903392
Pedestrian -1 -1 -10 490 1 523 94-1 -1 -1 -1000 -1000 -1000 -10 -0.921559
Pedestrian -1 -1 -10 936 147 995 215-1 -1 -1 -1000 -1000 -1000 -10 -0.949779
Pedestrian -1 -1 -10 219 50 388 243-1 -1 -1 -1000 -1000 -1000 -10 -0.970759
Pedestrian -1 -1 -10 297 321 352 375-1 -1 -1 -1000 -1000 -1000 -10 -0.98539
