Pedestrian -1 -1 -10 824 130 857 223-1 -1 -1 -1000 -1000 -1000 -10 -0.467651
Pedestrian -1 -1 -10 457 129 488 216-1 -1 -1 -1000 -1000 -1000 -10 -0.632245
Pedestrian -1 -1 -10 169 121 200 208-1 -1 -1 -1000 -1000 -1000 -10 -0.687432
Pedestrian -1 -1 -10 1153 74 1201 206-1 -1 -1 -1000 -1000 -1000 -10 -0.789031
Pedestrian -1 -1 -10 1193 105 1242 168-1 -1 -1 -1000 -1000 -1000 -10 -0.860256
Pedestrian -1 -1 -10 1055 99 1093 206-1 -1 -1 -1000 -1000 -1000 -10 -0.891166
Pedestrian -1 -1 -10 626 1 754 147-1 -1 -1 -1000 -1000 -1000 -10 -0.909523
Pedestrian -1 -1 -10 950 66 1001 208-1 -1 -1 -1000 -1000 -1000 -10 -0.948877
Pedestrian -1 -1 -10 976 157 1066 260-1 -1 -1 -1000 -1000 -1000 -10 -0.973612
Pedestrian -1 -1 -10 572 99 630 206-1 -1 -1 -1000 -1000 -1000 -10 -0.990854
Pedestrian -1 -1 -10 1150 18 1218 206-1 -1 -1 -1000 -1000 -1000 -10 -0.997113
