Pedestrian -1 -1 -10 641 153 672 240-1 -1 -1 -1000 -1000 -1000 -10 -0.220138
Pedestrian -1 -1 -10 553 137 584 224-1 -1 -1 -1000 -1000 -1000 -10 -0.656065
Pedestrian -1 -1 -10 940 180 981 295-1 -1 -1 -1000 -1000 -1000 -10 -0.684698
Pedestrian -1 -1 -10 1185 154 1240 306-1 -1 -1 -1000 -1000 -1000 -10 -0.726213
Pedestrian -1 -1 -10 940 75 981 190-1 -1 -1 -1000 -1000 -1000 -10 -0.831086
Pedestrian -1 -1 -10 479 1 538 164-1 -1 -1 -1000 -1000 -1000 -10 -0.847952
Pedestrian -1 -1 -10 137 225 192 288-1 -1 -1 -1000 -1000 -1000 -10 -0.857503
Pedestrian -1 -1 -10 344 1 412 189-1 -1 -1 -1000 -1000 -1000 -10 -0.861436
Pedestrian -1 -1 -10 1193 318 1242 375-1 -1 -1 -1000 -1000 -1000 -10 -0.907699
Pedestrian -1 -1 -10 1176 87 1209 180-1 -1 -1 -1000 -1000 -1000 -10 -0.907829
Pedestrian -1 -1 -10 207 74 255 206-1 -1 -1 -1000 -1000 -1000 -10 -0.949106
Pedestrian -1 -1 -10 1 1 104 286-1 -1 -1 -1000 -1000 -1000 -10 -0.96534
Pedestrian -1 -1 -10 481 147 531 240-1 -1 -1 -1000 -1000 -1000 -10 -0.994866
Pedestrian -1 -1 -10 111 84 147 184-1 -1 -1 -1000 -1000 -1000 -10 -0.998206
