Pedestrian -1 -1 -10 872 92 916 215-1 -1 -1 -1000 -1000 -1000 -10 -0.730419
Pedestrian -1 -1 -10 1 1 69 189-1 -1 -1 -1000 -1000 -1000 -10 -0.733822
Pedestrian -1 -1 -10 793 96 834 211-1 -1 -1 -1000 -1000 -1000 -10 -0.73712
Pedestrian -1 -1 -10 729 25 776 112-1 -1 -1 -1000 -1000 -1000 -10 -0.787131
Pedestrian -1 -1 -10 92 1 182 249-1 -1 -1 -1000 -1000 -1000 -10 -0.799456
Pedestrian -1 -1 -10 601 137 656 200-1 -1 -1 -1000 -1000 -1000 -10 -0.800621
Pedestrian -1 -1 -10 651 1 832 208-1 -1 -1 -1000 -1000 -1000 -10 -0.831368
Pedestrian -1 -1 -10 910 61 943 154-1 -1 -1 -1000 -1000 -1000 -10 -0.97917
Pedestrian -1 -1 -10 352 287 442 375-1 -1 -1 -1000 -1000 -1000 -10 -0.986118
Pedestrian -1 -1 -10 601 318 660 375-1 -1 -1 -1000 -1000 -1000 -10 -0.997967
