Pedestrian -1 -1 -10 223 85 264 200-1 -1 -1 -1000 -1000 -1000 -10 -0.355905
Pedestrian -1 -1 -10 1210 181 1242 274-1 -1 -1 -1000 -1000 -1000 -10 -0.369179
Pedestrian -1 -1 -10 370 180 411 295-1 -1 -1 -1000 -1000 -1000 -10 -0.451111
Pedestrian -1 -1 -10 306 12 384 102-1 -1 -1 -1000 -1000 -1000 -10 -0.737092
Pedestrian -1 -1 -10 793 128 834 243-1 -1 -1 -1000 -1000 -1000 -10 -0.746745
Pedestrian -1 -1 -10 301 121 334 214-1 -1 -1 -1000 -1000 -1000 -10 -0.754965
Pedestrian -1 -1 -10 653 104 703 197-1 -1 -1 -1000 -1000 -1000 -10 -0.790196
Pedestrian -1 -1 -10 1201 195 1242 327-1 -1 -1 -1000 -1000 -1000 -10 -0.866833
Pedestrian -1 -1 -10 608 93 736 239-1 -1 -1 -1000 -1000 -1000 -10 -0.872513
Pedestrian -1 -1 -10 183 86 267 182-1 -1 -1 -1000 -1000 -1000 -10 -0.873081
Pedestrian -1 -1 -10 339 64 422 295-1 -1 -1 -1000 -1000 -1000 -10 -0.921422
Pedestrian -1 -1 -10 404 121 463 189-1 -1 -1 -1000 -1000 -1000 -10 -0.951286
Pedestrian -1 -1 -10 872 274 962 375-1 -1 -1 -1000 -1000 -1000 -10 -0.951505
Pedestrian -1 -1 -10 1021 130 1057 230-1 -1 -1 -1000 -1000 -1000 -10 -0.954498
Pedestrian -1 -1 -10 190 87 309 223-1 -1 -1 -1000 -1000 -1000 -10 -0.987397
