Pedestrian -1 -1 -10 986 40 1024 147-1 -1 -1 -1000 -1000 -1000 -10 0.398113
Pedestrian -1 -1 -10 661 80 699 187-1 -1 -1 -1000 -1000 -1000 -10 0.0114856
Pedestrian -1 -1 -10 1 145 32 232-1 -1 -1 -1000 -1000 -1000 -10 -0.486783
Pedestrian -1 -1 -10 442 75 478 175-1 -1 -1 -1000 -1000 -1000 -10 -0.555779
Pedestrian -1 -1 -10 284 125 328 248-1 -1 -1 -1000 -1000 -1000 -10 -0.575202
Pedestrian -1 -1 -10 708 54 749 169-1 -1 -1 -1000 -1000 -1000 -10 -0.584989
Pedestrian -1 -1 -10 120 61 179 224-1 -1 -1 -1000 -1000 -1000 -10 -0.688464
Pedestrian -1 -1 -10 238 85 293 237-1 -1 -1 -1000 -1000 -1000 -10 -0.70301
Pedestrian -1 -1 -10 1025 49 1056 136-1 -1 -1 -1000 -1000 -1000 -10 -0.717538
Pedestrian -1 -1 -10 332 1 386 101-1 -1 -1 -1000 -1000 -1000 -10 -0.733418
Pedestrian -1 -1 -10 1 75 37 175-1 -1 -1 -1000 -1000 -1000 -10 -0.74953
Pedestrian -1 -1 -10 1 57 56 209-1 -1 -1 -1000 -1000 -1000 -10 -0.786018
Pedestrian -1 -1 -10 703 46 762 209-1 -1 -1 -1000 -1000 -1000 -10 -0.816661
Pedestrian -1 -1 -10 1017 185 1048 272-1 -1 -1 -1000 -1000 -1000 -10 -0.825247
Pedestrian -1 -1 -10 976 43 1031 195-1 -1 -1 -1000 -1000 -1000 -10 -0.831376
Pedestrian -1 -1 -10 1 65 192 370-1 -1 -1 -1000 -1000 -1000 -10 -0.876876
Pedestrian -1 -1 -10 1008 148 1052 271-1 -1 -1 -1000 -1000 -1000 -10 -0.925461
