Pedestrian -1 -1 -10 98 159 146 291-1 -1 -1 -1000 -1000 -1000 -10 0.942014
Pedestrian -1 -1 -10 87 138 155 326-1 -1 -1 -1000 -1000 -1000 -10 -0.468612
Pedestrian -1 -1 -10 833 129 864 216-1 -1 -1 -1000 -1000 -1000 -10 -0.539095
Pedestrian -1 -1 -10 494 300 597 370-1 -1 -1 -1000 -1000 -1000 -10 -0.560129
Pedestrian -1 -1 -10 996 241 1029 334-1 -1 -1 -1000 -1000 -1000 -10 -0.572233
Pedestrian -1 -1 -10 297 233 352 296-1 -1 -1 -1000 -1000 -1000 -10 -0.61697
Pedestrian -1 -1 -10 417 161 472 224-1 -1 -1 -1000 -1000 -1000 -10 -0.684484
Pedestrian -1 -1 -10 153 89 200 176-1 -1 -1 -1000 -1000 -1000 -10 -0.695918
Pedestrian -1 -1 -10 1153 1 1216 176-1 -1 -1 -1000 -1000 -1000 -10 -0.774442
Pedestrian -1 -1 -10 1132 1 1222 249-1 -1 -1 -1000 -1000 -1000 -10 -0.774482
Pedestrian -1 -1 -10 657 177 688 264-1 -1 -1 -1000 -1000 -1000 -10 -0.78416
Pedestrian -1 -1 -10 353 195 437 291-1 -1 -1 -1000 -1000 -1000 -10 -0.815191
Pedestrian -1 -1 -10 306 70 344 177-1 -1 -1 -1000 -1000 -1000 -10 -0.818199
Pedestrian -1 -1 -10 1044 134 1116 266-1 -1 -1 -1000 -1000 -1000 -10 -0.832018
Pedestrian -1 -1 -10 1057 1 1224 370-1 -1 -1 -1000 -1000 -1000 -10 -0.876835
Pedestrian -1 -1 -10 577 265 632 328-1 -1 -1 -1000 -1000 -1000 -10 -0.89403
Pedestrian -1 -1 -10 295 193 373 283-1 -1 -1 -1000 -1000 -1000 -10 -0.912174
Pedestrian -1 -1 -10 748 92 792 215-1 -1 -1 -1000 -1000 -1000 -10 -0.92595
Pedestrian -1 -1 -10 877 12 918 127-1 -1 -1 -1000 -1000 -1000 -10 -0.931302
Pedestrian -1 -1 -10 584 310 643 370-1 -1 -1 -1000 -1000 -1000 -10 -0.936047
Pedestrian -1 -1 -10 635 1 725 249-1 -1 -1 -1000 -1000 -1000 -10 -0.962473
Pedestrian -1 -1 -10 69 24 204 272-1 -1 -1 -1000 -1000 -1000 -10 -0.980556
Pedestrian -1 -1 -10 273 145 328 208-1 -1 -1 -1000 -1000 -1000 -10 -0.984652
Pedestrian -1 -1 -10 316 195 485 370-1 -1 -1 -1000 -1000 -1000 -10 -0.995004
