Pedestrian -1 -1 -10 1085 38 1194 239-1 -1 -1 -1000 -1000 -1000 -10 -0.638612
Pedestrian -1 -1 -10 975 38 1038 111-1 -1 -1 -1000 -1000 -1000 -10 -0.703722
Pedestrian -1 -1 -10 966 40 1044 256-1 -1 -1 -1000 -1000 -1000 -10 -0.704833
Pedestrian -1 -1 -10 353 121 412 189-1 -1 -1 -1000 -1000 -1000 -10 -0.776769
Pedestrian -1 -1 -10 18 147 51 240-1 -1 -1 -1000 -1000 -1000 -10 -0.815877
Pedestrian -1 -1 -10 592 80 729 237-1 -1 -1 -1000 -1000 -1000 -10 -0.82211
Pedestrian -1 -1 -10 1185 99 1240 251-1 -1 -1 -1000 -1000 -1000 -10 -0.924856
Pedestrian -1 -1 -10 668 256 740 375-1 -1 -1 -1000 -1000 -1000 -10 -0.93296
Pedestrian -1 -1 -10 761 297 823 375-1 -1 -1 -1000 -1000 -1000 -10 -0.937082
Pedestrian -1 -1 -10 1 71 56 223-1 -1 -1 -1000 -1000 -1000 -10 -0.955614
Pedestrian -1 -1 -10 46 105 149 223-1 -1 -1 -1000 -1000 -1000 -10 -0.985334
Pedestrian -1 -1 -10 1065 137 1096 224-1 -1 -1 -1000 -1000 -1000 -10 -0.986509
Pedestrian -1 -1 -10 1018 57 1101 209-1 -1 -1 -1000 -1000 -1000 -10 -0.990585
Pedestrian -1 -1 -10 170 66 221 208-1 -1 -1 -1000 -1000 -1000 -10 -0.996628
