Pedestrian -1 -1 -10 1021 130 1054 223-1 -1 -1 -1000 -1000 -1000 -10 -0.339949
Pedestrian -1 -1 -10 228 90 266 197-1 -1 -1 -1000 -1000 -1000 -10 -0.435883
Pedestrian -1 -1 -10 370 180 411 295-1 -1 -1 -1000 -1000 -1000 -10 -0.445042
Pedestrian -1 -1 -10 608 93 736 239-1 -1 -1 -1000 -1000 -1000 -10 -0.493091
Pedestrian -1 -1 -10 976 118 1027 260-1 -1 -1 -1000 -1000 -1000 -10 -0.661642
Pedestrian -1 -1 -10 725 103 803 193-1 -1 -1 -1000 -1000 -1000 -10 -0.691259
Pedestrian -1 -1 -10 304 13 388 109-1 -1 -1 -1000 -1000 -1000 -10 -0.774733
Pedestrian -1 -1 -10 1073 209 1104 296-1 -1 -1 -1000 -1000 -1000 -10 -0.822207
Pedestrian -1 -1 -10 207 74 279 206-1 -1 -1 -1000 -1000 -1000 -10 -0.848817
Pedestrian -1 -1 -10 377 86 461 182-1 -1 -1 -1000 -1000 -1000 -10 -0.918091
Pedestrian -1 -1 -10 313 53 416 338-1 -1 -1 -1000 -1000 -1000 -10 -0.920833
Pedestrian -1 -1 -10 930 180 1003 263-1 -1 -1 -1000 -1000 -1000 -10 -0.940773
Pedestrian -1 -1 -10 977 233 1024 320-1 -1 -1 -1000 -1000 -1000 -10 -0.974308
Pedestrian -1 -1 -10 738 181 788 274-1 -1 -1 -1000 -1000 -1000 -10 -0.993757
