Pedestrian -1 -1 -10 58 159 125 282-1 -1 -1 -1000 -1000 -1000 -10 -0.46911
Pedestrian -1 -1 -10 1095 313 1158 375-1 -1 -1 -1000 -1000 -1000 -10 -0.530153
Pedestrian -1 -1 -10 704 98 752 230-1 -1 -1 -1000 -1000 -1000 -10 -0.551713
Pedestrian -1 -1 -10 1001 297 1048 375-1 -1 -1 -1000 -1000 -1000 -10 -0.728857
Pedestrian -1 -1 -10 646 92 690 215-1 -1 -1 -1000 -1000 -1000 -10 -0.737753
Pedestrian -1 -1 -10 856 258 919 331-1 -1 -1 -1000 -1000 -1000 -10 -0.766457
Pedestrian -1 -1 -10 803 75 865 190-1 -1 -1 -1000 -1000 -1000 -10 -0.784763
Pedestrian -1 -1 -10 27 155 77 248-1 -1 -1 -1000 -1000 -1000 -10 -0.792584
Pedestrian -1 -1 -10 169 209 216 296-1 -1 -1 -1000 -1000 -1000 -10 -0.843505
Pedestrian -1 -1 -10 1 76 60 239-1 -1 -1 -1000 -1000 -1000 -10 -0.872815
Pedestrian -1 -1 -10 762 1 821 164-1 -1 -1 -1000 -1000 -1000 -10 -0.872946
Pedestrian -1 -1 -10 1 224 51 317-1 -1 -1 -1000 -1000 -1000 -10 -0.885556
Pedestrian -1 -1 -10 534 56 588 156-1 -1 -1 -1000 -1000 -1000 -10 -0.89857
Pedestrian -1 -1 -10 892 249 946 349-1 -1 -1 -1000 -1000 -1000 -10 -0.904507
Pedestrian -1 -1 -10 704 52 772 240-1 -1 -1 -1000 -1000 -1000 -10 -0.90556
Pedestrian -1 -1 -10 430 248 507 375-1 -1 -1 -1000 -1000 -1000 -10 -0.953659
Pedestrian -1 -1 -10 1033 89 1088 152-1 -1 -1 -1000 -1000 -1000 -10 -0.959474
Pedestrian -1 -1 -10 793 193 840 280-1 -1 -1 -1000 -1000 -1000 -10 -0.972357
