Pedestrian -1 -1 -10 947 1 1005 108-1 -1 -1 -1000 -1000 -1000 -10 -0.470397
Pedestrian -1 -1 -10 1180 105 1238 268-1 -1 -1 -1000 -1000 -1000 -10 -0.535288
Pedestrian -1 -1 -10 961 1 1088 352-1 -1 -1 -1000 -1000 -1000 -10 -0.601598
Pedestrian -1 -1 -10 690 90 728 197-1 -1 -1 -1000 -1000 -1000 -10 -0.772109
Pedestrian -1 -1 -10 625 33 656 120-1 -1 -1 -1000 -1000 -1000 -10 -0.827529
Pedestrian -1 -1 -10 70 78 103 171-1 -1 -1 -1000 -1000 -1000 -10 -0.833188
Pedestrian -1 -1 -10 545 81 576 168-1 -1 -1 -1000 -1000 -1000 -10 -0.833486
Pedestrian -1 -1 -10 628 168 725 278-1 -1 -1 -1000 -1000 -1000 -10 -0.835941
Pedestrian -1 -1 -10 846 131 897 273-1 -1 -1 -1000 -1000 -1000 -10 -0.861872
Pedestrian -1 -1 -10 824 78 857 171-1 -1 -1 -1000 -1000 -1000 -10 -0.909566
Pedestrian -1 -1 -10 567 87 600 180-1 -1 -1 -1000 -1000 -1000 -10 -0.912724
Pedestrian -1 -1 -10 1137 1 1168 88-1 -1 -1 -1000 -1000 -1000 -10 -0.973331
Pedestrian -1 -1 -10 876 1 926 94-1 -1 -1 -1000 -1000 -1000 -10 -0.973449
Pedestrian -1 -1 -10 867 1 926 164-1 -1 -1 -1000 -1000 -1000 -10 -0.974877
Pedestrian -1 -1 -10 41 105 96 168-1 -1 -1 -1000 -1000 -1000 -10 -0.976519
Pedestrian -1 -1 -10 681 47 735 147-1 -1 -1 -1000 -1000 -1000 -10 -0.978496
Pedestrian -1 -1 -10 718 38 791 239-1 -1 -1 -1000 -1000 -1000 -10 -0.993339
Pedestrian -1 -1 -10 789 86 861 218-1 -1 -1 -1000 -1000 -1000 -10 -0.994435
Pedestrian -1 -1 -10 1186 38 1238 138-1 -1 -1 -1000 -1000 -1000 -10 -0.995565
Pedestrian -1 -1 -10 868 1 1005 158-1 -1 -1 -1000 -1000 -1000 -10 -0.997724
