Pedestrian -1 -1 -10 509 61 568 224-1 -1 -1 -1000 -1000 -1000 -10 -0.518219
Pedestrian -1 -1 -10 1204 149 1242 264-1 -1 -1 -1000 -1000 -1000 -10 -0.749191
Pedestrian -1 -1 -10 681 121 712 208-1 -1 -1 -1000 -1000 -1000 -10 -0.81704
Pedestrian -1 -1 -10 665 89 696 176-1 -1 -1 -1000 -1000 -1000 -10 -0.834302
Pedestrian -1 -1 -10 846 29 909 102-1 -1 -1 -1000 -1000 -1000 -10 -0.834585
Pedestrian -1 -1 -10 921 297 952 375-1 -1 -1 -1000 -1000 -1000 -10 -0.849564
Pedestrian -1 -1 -10 841 87 874 180-1 -1 -1 -1000 -1000 -1000 -10 -0.857718
Pedestrian -1 -1 -10 237 277 295 375-1 -1 -1 -1000 -1000 -1000 -10 -0.880185
Pedestrian -1 -1 -10 862 122 934 254-1 -1 -1 -1000 -1000 -1000 -10 -0.883584
Pedestrian -1 -1 -10 1165 255 1242 373-1 -1 -1 -1000 -1000 -1000 -10 -0.911315
Pedestrian -1 -1 -10 730 104 763 197-1 -1 -1 -1000 -1000 -1000 -10 -0.911857
Pedestrian -1 -1 -10 833 1 1242 375-1 -1 -1 -1000 -1000 -1000 -10 -0.912158
Pedestrian -1 -1 -10 761 193 808 280-1 -1 -1 -1000 -1000 -1000 -10 -0.983986
Pedestrian -1 -1 -10 469 53 520 195-1 -1 -1 -1000 -1000 -1000 -10 -0.99608
