Pedestrian -1 -1 -10 131 53 182 195-1 -1 -1 -1000 -1000 -1000 -10 0.0813394
Pedestrian -1 -1 -10 704 181 763 249-1 -1 -1 -1000 -1000 -1000 -10 -0.311786
Pedestrian -1 -1 -10 257 1 320 176-1 -1 -1 -1000 -1000 -1000 -10 -0.55104
Pedestrian -1 -1 -10 178 1 315 158-1 -1 -1 -1000 -1000 -1000 -10 -0.576511
Pedestrian -1 -1 -10 617 1 648 88-1 -1 -1 -1000 -1000 -1000 -10 -0.685887
Pedestrian -1 -1 -10 664 92 754 195-1 -1 -1 -1000 -1000 -1000 -10 -0.692822
Pedestrian -1 -1 -10 10 147 43 240-1 -1 -1 -1000 -1000 -1000 -10 -0.739222
Pedestrian -1 -1 -10 953 9 984 96-1 -1 -1 -1000 -1000 -1000 -10 -0.744166
Pedestrian -1 -1 -10 753 41 800 128-1 -1 -1 -1000 -1000 -1000 -10 -0.748606
Pedestrian -1 -1 -10 631 80 768 237-1 -1 -1 -1000 -1000 -1000 -10 -0.748838
Pedestrian -1 -1 -10 608 1 681 202-1 -1 -1 -1000 -1000 -1000 -10 -0.75515
Pedestrian -1 -1 -10 777 121 832 184-1 -1 -1 -1000 -1000 -1000 -10 -0.75993
Pedestrian -1 -1 -10 1183 40 1242 118-1 -1 -1 -1000 -1000 -1000 -10 -0.775613
Pedestrian -1 -1 -10 850 1 898 133-1 -1 -1 -1000 -1000 -1000 -10 -0.791303
Pedestrian -1 -1 -10 905 121 952 208-1 -1 -1 -1000 -1000 -1000 -10 -0.791653
Pedestrian -1 -1 -10 419 29 474 181-1 -1 -1 -1000 -1000 -1000 -10 -0.794881
Pedestrian -1 -1 -10 1046 33 1119 116-1 -1 -1 -1000 -1000 -1000 -10 -0.813903
Pedestrian -1 -1 -10 363 266 460 375-1 -1 -1 -1000 -1000 -1000 -10 -0.83127
Pedestrian -1 -1 -10 80 1 315 375-1 -1 -1 -1000 -1000 -1000 -10 -0.840489
Pedestrian -1 -1 -10 417 241 472 304-1 -1 -1 -1000 -1000 -1000 -10 -0.857162
Pedestrian -1 -1 -10 369 1 442 202-1 -1 -1 -1000 -1000 -1000 -10 -0.859831
Pedestrian -1 -1 -10 898 92 988 195-1 -1 -1 -1000 -1000 -1000 -10 -0.886072
Pedestrian -1 -1 -10 515 1 754 274-1 -1 -1 -1000 -1000 -1000 -10 -0.922267
Pedestrian -1 -1 -10 1025 105 1080 168-1 -1 -1 -1000 -1000 -1000 -10 -0.956774
Pedestrian -1 -1 -10 49 281 104 344-1 -1 -1 -1000 -1000 -1000 -10 -0.969841
Pedestrian -1 -1 -10 1 65 32 152-1 -1 -1 -1000 -1000 -1000 -10 -0.973404
Pedestrian -1 -1 -10 1150 46 1242 164-1 -1 -1 -1000 -1000 -1000 -10 -0.991779
Pedestrian -1 -1 -10 905 1 952 88-1 -1 -1 -1000 -1000 -1000 -10 -0.999133
