Pedestrian -1 -1 -10 374 120 433 283-1 -1 -1 -1000 -1000 -1000 -10 -0.276364
Pedestrian -1 -1 -10 129 121 160 208-1 -1 -1 -1000 -1000 -1000 -10 -0.381695
Pedestrian -1 -1 -10 208 90 266 197-1 -1 -1 -1000 -1000 -1000 -10 -0.444038
Pedestrian -1 -1 -10 729 25 777 157-1 -1 -1 -1000 -1000 -1000 -10 -0.513826
Pedestrian -1 -1 -10 165 46 254 209-1 -1 -1 -1000 -1000 -1000 -10 -0.552151
Pedestrian -1 -1 -10 824 85 897 168-1 -1 -1 -1000 -1000 -1000 -10 -0.602061
Pedestrian -1 -1 -10 293 70 395 258-1 -1 -1 -1000 -1000 -1000 -10 -0.725355
Pedestrian -1 -1 -10 425 74 473 206-1 -1 -1 -1000 -1000 -1000 -10 -0.743206
Pedestrian -1 -1 -10 332 111 441 312-1 -1 -1 -1000 -1000 -1000 -10 -0.762897
Pedestrian -1 -1 -10 562 99 600 206-1 -1 -1 -1000 -1000 -1000 -10 -0.765796
Pedestrian -1 -1 -10 666 96 739 179-1 -1 -1 -1000 -1000 -1000 -10 -0.770566
Pedestrian -1 -1 -10 488 176 551 249-1 -1 -1 -1000 -1000 -1000 -10 -0.773607
Pedestrian -1 -1 -10 112 57 167 209-1 -1 -1 -1000 -1000 -1000 -10 -0.849267
Pedestrian -1 -1 -10 558 70 617 138-1 -1 -1 -1000 -1000 -1000 -10 -0.852828
Pedestrian -1 -1 -10 555 69 622 192-1 -1 -1 -1000 -1000 -1000 -10 -0.891191
Pedestrian -1 -1 -10 499 69 634 317-1 -1 -1 -1000 -1000 -1000 -10 -0.893932
Pedestrian -1 -1 -10 210 71 293 223-1 -1 -1 -1000 -1000 -1000 -10 -0.89688
Pedestrian -1 -1 -10 753 89 800 176-1 -1 -1 -1000 -1000 -1000 -10 -0.932302
Pedestrian -1 -1 -10 1 130 60 198-1 -1 -1 -1000 -1000 -1000 -10 -0.939481
Pedestrian -1 -1 -10 65 1 288 256-1 -1 -1 -1000 -1000 -1000 -10 -0.942963
Pedestrian -1 -1 -10 944 258 1063 375-1 -1 -1 -1000 -1000 -1000 -10 -0.980042
Pedestrian -1 -1 -10 725 224 808 375-1 -1 -1 -1000 -1000 -1000 -10 -0.981198
