Pedestrian -1 -1 -10 1167 61 1200 154-1 -1 -1 -1000 -1000 -1000 -10 -0.244166
Pedestrian -1 -1 -10 1074 99 1129 251-1 -1 -1 -1000 -1000 -1000 -10 -0.567515
Pedestrian -1 -1 -10 1210 78 1242 171-1 -1 -1 -1000 -1000 -1000 -10 -0.748807
Pedestrian -1 -1 -10 1162 54 1235 137-1 -1 -1 -1000 -1000 -1000 -10 -0.75007
Pedestrian -1 -1 -10 408 69 475 192-1 -1 -1 -1000 -1000 -1000 -10 -0.771879
Pedestrian -1 -1 -10 464 61 497 154-1 -1 -1 -1000 -1000 -1000 -10 -0.806098
Pedestrian -1 -1 -10 1144 1 1188 124-1 -1 -1 -1000 -1000 -1000 -10 -0.83184
Pedestrian -1 -1 -10 1209 1 1240 88-1 -1 -1 -1000 -1000 -1000 -10 -0.834124
Pedestrian -1 -1 -10 300 27 377 169-1 -1 -1 -1000 -1000 -1000 -10 -0.849092
Pedestrian -1 -1 -10 927 61 986 224-1 -1 -1 -1000 -1000 -1000 -10 -0.854812
Pedestrian -1 -1 -10 1116 147 1149 240-1 -1 -1 -1000 -1000 -1000 -10 -0.882766
Pedestrian -1 -1 -10 524 52 557 145-1 -1 -1 -1000 -1000 -1000 -10 -0.933804
Pedestrian -1 -1 -10 1003 19 1057 119-1 -1 -1 -1000 -1000 -1000 -10 -0.98401
Pedestrian -1 -1 -10 147 95 197 188-1 -1 -1 -1000 -1000 -1000 -10 -0.985386
Pedestrian -1 -1 -10 1044 50 1092 182-1 -1 -1 -1000 -1000 -1000 -10 -0.987557
Pedestrian -1 -1 -10 473 137 520 224-1 -1 -1 -1000 -1000 -1000 -10 -0.993944
