Pedestrian -1 -1 -10 523 16 582 179-1 -1 -1 -1000 -1000 -1000 -10 -0.409847
Pedestrian -1 -1 -10 730 1 808 217-1 -1 -1 -1000 -1000 -1000 -10 -0.56033
Pedestrian -1 -1 -10 1209 33 1240 120-1 -1 -1 -1000 -1000 -1000 -10 -0.583047
Pedestrian -1 -1 -10 1104 13 1152 145-1 -1 -1 -1000 -1000 -1000 -10 -0.595782
Pedestrian -1 -1 -10 626 1 772 375-1 -1 -1 -1000 -1000 -1000 -10 -0.701003
Pedestrian -1 -1 -10 346 1 414 79-1 -1 -1 -1000 -1000 -1000 -10 -0.763848
Pedestrian -1 -1 -10 874 37 922 169-1 -1 -1 -1000 -1000 -1000 -10 -0.773515
Pedestrian -1 -1 -10 363 1 430 124-1 -1 -1 -1000 -1000 -1000 -10 -0.871779
Pedestrian -1 -1 -10 1013 78 1046 171-1 -1 -1 -1000 -1000 -1000 -10 -0.893152
Pedestrian -1 -1 -10 70 90 128 197-1 -1 -1 -1000 -1000 -1000 -10 -0.95324
Pedestrian -1 -1 -10 321 43 404 195-1 -1 -1 -1000 -1000 -1000 -10 -0.959162
Pedestrian -1 -1 -10 552 313 615 375-1 -1 -1 -1000 -1000 -1000 -10 -0.967741
Pedestrian -1 -1 -10 508 1 803 338-1 -1 -1 -1000 -1000 -1000 -10 -0.993423
