Pedestrian -1 -1 -10 171 137 215 260-1 -1 -1 -1000 -1000 -1000 -10 -0.0260277
Pedestrian -1 -1 -10 730 87 763 180-1 -1 -1 -1000 -1000 -1000 -10 -0.0873222
Pedestrian -1 -1 -10 381 191 454 274-1 -1 -1 -1000 -1000 -1000 -10 -0.390938
Pedestrian -1 -1 -10 222 139 258 239-1 -1 -1 -1000 -1000 -1000 -10 -0.412625
Pedestrian -1 -1 -10 1 1 39 108-1 -1 -1 -1000 -1000 -1000 -10 -0.517194
Pedestrian -1 -1 -10 194 120 257 193-1 -1 -1 -1000 -1000 -1000 -10 -0.564289
Pedestrian -1 -1 -10 1099 85 1140 200-1 -1 -1 -1000 -1000 -1000 -10 -0.565625
Pedestrian -1 -1 -10 807 61 866 224-1 -1 -1 -1000 -1000 -1000 -10 -0.620459
Pedestrian -1 -1 -10 209 57 240 144-1 -1 -1 -1000 -1000 -1000 -10 -0.726312
Pedestrian -1 -1 -10 148 1 211 74-1 -1 -1 -1000 -1000 -1000 -10 -0.77275
Pedestrian -1 -1 -10 378 190 480 375-1 -1 -1 -1000 -1000 -1000 -10 -0.781559
Pedestrian -1 -1 -10 1 1 97 267-1 -1 -1 -1000 -1000 -1000 -10 -0.831247
Pedestrian -1 -1 -10 738 18 806 206-1 -1 -1 -1000 -1000 -1000 -10 -0.907315
Pedestrian -1 -1 -10 329 76 432 194-1 -1 -1 -1000 -1000 -1000 -10 -0.915299
Pedestrian -1 -1 -10 1204 1 1242 116-1 -1 -1 -1000 -1000 -1000 -10 -0.974484
