Pedestrian -1 -1 -10 984 111 1020 211-1 -1 -1 -1000 -1000 -1000 -10 -0.0921879
Pedestrian -1 -1 -10 986 1 1064 217-1 -1 -1 -1000 -1000 -1000 -10 -0.102813
Pedestrian -1 -1 -10 944 87 977 180-1 -1 -1 -1000 -1000 -1000 -10 -0.438647
Pedestrian -1 -1 -10 328 1 369 116-1 -1 -1 -1000 -1000 -1000 -10 -0.503216
Pedestrian -1 -1 -10 217 121 248 208-1 -1 -1 -1000 -1000 -1000 -10 -0.541095
Pedestrian -1 -1 -10 1134 60 1172 167-1 -1 -1 -1000 -1000 -1000 -10 -0.568575
Pedestrian -1 -1 -10 1217 113 1242 200-1 -1 -1 -1000 -1000 -1000 -10 -0.623424
Pedestrian -1 -1 -10 862 122 910 254-1 -1 -1 -1000 -1000 -1000 -10 -0.680406
Pedestrian -1 -1 -10 81 17 144 192-1 -1 -1 -1000 -1000 -1000 -10 -0.707306
Pedestrian -1 -1 -10 845 22 928 253-1 -1 -1 -1000 -1000 -1000 -10 -0.721629
Pedestrian -1 -1 -10 21 80 99 296-1 -1 -1 -1000 -1000 -1000 -10 -0.731463
Pedestrian -1 -1 -10 764 138 797 231-1 -1 -1 -1000 -1000 -1000 -10 -0.811888
Pedestrian -1 -1 -10 289 113 352 288-1 -1 -1 -1000 -1000 -1000 -10 -0.8163
Pedestrian -1 -1 -10 801 193 856 256-1 -1 -1 -1000 -1000 -1000 -10 -0.839406
Pedestrian -1 -1 -10 755 84 809 184-1 -1 -1 -1000 -1000 -1000 -10 -0.840487
Pedestrian -1 -1 -10 207 110 255 242-1 -1 -1 -1000 -1000 -1000 -10 -0.863875
Pedestrian -1 -1 -10 1209 257 1240 344-1 -1 -1 -1000 -1000 -1000 -10 -0.875444
Pedestrian -1 -1 -10 523 90 561 197-1 -1 -1 -1000 -1000 -1000 -10 -0.910047
Pedestrian -1 -1 -10 1081 217 1136 280-1 -1 -1 -1000 -1000 -1000 -10 -0.921422
Pedestrian -1 -1 -10 589 111 652 184-1 -1 -1 -1000 -1000 -1000 -10 -0.959959
Pedestrian -1 -1 -10 69 1 159 249-1 -1 -1 -1000 -1000 -1000 -10 -0.964348
Pedestrian -1 -1 -10 790 27 849 95-1 -1 -1 -1000 -1000 -1000 -10 -0.997582
