Pedestrian -1 -1 -10 856 1 892 101-1 -1 -1 -1000 -1000 -1000 -10 -0.174077
Pedestrian -1 -1 -10 233 1 316 232-1 -1 -1 -1000 -1000 -1000 -10 -0.232397
Pedestrian -1 -1 -10 329 61 388 224-1 -1 -1 -1000 -1000 -1000 -10 -0.236096
Pedestrian -1 -1 -10 704 95 737 188-1 -1 -1 -1000 -1000 -1000 -10 -0.546547
Pedestrian -1 -1 -10 878 40 936 147-1 -1 -1 -1000 -1000 -1000 -10 -0.672324
Pedestrian -1 -1 -10 395 61 428 154-1 -1 -1 -1000 -1000 -1000 -10 -0.727961
Pedestrian -1 -1 -10 444 99 482 206-1 -1 -1 -1000 -1000 -1000 -10 -0.728872
Pedestrian -1 -1 -10 807 46 866 209-1 -1 -1 -1000 -1000 -1000 -10 -0.738692
Pedestrian -1 -1 -10 419 43 474 195-1 -1 -1 -1000 -1000 -1000 -10 -0.769754
Pedestrian -1 -1 -10 1 1 147 375-1 -1 -1 -1000 -1000 -1000 -10 -0.864759
Pedestrian -1 -1 -10 858 35 960 223-1 -1 -1 -1000 -1000 -1000 -10 -0.901042
Pedestrian -1 -1 -10 497 113 544 200-1 -1 -1 -1000 -1000 -1000 -10 -0.926154
Pedestrian -1 -1 -10 374 61 463 224-1 -1 -1 -1000 -1000 -1000 -10 -0.927498
Pedestrian -1 -1 -10 553 11 611 118-1 -1 -1 -1000 -1000 -1000 -10 -0.944687
Pedestrian -1 -1 -10 339 1 412 84-1 -1 -1 -1000 -1000 -1000 -10 -0.972181
Pedestrian -1 -1 -10 558 43 641 195-1 -1 -1 -1000 -1000 -1000 -10 -0.985181
Pedestrian -1 -1 -10 680 69 724 192-1 -1 -1 -1000 -1000 -1000 -10 -0.999804
