Pedestrian -1 -1 -10 649 121 680 208-1 -1 -1 -1000 -1000 -1000 -10 -0.507589
Pedestrian -1 -1 -10 419 210 508 373-1 -1 -1 -1000 -1000 -1000 -10 -0.536022
Pedestrian -1 -1 -10 689 97 720 184-1 -1 -1 -1000 -1000 -1000 -10 -0.626072
Pedestrian -1 -1 -10 747 16 806 179-1 -1 -1 -1000 -1000 -1000 -10 -0.729713
Pedestrian -1 -1 -10 873 73 920 160-1 -1 -1 -1000 -1000 -1000 -10 -0.731323
Pedestrian -1 -1 -10 578 58 645 181-1 -1 -1 -1000 -1000 -1000 -10 -0.742167
Pedestrian -1 -1 -10 748 1 838 249-1 -1 -1 -1000 -1000 -1000 -10 -0.762252
Pedestrian -1 -1 -10 294 71 349 223-1 -1 -1 -1000 -1000 -1000 -10 -0.766307
Pedestrian -1 -1 -10 365 62 413 194-1 -1 -1 -1000 -1000 -1000 -10 -0.766918
Pedestrian -1 -1 -10 668 86 752 182-1 -1 -1 -1000 -1000 -1000 -10 -0.841004
Pedestrian -1 -1 -10 569 9 616 96-1 -1 -1 -1000 -1000 -1000 -10 -0.85434
Pedestrian -1 -1 -10 417 105 468 247-1 -1 -1 -1000 -1000 -1000 -10 -0.891959
Pedestrian -1 -1 -10 678 215 737 283-1 -1 -1 -1000 -1000 -1000 -10 -0.900348
Pedestrian -1 -1 -10 344 35 394 128-1 -1 -1 -1000 -1000 -1000 -10 -0.901138
Pedestrian -1 -1 -10 593 138 626 231-1 -1 -1 -1000 -1000 -1000 -10 -0.904065
Pedestrian -1 -1 -10 553 60 670 276-1 -1 -1 -1000 -1000 -1000 -10 -0.916496
Pedestrian -1 -1 -10 170 27 260 130-1 -1 -1 -1000 -1000 -1000 -10 -0.987165
Pedestrian -1 -1 -10 824 54 897 137-1 -1 -1 -1000 -1000 -1000 -10 -0.994967
Pedestrian -1 -1 -10 657 1 712 64-1 -1 -1 -1000 -1000 -1000 -10 -0.997982
