Pedestrian -1 -1 -10 268 13 340 145-1 -1 -1 -1000 -1000 -1000 -10 -0.418035
Pedestrian -1 -1 -10 212 22 295 253-1 -1 -1 -1000 -1000 -1000 -10 -0.443798
Pedestrian -1 -1 -10 392 75 454 190-1 -1 -1 -1000 -1000 -1000 -10 -0.521135
Pedestrian -1 -1 -10 507 104 540 197-1 -1 -1 -1000 -1000 -1000 -10 -0.734666
Pedestrian -1 -1 -10 725 69 769 192-1 -1 -1 -1000 -1000 -1000 -10 -0.737525
Pedestrian -1 -1 -10 971 25 1067 291-1 -1 -1 -1000 -1000 -1000 -10 -0.782643
Pedestrian -1 -1 -10 389 31 478 194-1 -1 -1 -1000 -1000 -1000 -10 -0.848728
Pedestrian -1 -1 -10 543 93 597 193-1 -1 -1 -1000 -1000 -1000 -10 -0.851577
Pedestrian -1 -1 -10 750 1 788 108-1 -1 -1 -1000 -1000 -1000 -10 -0.880285
Pedestrian -1 -1 -10 277 1 405 147-1 -1 -1 -1000 -1000 -1000 -10 -0.8803
Pedestrian -1 -1 -10 755 19 828 220-1 -1 -1 -1000 -1000 -1000 -10 -0.976437
Pedestrian -1 -1 -10 948 1 1002 101-1 -1 -1 -1000 -1000 -1000 -10 -0.980711
Pedestrian -1 -1 -10 747 1 955 239-1 -1 -1 -1000 -1000 -1000 -10 -0.983655
