Pedestrian -1 -1 -10 12 1 53 116-1 -1 -1 -1000 -1000 -1000 -10 -0.384556
Pedestrian -1 -1 -10 709 111 745 211-1 -1 -1 -1000 -1000 -1000 -10 -0.523992
Pedestrian -1 -1 -10 714 80 781 203-1 -1 -1 -1000 -1000 -1000 -10 -0.607807
Pedestrian -1 -1 -10 1 1 104 286-1 -1 -1 -1000 -1000 -1000 -10 -0.66703
Pedestrian -1 -1 -10 671 1 709 108-1 -1 -1 -1000 -1000 -1000 -10 -0.787834
Pedestrian -1 -1 -10 655 75 717 190-1 -1 -1 -1000 -1000 -1000 -10 -0.803868
Pedestrian -1 -1 -10 625 137 680 200-1 -1 -1 -1000 -1000 -1000 -10 -0.850929
Pedestrian -1 -1 -10 455 85 496 200-1 -1 -1 -1000 -1000 -1000 -10 -0.870413
Pedestrian -1 -1 -10 710 1 788 217-1 -1 -1 -1000 -1000 -1000 -10 -0.891293
Pedestrian -1 -1 -10 107 128 180 211-1 -1 -1 -1000 -1000 -1000 -10 -0.913098
Pedestrian -1 -1 -10 516 56 570 156-1 -1 -1 -1000 -1000 -1000 -10 -0.931621
Pedestrian -1 -1 -10 293 104 343 197-1 -1 -1 -1000 -1000 -1000 -10 -0.968179
Pedestrian -1 -1 -10 430 10 480 103-1 -1 -1 -1000 -1000 -1000 -10 -0.985545
Pedestrian -1 -1 -10 479 1 699 375-1 -1 -1 -1000 -1000 -1000 -10 -0.998156
