Pedestrian -1 -1 -10 721 87 754 180-1 -1 -1 -1000 -1000 -1000 -10 -0.0272822
Pedestrian -1 -1 -10 961 1 1011 94-1 -1 -1 -1000 -1000 -1000 -10 -0.337857
Pedestrian -1 -1 -10 9 185 40 272-1 -1 -1 -1000 -1000 -1000 -10 -0.415604
Pedestrian -1 -1 -10 56 157 92 257-1 -1 -1 -1000 -1000 -1000 -10 -0.569607
Pedestrian -1 -1 -10 249 139 303 239-1 -1 -1 -1000 -1000 -1000 -10 -0.628451
Pedestrian -1 -1 -10 318 27 377 95-1 -1 -1 -1000 -1000 -1000 -10 -0.636319
Pedestrian -1 -1 -10 941 1 1030 164-1 -1 -1 -1000 -1000 -1000 -10 -0.647261
Pedestrian -1 -1 -10 1 118 52 260-1 -1 -1 -1000 -1000 -1000 -10 -0.654894
Pedestrian -1 -1 -10 768 66 819 208-1 -1 -1 -1000 -1000 -1000 -10 -0.673693
Pedestrian -1 -1 -10 79 118 130 260-1 -1 -1 -1000 -1000 -1000 -10 -0.724263
Pedestrian -1 -1 -10 359 255 448 375-1 -1 -1 -1000 -1000 -1000 -10 -0.801823
Pedestrian -1 -1 -10 280 292 364 375-1 -1 -1 -1000 -1000 -1000 -10 -0.80228
Pedestrian -1 -1 -10 656 1 740 97-1 -1 -1 -1000 -1000 -1000 -10 -0.847982
Pedestrian -1 -1 -10 287 14 377 117-1 -1 -1 -1000 -1000 -1000 -10 -0.867782
Pedestrian -1 -1 -10 792 16 881 179-1 -1 -1 -1000 -1000 -1000 -10 -0.882204
Pedestrian -1 -1 -10 1 318 60 375-1 -1 -1 -1000 -1000 -1000 -10 -0.887636
Pedestrian -1 -1 -10 1 1 448 375-1 -1 -1 -1000 -1000 -1000 -10 -0.902957
Pedestrian -1 -1 -10 1104 31 1172 109-1 -1 -1 -1000 -1000 -1000 -10 -0.935846
Pedestrian -1 -1 -10 867 78 900 171-1 -1 -1 -1000 -1000 -1000 -10 -0.984982
Pedestrian -1 -1 -10 434 40 472 147-1 -1 -1 -1000 -1000 -1000 -10 -0.988944
