Pedestrian -1 -1 -10 910 190 960 283-1 -1 -1 -1000 -1000 -1000 -10 -0.315322
Pedestrian -1 -1 -10 580 313 643 375-1 -1 -1 -1000 -1000 -1000 -10 -0.54018
Pedestrian -1 -1 -10 277 1 355 217-1 -1 -1 -1000 -1000 -1000 -10 -0.572034
Pedestrian -1 -1 -10 898 183 970 315-1 -1 -1 -1000 -1000 -1000 -10 -0.60775
Pedestrian -1 -1 -10 1 1 119 328-1 -1 -1 -1000 -1000 -1000 -10 -0.733272
Pedestrian -1 -1 -10 651 80 729 296-1 -1 -1 -1000 -1000 -1000 -10 -0.746292
Pedestrian -1 -1 -10 940 1 984 124-1 -1 -1 -1000 -1000 -1000 -10 -0.780858
Pedestrian -1 -1 -10 819 286 873 375-1 -1 -1 -1000 -1000 -1000 -10 -0.792262
Pedestrian -1 -1 -10 385 289 440 352-1 -1 -1 -1000 -1000 -1000 -10 -0.925418
Pedestrian -1 -1 -10 562 277 620 375-1 -1 -1 -1000 -1000 -1000 -10 -0.939446
Pedestrian -1 -1 -10 323 313 386 375-1 -1 -1 -1000 -1000 -1000 -10 -0.982508
