Pedestrian -1 -1 -10 224 35 257 128-1 -1 -1 -1000 -1000 -1000 -10 -0.2604
Pedestrian -1 -1 -10 738 112 771 205-1 -1 -1 -1000 -1000 -1000 -10 -0.324445
Pedestrian -1 -1 -10 657 113 688 200-1 -1 -1 -1000 -1000 -1000 -10 -0.562721
Pedestrian -1 -1 -10 510 80 554 203-1 -1 -1 -1000 -1000 -1000 -10 -0.679317
Pedestrian -1 -1 -10 1104 10 1140 110-1 -1 -1 -1000 -1000 -1000 -10 -0.690963
Pedestrian -1 -1 -10 46 1 105 164-1 -1 -1 -1000 -1000 -1000 -10 -0.716328
Pedestrian -1 -1 -10 930 22 971 137-1 -1 -1 -1000 -1000 -1000 -10 -0.802882
Pedestrian -1 -1 -10 962 12 1035 95-1 -1 -1 -1000 -1000 -1000 -10 -0.803752
Pedestrian -1 -1 -10 690 53 741 195-1 -1 -1 -1000 -1000 -1000 -10 -0.816514
Pedestrian -1 -1 -10 790 147 849 215-1 -1 -1 -1000 -1000 -1000 -10 -0.820197
Pedestrian -1 -1 -10 807 14 884 156-1 -1 -1 -1000 -1000 -1000 -10 -0.829352
Pedestrian -1 -1 -10 329 1 373 124-1 -1 -1 -1000 -1000 -1000 -10 -0.85821
Pedestrian -1 -1 -10 231 111 294 184-1 -1 -1 -1000 -1000 -1000 -10 -0.874871
Pedestrian -1 -1 -10 404 10 454 103-1 -1 -1 -1000 -1000 -1000 -10 -0.876237
Pedestrian -1 -1 -10 1067 1 1140 84-1 -1 -1 -1000 -1000 -1000 -10 -0.912327
Pedestrian -1 -1 -10 541 104 574 197-1 -1 -1 -1000 -1000 -1000 -10 -0.951722
Pedestrian -1 -1 -10 24 1 114 249-1 -1 -1 -1000 -1000 -1000 -10 -0.960725
Pedestrian -1 -1 -10 769 153 816 240-1 -1 -1 -1000 -1000 -1000 -10 -0.963453
Pedestrian -1 -1 -10 337 121 392 184-1 -1 -1 -1000 -1000 -1000 -10 -0.967094
Pedestrian -1 -1 -10 1049 321 1104 375-1 -1 -1 -1000 -1000 -1000 -10 -0.96879
Pedestrian -1 -1 -10 644 74 692 206-1 -1 -1 -1000 -1000 -1000 -10 -0.986651
Pedestrian -1 -1 -10 874 313 937 375-1 -1 -1 -1000 -1000 -1000 -10 -0.989727
