Pedestrian -1 -1 -10 849 145 912 320-1 -1 -1 -1000 -1000 -1000 -10 0.658131
Pedestrian -1 -1 -10 809 201 840 288-1 -1 -1 -1000 -1000 -1000 -10 0.135918
Pedestrian -1 -1 -10 84 176 120 276-1 -1 -1 -1000 -1000 -1000 -10 -0.141517
Pedestrian -1 -1 -10 1113 139 1167 239-1 -1 -1 -1000 -1000 -1000 -10 -0.194064
Pedestrian -1 -1 -10 18 95 51 188-1 -1 -1 -1000 -1000 -1000 -10 -0.320982
Pedestrian -1 -1 -10 819 176 855 276-1 -1 -1 -1000 -1000 -1000 -10 -0.415545
Pedestrian -1 -1 -10 140 140 195 292-1 -1 -1 -1000 -1000 -1000 -10 -0.435938
Pedestrian -1 -1 -10 40 80 118 296-1 -1 -1 -1000 -1000 -1000 -10 -0.545157
Pedestrian -1 -1 -10 104 87 154 180-1 -1 -1 -1000 -1000 -1000 -10 -0.595881
Pedestrian -1 -1 -10 113 145 176 320-1 -1 -1 -1000 -1000 -1000 -10 -0.640439
Pedestrian -1 -1 -10 195 46 284 209-1 -1 -1 -1000 -1000 -1000 -10 -0.657191
Pedestrian -1 -1 -10 888 149 1035 317-1 -1 -1 -1000 -1000 -1000 -10 -0.685853
Pedestrian -1 -1 -10 1 81 32 168-1 -1 -1 -1000 -1000 -1000 -10 -0.714432
Pedestrian -1 -1 -10 433 145 464 232-1 -1 -1 -1000 -1000 -1000 -10 -0.727496
Pedestrian -1 -1 -10 292 110 340 242-1 -1 -1 -1000 -1000 -1000 -10 -0.798788
Pedestrian -1 -1 -10 17 41 48 128-1 -1 -1 -1000 -1000 -1000 -10 -0.813341
Pedestrian -1 -1 -10 742 105 832 208-1 -1 -1 -1000 -1000 -1000 -10 -0.960767
Pedestrian -1 -1 -10 266 71 321 223-1 -1 -1 -1000 -1000 -1000 -10 -0.970315
Pedestrian -1 -1 -10 865 29 1031 334-1 -1 -1 -1000 -1000 -1000 -10 -0.977846
Pedestrian -1 -1 -10 46 1 226 375-1 -1 -1 -1000 -1000 -1000 -10 -0.985286
