Pedestrian -1 -1 -10 680 159 724 282-1 -1 -1 -1000 -1000 -1000 -10 0.919852
Pedestrian -1 -1 -10 571 159 612 274-1 -1 -1 -1000 -1000 -1000 -10 0.61618
Pedestrian -1 -1 -10 714 159 758 282-1 -1 -1 -1000 -1000 -1000 -10 0.39672
Pedestrian -1 -1 -10 433 161 464 248-1 -1 -1 -1000 -1000 -1000 -10 0.155955
Pedestrian -1 -1 -10 487 159 531 282-1 -1 -1 -1000 -1000 -1000 -10 0.0835218
Pedestrian -1 -1 -10 670 1 780 306-1 -1 -1 -1000 -1000 -1000 -10 -0.00931549
Pedestrian -1 -1 -10 525 185 579 285-1 -1 -1 -1000 -1000 -1000 -10 -0.141539
Pedestrian -1 -1 -10 464 130 497 223-1 -1 -1 -1000 -1000 -1000 -10 -0.213303
Pedestrian -1 -1 -10 415 159 453 266-1 -1 -1 -1000 -1000 -1000 -10 -0.31135
Pedestrian -1 -1 -10 530 140 613 292-1 -1 -1 -1000 -1000 -1000 -10 -0.384553
Pedestrian -1 -1 -10 1078 1 1119 116-1 -1 -1 -1000 -1000 -1000 -10 -0.488976
Pedestrian -1 -1 -10 584 35 720 370-1 -1 -1 -1000 -1000 -1000 -10 -0.512604
Pedestrian -1 -1 -10 1185 129 1216 216-1 -1 -1 -1000 -1000 -1000 -10 -0.566024
Pedestrian -1 -1 -10 370 181 420 274-1 -1 -1 -1000 -1000 -1000 -10 -0.684964
Pedestrian -1 -1 -10 521 105 552 192-1 -1 -1 -1000 -1000 -1000 -10 -0.694205
Pedestrian -1 -1 -10 397 148 464 271-1 -1 -1 -1000 -1000 -1000 -10 -0.825541
Pedestrian -1 -1 -10 402 1 485 232-1 -1 -1 -1000 -1000 -1000 -10 -0.834131
Pedestrian -1 -1 -10 509 1 627 328-1 -1 -1 -1000 -1000 -1000 -10 -0.85388
Pedestrian -1 -1 -10 761 153 816 216-1 -1 -1 -1000 -1000 -1000 -10 -0.867083
Pedestrian -1 -1 -10 790 130 849 198-1 -1 -1 -1000 -1000 -1000 -10 -0.870985
Pedestrian -1 -1 -10 1025 109 1093 187-1 -1 -1 -1000 -1000 -1000 -10 -0.954577
Pedestrian -1 -1 -10 289 105 336 192-1 -1 -1 -1000 -1000 -1000 -10 -0.961244
Pedestrian -1 -1 -10 996 129 1034 236-1 -1 -1 -1000 -1000 -1000 -10 -0.968954
Pedestrian -1 -1 -10 1193 78 1224 171-1 -1 -1 -1000 -1000 -1000 -10 -0.975665
Pedestrian -1 -1 -10 1 25 56 88-1 -1 -1 -1000 -1000 -1000 -10 -0.992824
