Pedestrian -1 -1 -10 828 148 901 349-1 -1 -1 -1000 -1000 -1000 -10 1.7724
Pedestrian -1 -1 -10 1 165 60 328-1 -1 -1 -1000 -1000 -1000 -10 0.85595
Pedestrian -1 -1 -10 761 170 802 285-1 -1 -1 -1000 -1000 -1000 -10 0.736586
Pedestrian -1 -1 -10 149 149 232 374-1 -1 -1 -1000 -1000 -1000 -10 0.58146
Pedestrian -1 -1 -10 609 153 640 240-1 -1 -1 -1000 -1000 -1000 -10 0.469521
Pedestrian -1 -1 -10 716 159 764 291-1 -1 -1 -1000 -1000 -1000 -10 0.370152
Pedestrian -1 -1 -10 1092 62 1140 194-1 -1 -1 -1000 -1000 -1000 -10 -0.149787
Pedestrian -1 -1 -10 465 22 548 253-1 -1 -1 -1000 -1000 -1000 -10 -0.217656
Pedestrian -1 -1 -10 627 44 660 137-1 -1 -1 -1000 -1000 -1000 -10 -0.483873
Pedestrian -1 -1 -10 1 207 103 374-1 -1 -1 -1000 -1000 -1000 -10 -0.49208
Pedestrian -1 -1 -10 598 76 657 239-1 -1 -1 -1000 -1000 -1000 -10 -0.59047
Pedestrian -1 -1 -10 1159 111 1222 184-1 -1 -1 -1000 -1000 -1000 -10 -0.624372
Pedestrian -1 -1 -10 1141 117 1203 232-1 -1 -1 -1000 -1000 -1000 -10 -0.667701
Pedestrian -1 -1 -10 801 153 832 240-1 -1 -1 -1000 -1000 -1000 -10 -0.69629
Pedestrian -1 -1 -10 65 161 288 374-1 -1 -1 -1000 -1000 -1000 -10 -0.739734
Pedestrian -1 -1 -10 1222 139 1238 246-1 -1 -1 -1000 -1000 -1000 -10 -0.7629
Pedestrian -1 -1 -10 510 92 588 182-1 -1 -1 -1000 -1000 -1000 -10 -0.813607
Pedestrian -1 -1 -10 1201 164 1234 257-1 -1 -1 -1000 -1000 -1000 -10 -0.837561
Pedestrian -1 -1 -10 1081 130 1114 223-1 -1 -1 -1000 -1000 -1000 -10 -0.872919
Pedestrian -1 -1 -10 704 138 772 326-1 -1 -1 -1000 -1000 -1000 -10 -0.88685
Pedestrian -1 -1 -10 442 114 486 237-1 -1 -1 -1000 -1000 -1000 -10 -0.887785
Pedestrian -1 -1 -10 50 1 340 374-1 -1 -1 -1000 -1000 -1000 -10 -0.909659
Pedestrian -1 -1 -10 953 161 984 248-1 -1 -1 -1000 -1000 -1000 -10 -0.954732
Pedestrian -1 -1 -10 753 85 836 237-1 -1 -1 -1000 -1000 -1000 -10 -0.977218
Pedestrian -1 -1 -10 655 138 717 253-1 -1 -1 -1000 -1000 -1000 -10 -0.98266
Pedestrian -1 -1 -10 769 119 906 276-1 -1 -1 -1000 -1000 -1000 -10 -0.990653
