Pedestrian -1 -1 -10 401 110 449 242-1 -1 -1 -1000 -1000 -1000 -10 -0.196967
Pedestrian -1 -1 -10 586 1 641 153-1 -1 -1 -1000 -1000 -1000 -10 -0.233854
Pedestrian -1 -1 -10 537 41 592 104-1 -1 -1 -1000 -1000 -1000 -10 -0.573845
Pedestrian -1 -1 -10 910 44 960 137-1 -1 -1 -1000 -1000 -1000 -10 -0.738499
Pedestrian -1 -1 -10 553 1 670 217-1 -1 -1 -1000 -1000 -1000 -10 -0.755623
Pedestrian -1 -1 -10 493 139 531 246-1 -1 -1 -1000 -1000 -1000 -10 -0.832683
Pedestrian -1 -1 -10 513 97 544 184-1 -1 -1 -1000 -1000 -1000 -10 -0.833516
Pedestrian -1 -1 -10 300 1 359 164-1 -1 -1 -1000 -1000 -1000 -10 -0.836787
Pedestrian -1 -1 -10 1184 27 1235 169-1 -1 -1 -1000 -1000 -1000 -10 -0.864712
Pedestrian -1 -1 -10 1150 207 1183 300-1 -1 -1 -1000 -1000 -1000 -10 -0.866269
Pedestrian -1 -1 -10 1210 224 1242 317-1 -1 -1 -1000 -1000 -1000 -10 -0.941331
Pedestrian -1 -1 -10 1087 1 1197 306-1 -1 -1 -1000 -1000 -1000 -10 -0.944671
Pedestrian -1 -1 -10 833 33 880 120-1 -1 -1 -1000 -1000 -1000 -10 -0.950036
Pedestrian -1 -1 -10 644 27 703 95-1 -1 -1 -1000 -1000 -1000 -10 -0.954388
Pedestrian -1 -1 -10 1210 181 1242 249-1 -1 -1 -1000 -1000 -1000 -10 -0.971858
Pedestrian -1 -1 -10 369 97 424 160-1 -1 -1 -1000 -1000 -1000 -10 -0.973756
Pedestrian -1 -1 -10 1004 61 1063 129-1 -1 -1 -1000 -1000 -1000 -10 -0.980979
Pedestrian -1 -1 -10 953 87 986 180-1 -1 -1 -1000 -1000 -1000 -10 -0.994925
