Pedestrian -1 -1 -10 589 93 625 193-1 -1 -1 -1000 -1000 -1000 -10 -0.453775
Pedestrian -1 -1 -10 1205 102 1241 202-1 -1 -1 -1000 -1000 -1000 -10 -0.453971
Pedestrian -1 -1 -10 738 293 771 375-1 -1 -1 -1000 -1000 -1000 -10 -0.546023
Pedestrian -1 -1 -10 1075 188 1143 266-1 -1 -1 -1000 -1000 -1000 -10 -0.570201
Pedestrian -1 -1 -10 455 96 496 211-1 -1 -1 -1000 -1000 -1000 -10 -0.570368
Pedestrian -1 -1 -10 923 50 995 182-1 -1 -1 -1000 -1000 -1000 -10 -0.65841
Pedestrian -1 -1 -10 1041 305 1096 368-1 -1 -1 -1000 -1000 -1000 -10 -0.672939
Pedestrian -1 -1 -10 833 40 884 182-1 -1 -1 -1000 -1000 -1000 -10 -0.732081
Pedestrian -1 -1 -10 897 297 944 375-1 -1 -1 -1000 -1000 -1000 -10 -0.753376
Pedestrian -1 -1 -10 1214 1 1242 133-1 -1 -1 -1000 -1000 -1000 -10 -0.782944
Pedestrian -1 -1 -10 666 117 707 232-1 -1 -1 -1000 -1000 -1000 -10 -0.794477
Pedestrian -1 -1 -10 569 105 600 192-1 -1 -1 -1000 -1000 -1000 -10 -0.805886
Pedestrian -1 -1 -10 49 297 96 375-1 -1 -1 -1000 -1000 -1000 -10 -0.823748
Pedestrian -1 -1 -10 1057 49 1112 112-1 -1 -1 -1000 -1000 -1000 -10 -0.882483
Pedestrian -1 -1 -10 1025 209 1072 296-1 -1 -1 -1000 -1000 -1000 -10 -0.903963
Pedestrian -1 -1 -10 1204 64 1242 295-1 -1 -1 -1000 -1000 -1000 -10 -0.919465
Pedestrian -1 -1 -10 1121 209 1176 272-1 -1 -1 -1000 -1000 -1000 -10 -0.923826
Pedestrian -1 -1 -10 577 65 688 192-1 -1 -1 -1000 -1000 -1000 -10 -0.937006
Pedestrian -1 -1 -10 983 1 1045 116-1 -1 -1 -1000 -1000 -1000 -10 -0.948871
Pedestrian -1 -1 -10 1046 43 1101 195-1 -1 -1 -1000 -1000 -1000 -10 -0.954478
Pedestrian -1 -1 -10 256 50 304 182-1 -1 -1 -1000 -1000 -1000 -10 -0.983781
Pedestrian -1 -1 -10 1 74 49 206-1 -1 -1 -1000 -1000 -1000 -10 -0.991108
Pedestrian -1 -1 -10 1110 205 1188 295-1 -1 -1 -1000 -1000 -1000 -10 -0.997413
