Pedestrian -1 -1 -10 1121 145 1168 232-1 -1 -1 -1000 -1000 -1000 -10 -0.204469
Pedestrian -1 -1 -10 169 313 216 375-1 -1 -1 -1000 -1000 -1000 -10 -0.272783
Pedestrian -1 -1 -10 1210 164 1242 257-1 -1 -1 -1000 -1000 -1000 -10 -0.367042
Pedestrian -1 -1 -10 1 119 39 226-1 -1 -1 -1000 -1000 -1000 -10 -0.441881
Pedestrian -1 -1 -10 352 170 429 312-1 -1 -1 -1000 -1000 -1000 -10 -0.518155
Pedestrian -1 -1 -10 773 56 836 129-1 -1 -1 -1000 -1000 -1000 -10 -0.631019
Pedestrian -1 -1 -10 1 57 56 209-1 -1 -1 -1000 -1000 -1000 -10 -0.657878
Pedestrian -1 -1 -10 292 50 340 182-1 -1 -1 -1000 -1000 -1000 -10 -0.678491
Pedestrian -1 -1 -10 1058 1 1121 74-1 -1 -1 -1000 -1000 -1000 -10 -0.866838
Pedestrian -1 -1 -10 947 11 1005 118-1 -1 -1 -1000 -1000 -1000 -10 -0.868309
Pedestrian -1 -1 -10 1205 1 1241 101-1 -1 -1 -1000 -1000 -1000 -10 -0.907446
Pedestrian -1 -1 -10 215 112 265 205-1 -1 -1 -1000 -1000 -1000 -10 -0.993516
Pedestrian -1 -1 -10 1132 125 1199 248-1 -1 -1 -1000 -1000 -1000 -10 -0.997509
