Pedestrian -1 -1 -10 292 159 340 291-1 -1 -1 -1000 -1000 -1000 -10 2.46437
Pedestrian -1 -1 -10 275 138 343 326-1 -1 -1 -1000 -1000 -1000 -10 0.0233002
Pedestrian -1 -1 -10 543 295 597 370-1 -1 -1 -1000 -1000 -1000 -10 -0.575112
Pedestrian -1 -1 -10 753 122 801 254-1 -1 -1 -1000 -1000 -1000 -10 -0.626379
Pedestrian -1 -1 -10 65 89 120 152-1 -1 -1 -1000 -1000 -1000 -10 -0.652662
Pedestrian -1 -1 -10 377 219 461 315-1 -1 -1 -1000 -1000 -1000 -10 -0.68784
Pedestrian -1 -1 -10 740 85 781 200-1 -1 -1 -1000 -1000 -1000 -10 -0.691925
Pedestrian -1 -1 -10 318 233 377 301-1 -1 -1 -1000 -1000 -1000 -10 -0.69501
Pedestrian -1 -1 -10 678 172 711 265-1 -1 -1 -1000 -1000 -1000 -10 -0.700505
Pedestrian -1 -1 -10 833 118 884 260-1 -1 -1 -1000 -1000 -1000 -10 -0.740062
Pedestrian -1 -1 -10 1 112 60 180-1 -1 -1 -1000 -1000 -1000 -10 -0.745735
Pedestrian -1 -1 -10 352 159 396 282-1 -1 -1 -1000 -1000 -1000 -10 -0.781548
Pedestrian -1 -1 -10 228 1 266 108-1 -1 -1 -1000 -1000 -1000 -10 -0.807855
Pedestrian -1 -1 -10 1081 1 1112 88-1 -1 -1 -1000 -1000 -1000 -10 -0.878688
Pedestrian -1 -1 -10 62 74 110 206-1 -1 -1 -1000 -1000 -1000 -10 -0.879547
Pedestrian -1 -1 -10 1076 31 1194 358-1 -1 -1 -1000 -1000 -1000 -10 -0.895513
Pedestrian -1 -1 -10 543 1 601 108-1 -1 -1 -1000 -1000 -1000 -10 -0.919612
Pedestrian -1 -1 -10 530 280 627 370-1 -1 -1 -1000 -1000 -1000 -10 -0.941028
Pedestrian -1 -1 -10 57 29 140 181-1 -1 -1 -1000 -1000 -1000 -10 -0.948963
Pedestrian -1 -1 -10 147 87 197 180-1 -1 -1 -1000 -1000 -1000 -10 -0.958854
Pedestrian -1 -1 -10 704 86 752 218-1 -1 -1 -1000 -1000 -1000 -10 -0.966548
Pedestrian -1 -1 -10 678 87 711 180-1 -1 -1 -1000 -1000 -1000 -10 -0.988252
Pedestrian -1 -1 -10 487 261 565 351-1 -1 -1 -1000 -1000 -1000 -10 -0.991648
