Pedestrian -1 -1 -10 1014 117 1076 232-1 -1 -1 -1000 -1000 -1000 -10 -0.512734
Pedestrian -1 -1 -10 1053 295 1131 375-1 -1 -1 -1000 -1000 -1000 -10 -0.546774
Pedestrian -1 -1 -10 1 240 104 358-1 -1 -1 -1000 -1000 -1000 -10 -0.616626
Pedestrian -1 -1 -10 1030 172 1242 375-1 -1 -1 -1000 -1000 -1000 -10 -0.73635
Pedestrian -1 -1 -10 155 104 188 197-1 -1 -1 -1000 -1000 -1000 -10 -0.751263
Pedestrian -1 -1 -10 790 78 823 171-1 -1 -1 -1000 -1000 -1000 -10 -0.766024
Pedestrian -1 -1 -10 962 112 1059 222-1 -1 -1 -1000 -1000 -1000 -10 -0.778576
Pedestrian -1 -1 -10 777 61 836 224-1 -1 -1 -1000 -1000 -1000 -10 -0.819082
Pedestrian -1 -1 -10 201 257 232 344-1 -1 -1 -1000 -1000 -1000 -10 -0.835832
Pedestrian -1 -1 -10 929 137 1064 375-1 -1 -1 -1000 -1000 -1000 -10 -0.859622
Pedestrian -1 -1 -10 892 112 1242 375-1 -1 -1 -1000 -1000 -1000 -10 -0.877611
Pedestrian -1 -1 -10 310 70 343 163-1 -1 -1 -1000 -1000 -1000 -10 -0.907098
Pedestrian -1 -1 -10 632 50 704 182-1 -1 -1 -1000 -1000 -1000 -10 -0.908697
Pedestrian -1 -1 -10 1021 61 1071 154-1 -1 -1 -1000 -1000 -1000 -10 -0.90976
Pedestrian -1 -1 -10 237 1 472 375-1 -1 -1 -1000 -1000 -1000 -10 -0.965384
