Pedestrian -1 -1 -10 1067 22 1129 137-1 -1 -1 -1000 -1000 -1000 -10 -0.634482
Pedestrian -1 -1 -10 613 91 716 209-1 -1 -1 -1000 -1000 -1000 -10 -0.667666
Pedestrian -1 -1 -10 1227 44 1241 137-1 -1 -1 -1000 -1000 -1000 -10 -0.724784
Pedestrian -1 -1 -10 773 130 836 203-1 -1 -1 -1000 -1000 -1000 -10 -0.725802
Pedestrian -1 -1 -10 1056 258 1106 351-1 -1 -1 -1000 -1000 -1000 -10 -0.742771
Pedestrian -1 -1 -10 233 170 306 253-1 -1 -1 -1000 -1000 -1000 -10 -0.744475
Pedestrian -1 -1 -10 1141 74 1225 170-1 -1 -1 -1000 -1000 -1000 -10 -0.768233
Pedestrian -1 -1 -10 1045 306 1113 376-1 -1 -1 -1000 -1000 -1000 -10 -0.795691
Pedestrian -1 -1 -10 1090 198 1149 266-1 -1 -1 -1000 -1000 -1000 -10 -0.797796
Pedestrian -1 -1 -10 378 181 437 249-1 -1 -1 -1000 -1000 -1000 -10 -0.80098
Pedestrian -1 -1 -10 314 135 417 253-1 -1 -1 -1000 -1000 -1000 -10 -0.81002
Pedestrian -1 -1 -10 1021 56 1057 156-1 -1 -1 -1000 -1000 -1000 -10 -0.815238
Pedestrian -1 -1 -10 1113 113 1160 200-1 -1 -1 -1000 -1000 -1000 -10 -0.822447
Pedestrian -1 -1 -10 865 49 928 224-1 -1 -1 -1000 -1000 -1000 -10 -0.842995
Pedestrian -1 -1 -10 1189 195 1241 291-1 -1 -1 -1000 -1000 -1000 -10 -0.879136
Pedestrian -1 -1 -10 970 233 1029 301-1 -1 -1 -1000 -1000 -1000 -10 -0.883771
Pedestrian -1 -1 -10 1165 183 1237 315-1 -1 -1 -1000 -1000 -1000 -10 -0.923177
Pedestrian -1 -1 -10 1226 96 1241 211-1 -1 -1 -1000 -1000 -1000 -10 -0.935263
Pedestrian -1 -1 -10 930 64 1003 147-1 -1 -1 -1000 -1000 -1000 -10 -0.966377
Pedestrian -1 -1 -10 969 281 1000 368-1 -1 -1 -1000 -1000 -1000 -10 -0.967896
Pedestrian -1 -1 -10 1116 224 1166 317-1 -1 -1 -1000 -1000 -1000 -10 -0.968505
Pedestrian -1 -1 -10 993 65 1040 152-1 -1 -1 -1000 -1000 -1000 -10 -0.97308
Pedestrian -1 -1 -10 1053 125 1131 215-1 -1 -1 -1000 -1000 -1000 -10 -0.987666
Pedestrian -1 -1 -10 1193 267 1241 360-1 -1 -1 -1000 -1000 -1000 -10 -0.988714
Pedestrian -1 -1 -10 1057 177 1104 264-1 -1 -1 -1000 -1000 -1000 -10 -0.990973
Pedestrian -1 -1 -10 1209 89 1240 176-1 -1 -1 -1000 -1000 -1000 -10 -0.995815
