Pedestrian -1 -1 -10 857 81 888 168-1 -1 -1 -1000 -1000 -1000 -10 -0.241523
Pedestrian -1 -1 -10 518 75 580 190-1 -1 -1 -1000 -1000 -1000 -10 -0.40452
Pedestrian -1 -1 -10 295 12 339 135-1 -1 -1 -1000 -1000 -1000 -10 -0.426663
Pedestrian -1 -1 -10 649 105 680 192-1 -1 -1 -1000 -1000 -1000 -10 -0.577815
Pedestrian -1 -1 -10 185 145 232 232-1 -1 -1 -1000 -1000 -1000 -10 -0.741438
Pedestrian -1 -1 -10 329 46 418 209-1 -1 -1 -1000 -1000 -1000 -10 -0.760262
Pedestrian -1 -1 -10 1032 1 1080 133-1 -1 -1 -1000 -1000 -1000 -10 -0.763553
Pedestrian -1 -1 -10 575 121 634 189-1 -1 -1 -1000 -1000 -1000 -10 -0.767396
Pedestrian -1 -1 -10 193 57 248 120-1 -1 -1 -1000 -1000 -1000 -10 -0.808603
Pedestrian -1 -1 -10 1203 99 1241 206-1 -1 -1 -1000 -1000 -1000 -10 -0.817478
Pedestrian -1 -1 -10 838 74 886 206-1 -1 -1 -1000 -1000 -1000 -10 -0.838032
Pedestrian -1 -1 -10 858 104 917 172-1 -1 -1 -1000 -1000 -1000 -10 -0.907976
Pedestrian -1 -1 -10 801 1 1024 256-1 -1 -1 -1000 -1000 -1000 -10 -0.913111
Pedestrian -1 -1 -10 482 40 533 182-1 -1 -1 -1000 -1000 -1000 -10 -0.944273
Pedestrian -1 -1 -10 1078 107 1140 222-1 -1 -1 -1000 -1000 -1000 -10 -0.978763
