Pedestrian -1 -1 -10 78 130 128 223-1 -1 -1 -1000 -1000 -1000 -10 -0.441376
Pedestrian -1 -1 -10 1203 208 1241 315-1 -1 -1 -1000 -1000 -1000 -10 -0.480324
Pedestrian -1 -1 -10 258 1 331 202-1 -1 -1 -1000 -1000 -1000 -10 -0.483922
Pedestrian -1 -1 -10 502 1 612 306-1 -1 -1 -1000 -1000 -1000 -10 -0.490484
Pedestrian -1 -1 -10 69 69 204 317-1 -1 -1 -1000 -1000 -1000 -10 -0.505655
Pedestrian -1 -1 -10 10 84 73 157-1 -1 -1 -1000 -1000 -1000 -10 -0.54566
Pedestrian -1 -1 -10 1166 295 1242 375-1 -1 -1 -1000 -1000 -1000 -10 -0.546814
Pedestrian -1 -1 -10 1209 1 1240 88-1 -1 -1 -1000 -1000 -1000 -10 -0.579849
Pedestrian -1 -1 -10 31 90 89 197-1 -1 -1 -1000 -1000 -1000 -10 -0.59376
Pedestrian -1 -1 -10 25 74 121 340-1 -1 -1 -1000 -1000 -1000 -10 -0.6132
Pedestrian -1 -1 -10 1137 321 1192 375-1 -1 -1 -1000 -1000 -1000 -10 -0.700184
Pedestrian -1 -1 -10 902 120 956 220-1 -1 -1 -1000 -1000 -1000 -10 -0.710704
Pedestrian -1 -1 -10 193 46 271 136-1 -1 -1 -1000 -1000 -1000 -10 -0.714747
Pedestrian -1 -1 -10 1047 1 1106 69-1 -1 -1 -1000 -1000 -1000 -10 -0.7339
Pedestrian -1 -1 -10 987 10 1046 78-1 -1 -1 -1000 -1000 -1000 -10 -0.769099
Pedestrian -1 -1 -10 321 1 768 375-1 -1 -1 -1000 -1000 -1000 -10 -0.789291
Pedestrian -1 -1 -10 194 1 257 74-1 -1 -1 -1000 -1000 -1000 -10 -0.796064
Pedestrian -1 -1 -10 1176 78 1235 146-1 -1 -1 -1000 -1000 -1000 -10 -0.809699
Pedestrian -1 -1 -10 1025 12 1087 127-1 -1 -1 -1000 -1000 -1000 -10 -0.839923
Pedestrian -1 -1 -10 261 148 305 271-1 -1 -1 -1000 -1000 -1000 -10 -0.842286
Pedestrian -1 -1 -10 1144 69 1211 192-1 -1 -1 -1000 -1000 -1000 -10 -0.843542
Pedestrian -1 -1 -10 1 1 194 375-1 -1 -1 -1000 -1000 -1000 -10 -0.867639
Pedestrian -1 -1 -10 1095 47 1131 147-1 -1 -1 -1000 -1000 -1000 -10 -0.880478
Pedestrian -1 -1 -10 893 293 943 375-1 -1 -1 -1000 -1000 -1000 -10 -0.88351
Pedestrian -1 -1 -10 1060 126 1115 278-1 -1 -1 -1000 -1000 -1000 -10 -0.902696
Pedestrian -1 -1 -10 833 70 883 163-1 -1 -1 -1000 -1000 -1000 -10 -0.924721
Pedestrian -1 -1 -10 1092 62 1176 158-1 -1 -1 -1000 -1000 -1000 -10 -0.925566
Pedestrian -1 -1 -10 1183 149 1242 227-1 -1 -1 -1000 -1000 -1000 -10 -0.929687
Pedestrian -1 -1 -10 217 113 272 176-1 -1 -1 -1000 -1000 -1000 -10 -0.938659
Pedestrian -1 -1 -10 765 1 837 133-1 -1 -1 -1000 -1000 -1000 -10 -0.948277
Pedestrian -1 -1 -10 1213 15 1242 167-1 -1 -1 -1000 -1000 -1000 -10 -0.952252
Pedestrian -1 -1 -10 910 198 960 291-1 -1 -1 -1000 -1000 -1000 -10 -0.980096
Pedestrian -1 -1 -10 983 13 1055 145-1 -1 -1 -1000 -1000 -1000 -10 -0.98194
Pedestrian -1 -1 -10 937 248 1014 375-1 -1 -1 -1000 -1000 -1000 -10 -0.985651
Pedestrian -1 -1 -10 987 293 1046 361-1 -1 -1 -1000 -1000 -1000 -10 -0.99408
