Pedestrian -1 -1 -10 1119 27 1222 312-1 -1 -1 -1000 -1000 -1000 -10 -0.294507
Pedestrian -1 -1 -10 248 170 299 312-1 -1 -1 -1000 -1000 -1000 -10 -0.431747
Pedestrian -1 -1 -10 688 1 806 328-1 -1 -1 -1000 -1000 -1000 -10 -0.602092
Pedestrian -1 -1 -10 165 1 224 164-1 -1 -1 -1000 -1000 -1000 -10 -0.655455
Pedestrian -1 -1 -10 1204 64 1242 295-1 -1 -1 -1000 -1000 -1000 -10 -0.674465
Pedestrian -1 -1 -10 205 1 249 124-1 -1 -1 -1000 -1000 -1000 -10 -0.679997
Pedestrian -1 -1 -10 341 38 395 138-1 -1 -1 -1000 -1000 -1000 -10 -0.737491
Pedestrian -1 -1 -10 1068 1 1242 375-1 -1 -1 -1000 -1000 -1000 -10 -0.765218
Pedestrian -1 -1 -10 631 109 699 187-1 -1 -1 -1000 -1000 -1000 -10 -0.768854
Pedestrian -1 -1 -10 1 1 45 124-1 -1 -1 -1000 -1000 -1000 -10 -0.770243
Pedestrian -1 -1 -10 1031 76 1090 239-1 -1 -1 -1000 -1000 -1000 -10 -0.794522
Pedestrian -1 -1 -10 976 159 1034 266-1 -1 -1 -1000 -1000 -1000 -10 -0.825954
Pedestrian -1 -1 -10 99 1 177 217-1 -1 -1 -1000 -1000 -1000 -10 -0.860625
Pedestrian -1 -1 -10 18 18 77 86-1 -1 -1 -1000 -1000 -1000 -10 -0.908597
Pedestrian -1 -1 -10 46 1 90 124-1 -1 -1 -1000 -1000 -1000 -10 -0.916065
Pedestrian -1 -1 -10 361 1 429 189-1 -1 -1 -1000 -1000 -1000 -10 -0.926168
Pedestrian -1 -1 -10 628 105 717 268-1 -1 -1 -1000 -1000 -1000 -10 -0.926301
Pedestrian -1 -1 -10 575 104 608 197-1 -1 -1 -1000 -1000 -1000 -10 -0.943199
Pedestrian -1 -1 -10 10 121 69 189-1 -1 -1 -1000 -1000 -1000 -10 -0.950149
Pedestrian -1 -1 -10 937 198 975 305-1 -1 -1 -1000 -1000 -1000 -10 -0.95853
Pedestrian -1 -1 -10 1 130 34 223-1 -1 -1 -1000 -1000 -1000 -10 -0.971172
Pedestrian -1 -1 -10 601 41 632 128-1 -1 -1 -1000 -1000 -1000 -10 -0.995296
