Pedestrian -1 -1 -10 1041 1 1092 143-1 -1 -1 -1000 -1000 -1000 -10 -0.000581741
Pedestrian -1 -1 -10 209 40 260 182-1 -1 -1 -1000 -1000 -1000 -10 -0.43353
Pedestrian -1 -1 -10 920 57 1086 362-1 -1 -1 -1000 -1000 -1000 -10 -0.474822
Pedestrian -1 -1 -10 1016 1 1134 328-1 -1 -1 -1000 -1000 -1000 -10 -0.521263
Pedestrian -1 -1 -10 1167 35 1200 128-1 -1 -1 -1000 -1000 -1000 -10 -0.564544
Pedestrian -1 -1 -10 1197 92 1242 234-1 -1 -1 -1000 -1000 -1000 -10 -0.605271
Pedestrian -1 -1 -10 1117 1 1165 133-1 -1 -1 -1000 -1000 -1000 -10 -0.626871
Pedestrian -1 -1 -10 1214 25 1242 157-1 -1 -1 -1000 -1000 -1000 -10 -0.634634
Pedestrian -1 -1 -10 1183 60 1242 138-1 -1 -1 -1000 -1000 -1000 -10 -0.697209
Pedestrian -1 -1 -10 375 90 413 197-1 -1 -1 -1000 -1000 -1000 -10 -0.730279
Pedestrian -1 -1 -10 769 1 800 88-1 -1 -1 -1000 -1000 -1000 -10 -0.786075
Pedestrian -1 -1 -10 681 1 754 202-1 -1 -1 -1000 -1000 -1000 -10 -0.792272
Pedestrian -1 -1 -10 159 40 276 256-1 -1 -1 -1000 -1000 -1000 -10 -0.862319
Pedestrian -1 -1 -10 767 15 864 125-1 -1 -1 -1000 -1000 -1000 -10 -0.900704
Pedestrian -1 -1 -10 759 80 797 187-1 -1 -1 -1000 -1000 -1000 -10 -0.949369
Pedestrian -1 -1 -10 344 318 403 375-1 -1 -1 -1000 -1000 -1000 -10 -0.973776
Pedestrian -1 -1 -10 833 1 1242 375-1 -1 -1 -1000 -1000 -1000 -10 -0.979255
Pedestrian -1 -1 -10 304 62 388 158-1 -1 -1 -1000 -1000 -1000 -10 -0.988438
