Pedestrian -1 -1 -10 1141 275 1174 368-1 -1 -1 -1000 -1000 -1000 -10 -0.304879
Pedestrian -1 -1 -10 1177 240 1213 340-1 -1 -1 -1000 -1000 -1000 -10 -0.556905
Pedestrian -1 -1 -10 1 25 32 112-1 -1 -1 -1000 -1000 -1000 -10 -0.654164
Pedestrian -1 -1 -10 741 74 789 206-1 -1 -1 -1000 -1000 -1000 -10 -0.711315
Pedestrian -1 -1 -10 1 1 69 189-1 -1 -1 -1000 -1000 -1000 -10 -0.721399
Pedestrian -1 -1 -10 425 121 480 184-1 -1 -1 -1000 -1000 -1000 -10 -0.769346
Pedestrian -1 -1 -10 696 10 746 103-1 -1 -1 -1000 -1000 -1000 -10 -0.771526
Pedestrian -1 -1 -10 825 161 856 248-1 -1 -1 -1000 -1000 -1000 -10 -0.805791
Pedestrian -1 -1 -10 804 46 848 169-1 -1 -1 -1000 -1000 -1000 -10 -0.841755
Pedestrian -1 -1 -10 577 153 632 216-1 -1 -1 -1000 -1000 -1000 -10 -0.879218
Pedestrian -1 -1 -10 837 102 891 202-1 -1 -1 -1000 -1000 -1000 -10 -0.902284
Pedestrian -1 -1 -10 552 130 588 230-1 -1 -1 -1000 -1000 -1000 -10 -0.943847
Pedestrian -1 -1 -10 395 121 428 214-1 -1 -1 -1000 -1000 -1000 -10 -0.995883
