Pedestrian -1 -1 -10 296 70 334 177-1 -1 -1 -1000 -1000 -1000 -10 -0.429159
Pedestrian -1 -1 -10 423 96 464 211-1 -1 -1 -1000 -1000 -1000 -10 -0.490921
Pedestrian -1 -1 -10 157 139 193 239-1 -1 -1 -1000 -1000 -1000 -10 -0.526228
Pedestrian -1 -1 -10 57 105 88 192-1 -1 -1 -1000 -1000 -1000 -10 -0.530532
Pedestrian -1 -1 -10 738 104 771 197-1 -1 -1 -1000 -1000 -1000 -10 -0.671431
Pedestrian -1 -1 -10 70 147 103 240-1 -1 -1 -1000 -1000 -1000 -10 -0.773183
Pedestrian -1 -1 -10 1 24 91 272-1 -1 -1 -1000 -1000 -1000 -10 -0.811153
Pedestrian -1 -1 -10 329 121 360 208-1 -1 -1 -1000 -1000 -1000 -10 -0.842784
Pedestrian -1 -1 -10 1064 114 1131 237-1 -1 -1 -1000 -1000 -1000 -10 -0.871817
Pedestrian -1 -1 -10 1041 53 1092 195-1 -1 -1 -1000 -1000 -1000 -10 -0.905454
Pedestrian -1 -1 -10 628 43 711 195-1 -1 -1 -1000 -1000 -1000 -10 -0.997919
