Pedestrian -1 -1 -10 297 233 352 296-1 -1 -1 -1000 -1000 -1000 -10 0.0537553
Pedestrian -1 -1 -10 543 267 601 370-1 -1 -1 -1000 -1000 -1000 -10 -0.704811
Pedestrian -1 -1 -10 1113 137 1160 224-1 -1 -1 -1000 -1000 -1000 -10 -0.740825
Pedestrian -1 -1 -10 1157 1 1212 153-1 -1 -1 -1000 -1000 -1000 -10 -0.83751
Pedestrian -1 -1 -10 1039 212 1075 312-1 -1 -1 -1000 -1000 -1000 -10 -0.84758
Pedestrian -1 -1 -10 153 89 200 176-1 -1 -1 -1000 -1000 -1000 -10 -0.85778
Pedestrian -1 -1 -10 767 140 850 292-1 -1 -1 -1000 -1000 -1000 -10 -0.865226
Pedestrian -1 -1 -10 1019 227 1063 350-1 -1 -1 -1000 -1000 -1000 -10 -0.89574
Pedestrian -1 -1 -10 387 233 446 301-1 -1 -1 -1000 -1000 -1000 -10 -0.898444
Pedestrian -1 -1 -10 874 29 910 129-1 -1 -1 -1000 -1000 -1000 -10 -0.903725
Pedestrian -1 -1 -10 425 161 480 224-1 -1 -1 -1000 -1000 -1000 -10 -0.904816
Pedestrian -1 -1 -10 537 1 592 64-1 -1 -1 -1000 -1000 -1000 -10 -0.919023
Pedestrian -1 -1 -10 497 304 560 370-1 -1 -1 -1000 -1000 -1000 -10 -0.939457
Pedestrian -1 -1 -10 634 1 717 232-1 -1 -1 -1000 -1000 -1000 -10 -0.942439
Pedestrian -1 -1 -10 705 89 736 176-1 -1 -1 -1000 -1000 -1000 -10 -0.948016
Pedestrian -1 -1 -10 207 112 240 205-1 -1 -1 -1000 -1000 -1000 -10 -0.974621
Pedestrian -1 -1 -10 35 46 102 169-1 -1 -1 -1000 -1000 -1000 -10 -0.985647
Pedestrian -1 -1 -10 479 313 607 370-1 -1 -1 -1000 -1000 -1000 -10 -0.987999
Pedestrian -1 -1 -10 374 148 418 271-1 -1 -1 -1000 -1000 -1000 -10 -0.998557
Pedestrian -1 -1 -10 882 91 985 209-1 -1 -1 -1000 -1000 -1000 -10 -0.999897
