Pedestrian -1 -1 -10 1 157 37 257-1 -1 -1 -1000 -1000 -1000 -10 -0.305937
Pedestrian -1 -1 -10 608 102 644 202-1 -1 -1 -1000 -1000 -1000 -10 -0.458515
Pedestrian -1 -1 -10 401 225 432 312-1 -1 -1 -1000 -1000 -1000 -10 -0.542625
Pedestrian -1 -1 -10 1 208 39 315-1 -1 -1 -1000 -1000 -1000 -10 -0.61844
Pedestrian -1 -1 -10 159 159 232 242-1 -1 -1 -1000 -1000 -1000 -10 -0.737856
Pedestrian -1 -1 -10 825 297 872 375-1 -1 -1 -1000 -1000 -1000 -10 -0.742931
Pedestrian -1 -1 -10 84 1 120 101-1 -1 -1 -1000 -1000 -1000 -10 -0.781618
Pedestrian -1 -1 -10 183 287 273 375-1 -1 -1 -1000 -1000 -1000 -10 -0.800196
Pedestrian -1 -1 -10 975 84 1029 184-1 -1 -1 -1000 -1000 -1000 -10 -0.844002
Pedestrian -1 -1 -10 144 105 195 247-1 -1 -1 -1000 -1000 -1000 -10 -0.901121
Pedestrian -1 -1 -10 883 261 961 351-1 -1 -1 -1000 -1000 -1000 -10 -0.908581
Pedestrian -1 -1 -10 801 244 873 375-1 -1 -1 -1000 -1000 -1000 -10 -0.926764
Pedestrian -1 -1 -10 395 247 463 325-1 -1 -1 -1000 -1000 -1000 -10 -0.945346
Pedestrian -1 -1 -10 114 159 249 375-1 -1 -1 -1000 -1000 -1000 -10 -0.952112
Pedestrian -1 -1 -10 653 121 703 214-1 -1 -1 -1000 -1000 -1000 -10 -0.955812
Pedestrian -1 -1 -10 389 225 492 343-1 -1 -1 -1000 -1000 -1000 -10 -0.968859
Pedestrian -1 -1 -10 434 105 493 268-1 -1 -1 -1000 -1000 -1000 -10 -0.977316
Pedestrian -1 -1 -10 901 1 960 69-1 -1 -1 -1000 -1000 -1000 -10 -0.996815
