Pedestrian -1 -1 -10 851 140 906 292-1 -1 -1 -1000 -1000 -1000 -10 0.458436
Pedestrian -1 -1 -10 848 99 926 315-1 -1 -1 -1000 -1000 -1000 -10 -0.432797
Pedestrian -1 -1 -10 112 1 222 306-1 -1 -1 -1000 -1000 -1000 -10 -0.468739
Pedestrian -1 -1 -10 1200 12 1242 135-1 -1 -1 -1000 -1000 -1000 -10 -0.489384
Pedestrian -1 -1 -10 736 12 780 135-1 -1 -1 -1000 -1000 -1000 -10 -0.576614
Pedestrian -1 -1 -10 1 1 104 286-1 -1 -1 -1000 -1000 -1000 -10 -0.664318
Pedestrian -1 -1 -10 361 215 394 308-1 -1 -1 -1000 -1000 -1000 -10 -0.666128
Pedestrian -1 -1 -10 721 1 784 176-1 -1 -1 -1000 -1000 -1000 -10 -0.692986
Pedestrian -1 -1 -10 515 112 574 180-1 -1 -1 -1000 -1000 -1000 -10 -0.747368
Pedestrian -1 -1 -10 314 46 373 209-1 -1 -1 -1000 -1000 -1000 -10 -0.755363
Pedestrian -1 -1 -10 254 1 506 375-1 -1 -1 -1000 -1000 -1000 -10 -0.783758
Pedestrian -1 -1 -10 876 35 944 223-1 -1 -1 -1000 -1000 -1000 -10 -0.804072
Pedestrian -1 -1 -10 809 89 840 176-1 -1 -1 -1000 -1000 -1000 -10 -0.824226
Pedestrian -1 -1 -10 940 35 1007 158-1 -1 -1 -1000 -1000 -1000 -10 -0.975936
