Pedestrian -1 -1 -10 1163 1 1241 217-1 -1 -1 -1000 -1000 -1000 -10 0.231751
Pedestrian -1 -1 -10 790 147 840 240-1 -1 -1 -1000 -1000 -1000 -10 -0.034162
Pedestrian -1 -1 -10 957 1 993 101-1 -1 -1 -1000 -1000 -1000 -10 -0.601572
Pedestrian -1 -1 -10 782 64 823 179-1 -1 -1 -1000 -1000 -1000 -10 -0.821807
Pedestrian -1 -1 -10 826 74 922 340-1 -1 -1 -1000 -1000 -1000 -10 -0.822027
Pedestrian -1 -1 -10 929 1 1086 181-1 -1 -1 -1000 -1000 -1000 -10 -0.834581
Pedestrian -1 -1 -10 672 130 708 230-1 -1 -1 -1000 -1000 -1000 -10 -0.856902
Pedestrian -1 -1 -10 657 92 701 215-1 -1 -1 -1000 -1000 -1000 -10 -0.85739
Pedestrian -1 -1 -10 680 171 764 267-1 -1 -1 -1000 -1000 -1000 -10 -0.893118
Pedestrian -1 -1 -10 721 49 768 136-1 -1 -1 -1000 -1000 -1000 -10 -0.916053
Pedestrian -1 -1 -10 730 31 798 109-1 -1 -1 -1000 -1000 -1000 -10 -0.919641
Pedestrian -1 -1 -10 765 134 837 266-1 -1 -1 -1000 -1000 -1000 -10 -0.983278
Pedestrian -1 -1 -10 295 1 452 181-1 -1 -1 -1000 -1000 -1000 -10 -0.987088
