Pedestrian -1 -1 -10 257 1 335 217-1 -1 -1 -1000 -1000 -1000 -10 -0.190294
Pedestrian -1 -1 -10 1015 1 1073 108-1 -1 -1 -1000 -1000 -1000 -10 -0.765929
Pedestrian -1 -1 -10 46 1 136 249-1 -1 -1 -1000 -1000 -1000 -10 -0.792027
Pedestrian -1 -1 -10 138 18 206 206-1 -1 -1 -1000 -1000 -1000 -10 -0.809277
Pedestrian -1 -1 -10 297 275 359 375-1 -1 -1 -1000 -1000 -1000 -10 -0.825476
Pedestrian -1 -1 -10 1141 1 1237 267-1 -1 -1 -1000 -1000 -1000 -10 -0.857563
Pedestrian -1 -1 -10 990 57 1045 209-1 -1 -1 -1000 -1000 -1000 -10 -0.859421
Pedestrian -1 -1 -10 687 75 728 190-1 -1 -1 -1000 -1000 -1000 -10 -0.874814
Pedestrian -1 -1 -10 710 1 945 375-1 -1 -1 -1000 -1000 -1000 -10 -0.886893
Pedestrian -1 -1 -10 910 50 982 182-1 -1 -1 -1000 -1000 -1000 -10 -0.890226
Pedestrian -1 -1 -10 1041 1 1144 286-1 -1 -1 -1000 -1000 -1000 -10 -0.896953
Pedestrian -1 -1 -10 550 121 669 257-1 -1 -1 -1000 -1000 -1000 -10 -0.908816
Pedestrian -1 -1 -10 188 11 256 89-1 -1 -1 -1000 -1000 -1000 -10 -0.915025
Pedestrian -1 -1 -10 451 148 505 248-1 -1 -1 -1000 -1000 -1000 -10 -0.921988
Pedestrian -1 -1 -10 287 1 468 208-1 -1 -1 -1000 -1000 -1000 -10 -0.964066
