Pedestrian -1 -1 -10 241 225 288 312-1 -1 -1 -1000 -1000 -1000 -10 -0.324526
Pedestrian -1 -1 -10 442 102 478 202-1 -1 -1 -1000 -1000 -1000 -10 -0.492997
Pedestrian -1 -1 -10 195 76 298 194-1 -1 -1 -1000 -1000 -1000 -10 -0.607674
Pedestrian -1 -1 -10 533 138 583 231-1 -1 -1 -1000 -1000 -1000 -10 -0.73297
Pedestrian -1 -1 -10 335 78 368 171-1 -1 -1 -1000 -1000 -1000 -10 -0.754785
Pedestrian -1 -1 -10 297 105 328 192-1 -1 -1 -1000 -1000 -1000 -10 -0.759852
Pedestrian -1 -1 -10 389 74 437 206-1 -1 -1 -1000 -1000 -1000 -10 -0.780302
Pedestrian -1 -1 -10 709 102 745 202-1 -1 -1 -1000 -1000 -1000 -10 -0.805839
Pedestrian -1 -1 -10 777 37 825 169-1 -1 -1 -1000 -1000 -1000 -10 -0.881798
Pedestrian -1 -1 -10 1064 125 1131 248-1 -1 -1 -1000 -1000 -1000 -10 -0.88284
Pedestrian -1 -1 -10 677 1 739 116-1 -1 -1 -1000 -1000 -1000 -10 -0.941731
Pedestrian -1 -1 -10 828 60 866 167-1 -1 -1 -1000 -1000 -1000 -10 -0.94979
Pedestrian -1 -1 -10 593 121 648 184-1 -1 -1 -1000 -1000 -1000 -10 -0.958615
Pedestrian -1 -1 -10 105 1 136 88-1 -1 -1 -1000 -1000 -1000 -10 -0.983431
