Pedestrian -1 -1 -10 521 121 552 208-1 -1 -1 -1000 -1000 -1000 -10 -0.0704622
Pedestrian -1 -1 -10 644 138 677 231-1 -1 -1 -1000 -1000 -1000 -10 -0.494699
Pedestrian -1 -1 -10 1049 102 1112 175-1 -1 -1 -1000 -1000 -1000 -10 -0.630917
Pedestrian -1 -1 -10 837 102 873 202-1 -1 -1 -1000 -1000 -1000 -10 -0.73312
Pedestrian -1 -1 -10 395 149 463 227-1 -1 -1 -1000 -1000 -1000 -10 -0.763182
Pedestrian -1 -1 -10 803 64 844 179-1 -1 -1 -1000 -1000 -1000 -10 -0.808748
Pedestrian -1 -1 -10 419 76 478 239-1 -1 -1 -1000 -1000 -1000 -10 -0.811865
Pedestrian -1 -1 -10 997 92 1064 215-1 -1 -1 -1000 -1000 -1000 -10 -0.812598
Pedestrian -1 -1 -10 1104 99 1162 206-1 -1 -1 -1000 -1000 -1000 -10 -0.827793
Pedestrian -1 -1 -10 902 111 956 211-1 -1 -1 -1000 -1000 -1000 -10 -0.865416
Pedestrian -1 -1 -10 1183 228 1224 306-1 -1 -1 -1000 -1000 -1000 -10 -0.873439
Pedestrian -1 -1 -10 305 145 352 232-1 -1 -1 -1000 -1000 -1000 -10 -0.901662
Pedestrian -1 -1 -10 1186 29 1222 129-1 -1 -1 -1000 -1000 -1000 -10 -0.931722
Pedestrian -1 -1 -10 1124 1 1183 69-1 -1 -1 -1000 -1000 -1000 -10 -0.936909
Pedestrian -1 -1 -10 1159 38 1213 138-1 -1 -1 -1000 -1000 -1000 -10 -0.946093
Pedestrian -1 -1 -10 705 145 736 232-1 -1 -1 -1000 -1000 -1000 -10 -0.947637
Pedestrian -1 -1 -10 508 79 585 221-1 -1 -1 -1000 -1000 -1000 -10 -0.957878
Pedestrian -1 -1 -10 1057 33 1104 120-1 -1 -1 -1000 -1000 -1000 -10 -0.977633
