Pedestrian -1 -1 -10 569 129 624 192-1 -1 -1 -1000 -1000 -1000 -10 -0.420181
Pedestrian -1 -1 -10 572 85 669 195-1 -1 -1 -1000 -1000 -1000 -10 -0.648142
Pedestrian -1 -1 -10 577 33 768 375-1 -1 -1 -1000 -1000 -1000 -10 -0.652072
Pedestrian -1 -1 -10 824 18 857 111-1 -1 -1 -1000 -1000 -1000 -10 -0.722698
Pedestrian -1 -1 -10 413 130 472 198-1 -1 -1 -1000 -1000 -1000 -10 -0.776405
Pedestrian -1 -1 -10 897 129 944 216-1 -1 -1 -1000 -1000 -1000 -10 -0.788538
Pedestrian -1 -1 -10 64 107 137 190-1 -1 -1 -1000 -1000 -1000 -10 -0.83958
Pedestrian -1 -1 -10 102 10 138 110-1 -1 -1 -1000 -1000 -1000 -10 -0.853404
Pedestrian -1 -1 -10 177 49 240 224-1 -1 -1 -1000 -1000 -1000 -10 -0.958289
Pedestrian -1 -1 -10 318 46 475 226-1 -1 -1 -1000 -1000 -1000 -10 -0.96458
Pedestrian -1 -1 -10 212 1 359 169-1 -1 -1 -1000 -1000 -1000 -10 -0.992967
