Pedestrian -1 -1 -10 1 27 52 169-1 -1 -1 -1000 -1000 -1000 -10 -0.112027
Pedestrian -1 -1 -10 881 209 944 375-1 -1 -1 -1000 -1000 -1000 -10 -0.379426
Pedestrian -1 -1 -10 782 149 908 375-1 -1 -1 -1000 -1000 -1000 -10 -0.720993
Pedestrian -1 -1 -10 905 1 960 64-1 -1 -1 -1000 -1000 -1000 -10 -0.745924
Pedestrian -1 -1 -10 1167 310 1226 375-1 -1 -1 -1000 -1000 -1000 -10 -0.748169
Pedestrian -1 -1 -10 1 194 37 294-1 -1 -1 -1000 -1000 -1000 -10 -0.795805
Pedestrian -1 -1 -10 1145 137 1192 224-1 -1 -1 -1000 -1000 -1000 -10 -0.866205
Pedestrian -1 -1 -10 385 119 443 226-1 -1 -1 -1000 -1000 -1000 -10 -0.916221
Pedestrian -1 -1 -10 803 1 876 84-1 -1 -1 -1000 -1000 -1000 -10 -0.921854
Pedestrian -1 -1 -10 1 1 128 352-1 -1 -1 -1000 -1000 -1000 -10 -0.933648
Pedestrian -1 -1 -10 529 9 584 72-1 -1 -1 -1000 -1000 -1000 -10 -0.940533
Pedestrian -1 -1 -10 233 112 292 180-1 -1 -1 -1000 -1000 -1000 -10 -0.956834
Pedestrian -1 -1 -10 627 78 686 146-1 -1 -1 -1000 -1000 -1000 -10 -0.95761
Pedestrian -1 -1 -10 643 105 732 268-1 -1 -1 -1000 -1000 -1000 -10 -0.974871
Pedestrian -1 -1 -10 113 137 160 224-1 -1 -1 -1000 -1000 -1000 -10 -0.985499
