Pedestrian -1 -1 -10 1 53 52 195-1 -1 -1 -1000 -1000 -1000 -10 -0.369168
Pedestrian -1 -1 -10 465 69 509 192-1 -1 -1 -1000 -1000 -1000 -10 -0.623144
Pedestrian -1 -1 -10 736 114 780 237-1 -1 -1 -1000 -1000 -1000 -10 -0.670844
Pedestrian -1 -1 -10 1 1 104 286-1 -1 -1 -1000 -1000 -1000 -10 -0.721267
Pedestrian -1 -1 -10 397 69 441 192-1 -1 -1 -1000 -1000 -1000 -10 -0.73103
Pedestrian -1 -1 -10 635 103 713 193-1 -1 -1 -1000 -1000 -1000 -10 -0.739228
Pedestrian -1 -1 -10 430 130 463 223-1 -1 -1 -1000 -1000 -1000 -10 -0.856614
Pedestrian -1 -1 -10 344 44 394 137-1 -1 -1 -1000 -1000 -1000 -10 -0.958354
Pedestrian -1 -1 -10 764 65 818 165-1 -1 -1 -1000 -1000 -1000 -10 -0.961894
Pedestrian -1 -1 -10 867 293 917 375-1 -1 -1 -1000 -1000 -1000 -10 -0.969007
Pedestrian -1 -1 -10 533 92 611 182-1 -1 -1 -1000 -1000 -1000 -10 -0.976156
