Pedestrian -1 -1 -10 703 157 754 299-1 -1 -1 -1000 -1000 -1000 -10 0.332964
Pedestrian -1 -1 -10 1039 212 1075 312-1 -1 -1 -1000 -1000 -1000 -10 -0.442717
Pedestrian -1 -1 -10 297 233 352 296-1 -1 -1 -1000 -1000 -1000 -10 -0.469088
Pedestrian -1 -1 -10 537 1 592 64-1 -1 -1 -1000 -1000 -1000 -10 -0.624299
Pedestrian -1 -1 -10 421 155 480 223-1 -1 -1 -1000 -1000 -1000 -10 -0.700106
Pedestrian -1 -1 -10 874 29 910 129-1 -1 -1 -1000 -1000 -1000 -10 -0.71649
Pedestrian -1 -1 -10 306 70 344 177-1 -1 -1 -1000 -1000 -1000 -10 -0.779776
Pedestrian -1 -1 -10 705 89 736 176-1 -1 -1 -1000 -1000 -1000 -10 -0.781053
Pedestrian -1 -1 -10 545 273 600 336-1 -1 -1 -1000 -1000 -1000 -10 -0.78804
Pedestrian -1 -1 -10 578 261 645 370-1 -1 -1 -1000 -1000 -1000 -10 -0.810935
Pedestrian -1 -1 -10 494 300 597 370-1 -1 -1 -1000 -1000 -1000 -10 -0.8347
Pedestrian -1 -1 -10 228 1 266 108-1 -1 -1 -1000 -1000 -1000 -10 -0.868077
Pedestrian -1 -1 -10 1153 1 1216 176-1 -1 -1 -1000 -1000 -1000 -10 -0.879694
Pedestrian -1 -1 -10 1044 134 1116 266-1 -1 -1 -1000 -1000 -1000 -10 -0.888476
Pedestrian -1 -1 -10 153 89 200 176-1 -1 -1 -1000 -1000 -1000 -10 -0.90908
Pedestrian -1 -1 -10 1129 169 1184 232-1 -1 -1 -1000 -1000 -1000 -10 -0.949252
Pedestrian -1 -1 -10 1141 117 1203 232-1 -1 -1 -1000 -1000 -1000 -10 -0.973531
Pedestrian -1 -1 -10 337 201 384 288-1 -1 -1 -1000 -1000 -1000 -10 -0.979304
Pedestrian -1 -1 -10 369 105 416 192-1 -1 -1 -1000 -1000 -1000 -10 -0.984669
Pedestrian -1 -1 -10 233 249 288 312-1 -1 -1 -1000 -1000 -1000 -10 -0.998189
Pedestrian -1 -1 -10 750 117 791 232-1 -1 -1 -1000 -1000 -1000 -10 -0.998857
Pedestrian -1 -1 -10 1057 1 1224 370-1 -1 -1 -1000 -1000 -1000 -10 -0.99984
