Pedestrian -1 -1 -10 237 159 354 374-1 -1 -1 -1000 -1000 -1000 -10 0.756911
Pedestrian -1 -1 -10 195 165 254 328-1 -1 -1 -1000 -1000 -1000 -10 0.597899
Pedestrian -1 -1 -10 613 180 672 343-1 -1 -1 -1000 -1000 -1000 -10 0.558178
Pedestrian -1 -1 -10 673 165 732 328-1 -1 -1 -1000 -1000 -1000 -10 -0.0638981
Pedestrian -1 -1 -10 1 147 97 374-1 -1 -1 -1000 -1000 -1000 -10 -0.298221
Pedestrian -1 -1 -10 119 1 236 217-1 -1 -1 -1000 -1000 -1000 -10 -0.361591
Pedestrian -1 -1 -10 405 159 443 266-1 -1 -1 -1000 -1000 -1000 -10 -0.404144
Pedestrian -1 -1 -10 75 1 221 374-1 -1 -1 -1000 -1000 -1000 -10 -0.615966
Pedestrian -1 -1 -10 690 1 728 108-1 -1 -1 -1000 -1000 -1000 -10 -0.653313
Pedestrian -1 -1 -10 168 57 278 362-1 -1 -1 -1000 -1000 -1000 -10 -0.696635
Pedestrian -1 -1 -10 353 134 425 266-1 -1 -1 -1000 -1000 -1000 -10 -0.814935
Pedestrian -1 -1 -10 713 201 760 288-1 -1 -1 -1000 -1000 -1000 -10 -0.837408
Pedestrian -1 -1 -10 240 91 418 374-1 -1 -1 -1000 -1000 -1000 -10 -0.853333
Pedestrian -1 -1 -10 1193 9 1238 72-1 -1 -1 -1000 -1000 -1000 -10 -0.85461
Pedestrian -1 -1 -10 182 1 498 362-1 -1 -1 -1000 -1000 -1000 -10 -0.884105
Pedestrian -1 -1 -10 1205 111 1238 211-1 -1 -1 -1000 -1000 -1000 -10 -0.92694
Pedestrian -1 -1 -10 736 203 790 303-1 -1 -1 -1000 -1000 -1000 -10 -0.927882
Pedestrian -1 -1 -10 684 1 739 153-1 -1 -1 -1000 -1000 -1000 -10 -0.985189
