Pedestrian -1 -1 -10 745 29 781 129-1 -1 -1 -1000 -1000 -1000 -10 -0.0899134
Pedestrian -1 -1 -10 976 1 1142 306-1 -1 -1 -1000 -1000 -1000 -10 -0.376653
Pedestrian -1 -1 -10 562 93 616 193-1 -1 -1 -1000 -1000 -1000 -10 -0.424707
Pedestrian -1 -1 -10 696 10 746 103-1 -1 -1 -1000 -1000 -1000 -10 -0.495666
Pedestrian -1 -1 -10 762 46 821 209-1 -1 -1 -1000 -1000 -1000 -10 -0.523863
Pedestrian -1 -1 -10 608 111 671 184-1 -1 -1 -1000 -1000 -1000 -10 -0.642748
Pedestrian -1 -1 -10 578 12 656 102-1 -1 -1 -1000 -1000 -1000 -10 -0.721714
Pedestrian -1 -1 -10 704 74 752 206-1 -1 -1 -1000 -1000 -1000 -10 -0.732073
Pedestrian -1 -1 -10 1104 80 1182 296-1 -1 -1 -1000 -1000 -1000 -10 -0.750429
Pedestrian -1 -1 -10 316 1 473 375-1 -1 -1 -1000 -1000 -1000 -10 -0.78681
Pedestrian -1 -1 -10 493 109 561 187-1 -1 -1 -1000 -1000 -1000 -10 -0.806073
Pedestrian -1 -1 -10 850 310 909 375-1 -1 -1 -1000 -1000 -1000 -10 -0.857686
Pedestrian -1 -1 -10 40 1 118 217-1 -1 -1 -1000 -1000 -1000 -10 -0.8611
Pedestrian -1 -1 -10 177 33 240 208-1 -1 -1 -1000 -1000 -1000 -10 -0.9232
Pedestrian -1 -1 -10 438 86 510 218-1 -1 -1 -1000 -1000 -1000 -10 -0.924363
Pedestrian -1 -1 -10 530 1 724 223-1 -1 -1 -1000 -1000 -1000 -10 -0.954592
Pedestrian -1 -1 -10 1094 306 1162 375-1 -1 -1 -1000 -1000 -1000 -10 -0.959921
Pedestrian -1 -1 -10 1 70 60 138-1 -1 -1 -1000 -1000 -1000 -10 -0.962919
Pedestrian -1 -1 -10 359 1 776 375-1 -1 -1 -1000 -1000 -1000 -10 -0.983868
Pedestrian -1 -1 -10 881 273 936 336-1 -1 -1 -1000 -1000 -1000 -10 -0.988578
