Pedestrian -1 -1 -10 1032 126 1087 278-1 -1 -1 -1000 -1000 -1000 -10 0.221029
Pedestrian -1 -1 -10 524 130 557 223-1 -1 -1 -1000 -1000 -1000 -10 -0.623286
Pedestrian -1 -1 -10 582 75 623 190-1 -1 -1 -1000 -1000 -1000 -10 -0.630981
Pedestrian -1 -1 -10 598 47 661 120-1 -1 -1 -1000 -1000 -1000 -10 -0.690679
Pedestrian -1 -1 -10 1 102 64 175-1 -1 -1 -1000 -1000 -1000 -10 -0.780313
Pedestrian -1 -1 -10 586 40 663 182-1 -1 -1 -1000 -1000 -1000 -10 -0.805783
Pedestrian -1 -1 -10 950 14 1001 156-1 -1 -1 -1000 -1000 -1000 -10 -0.850246
Pedestrian -1 -1 -10 912 1 971 164-1 -1 -1 -1000 -1000 -1000 -10 -0.893486
Pedestrian -1 -1 -10 1189 25 1237 157-1 -1 -1 -1000 -1000 -1000 -10 -0.915555
Pedestrian -1 -1 -10 183 1 260 143-1 -1 -1 -1000 -1000 -1000 -10 -0.953636
Pedestrian -1 -1 -10 1074 57 1129 209-1 -1 -1 -1000 -1000 -1000 -10 -0.961078
Pedestrian -1 -1 -10 547 183 728 375-1 -1 -1 -1000 -1000 -1000 -10 -0.992369
Pedestrian -1 -1 -10 841 265 888 352-1 -1 -1 -1000 -1000 -1000 -10 -0.998996
