Pedestrian -1 -1 -10 729 64 791 179-1 -1 -1 -1000 -1000 -1000 -10 -0.399652
Pedestrian -1 -1 -10 687 75 728 190-1 -1 -1 -1000 -1000 -1000 -10 -0.684806
Pedestrian -1 -1 -10 413 75 454 190-1 -1 -1 -1000 -1000 -1000 -10 -0.691895
Pedestrian -1 -1 -10 506 111 560 211-1 -1 -1 -1000 -1000 -1000 -10 -0.727131
Pedestrian -1 -1 -10 417 41 464 128-1 -1 -1 -1000 -1000 -1000 -10 -0.772044
Pedestrian -1 -1 -10 1144 267 1202 374-1 -1 -1 -1000 -1000 -1000 -10 -0.810446
Pedestrian -1 -1 -10 450 110 498 242-1 -1 -1 -1000 -1000 -1000 -10 -0.811818
Pedestrian -1 -1 -10 474 50 542 128-1 -1 -1 -1000 -1000 -1000 -10 -0.82852
Pedestrian -1 -1 -10 1226 96 1242 211-1 -1 -1 -1000 -1000 -1000 -10 -0.828782
Pedestrian -1 -1 -10 737 1 784 88-1 -1 -1 -1000 -1000 -1000 -10 -0.888917
Pedestrian -1 -1 -10 105 297 152 375-1 -1 -1 -1000 -1000 -1000 -10 -0.895625
Pedestrian -1 -1 -10 523 46 612 209-1 -1 -1 -1000 -1000 -1000 -10 -0.921764
Pedestrian -1 -1 -10 769 188 837 266-1 -1 -1 -1000 -1000 -1000 -10 -0.927509
Pedestrian -1 -1 -10 177 1 240 176-1 -1 -1 -1000 -1000 -1000 -10 -0.932816
Pedestrian -1 -1 -10 1 265 63 375-1 -1 -1 -1000 -1000 -1000 -10 -0.977515
Pedestrian -1 -1 -10 653 70 686 163-1 -1 -1 -1000 -1000 -1000 -10 -0.993587
Pedestrian -1 -1 -10 447 52 515 240-1 -1 -1 -1000 -1000 -1000 -10 -0.996459
