Pedestrian -1 -1 -10 945 169 976 256-1 -1 -1 -1000 -1000 -1000 -10 1.45407
Pedestrian -1 -1 -10 761 161 792 248-1 -1 -1 -1000 -1000 -1000 -10 0.0581069
Pedestrian -1 -1 -10 966 159 1004 266-1 -1 -1 -1000 -1000 -1000 -10 0.0267034
Pedestrian -1 -1 -10 833 155 866 248-1 -1 -1 -1000 -1000 -1000 -10 -0.151356
Pedestrian -1 -1 -10 769 60 837 138-1 -1 -1 -1000 -1000 -1000 -10 -0.242028
Pedestrian -1 -1 -10 1137 217 1192 280-1 -1 -1 -1000 -1000 -1000 -10 -0.472574
Pedestrian -1 -1 -10 168 119 206 226-1 -1 -1 -1000 -1000 -1000 -10 -0.500416
Pedestrian -1 -1 -10 782 69 849 192-1 -1 -1 -1000 -1000 -1000 -10 -0.509724
Pedestrian -1 -1 -10 886 159 934 291-1 -1 -1 -1000 -1000 -1000 -10 -0.550685
Pedestrian -1 -1 -10 910 147 982 279-1 -1 -1 -1000 -1000 -1000 -10 -0.556634
Pedestrian -1 -1 -10 285 135 388 253-1 -1 -1 -1000 -1000 -1000 -10 -0.579481
Pedestrian -1 -1 -10 543 129 611 207-1 -1 -1 -1000 -1000 -1000 -10 -0.58277
Pedestrian -1 -1 -10 1213 154 1242 306-1 -1 -1 -1000 -1000 -1000 -10 -0.63398
Pedestrian -1 -1 -10 1110 216 1177 339-1 -1 -1 -1000 -1000 -1000 -10 -0.658382
Pedestrian -1 -1 -10 793 185 848 248-1 -1 -1 -1000 -1000 -1000 -10 -0.684685
Pedestrian -1 -1 -10 267 164 300 257-1 -1 -1 -1000 -1000 -1000 -10 -0.68683
Pedestrian -1 -1 -10 332 38 405 239-1 -1 -1 -1000 -1000 -1000 -10 -0.715642
Pedestrian -1 -1 -10 247 149 305 256-1 -1 -1 -1000 -1000 -1000 -10 -0.780261
Pedestrian -1 -1 -10 753 99 808 251-1 -1 -1 -1000 -1000 -1000 -10 -0.840262
Pedestrian -1 -1 -10 404 130 454 223-1 -1 -1 -1000 -1000 -1000 -10 -0.92955
Pedestrian -1 -1 -10 1200 137 1242 375-1 -1 -1 -1000 -1000 -1000 -10 -0.936351
Pedestrian -1 -1 -10 464 40 502 147-1 -1 -1 -1000 -1000 -1000 -10 -0.972616
Pedestrian -1 -1 -10 663 93 699 193-1 -1 -1 -1000 -1000 -1000 -10 -0.972744
Pedestrian -1 -1 -10 224 1 334 306-1 -1 -1 -1000 -1000 -1000 -10 -0.978953
Pedestrian -1 -1 -10 131 66 208 208-1 -1 -1 -1000 -1000 -1000 -10 -0.983873
Pedestrian -1 -1 -10 130 181 189 249-1 -1 -1 -1000 -1000 -1000 -10 -0.984902
