Pedestrian -1 -1 -10 699 111 735 211-1 -1 -1 -1000 -1000 -1000 -10 -0.241733
Pedestrian -1 -1 -10 130 138 180 231-1 -1 -1 -1000 -1000 -1000 -10 -0.550516
Pedestrian -1 -1 -10 681 90 719 197-1 -1 -1 -1000 -1000 -1000 -10 -0.574115
Pedestrian -1 -1 -10 837 1 892 153-1 -1 -1 -1000 -1000 -1000 -10 -0.632931
Pedestrian -1 -1 -10 462 147 607 375-1 -1 -1 -1000 -1000 -1000 -10 -0.691124
Pedestrian -1 -1 -10 1076 194 1112 294-1 -1 -1 -1000 -1000 -1000 -10 -0.706918
Pedestrian -1 -1 -10 1081 95 1114 188-1 -1 -1 -1000 -1000 -1000 -10 -0.715279
Pedestrian -1 -1 -10 901 215 934 308-1 -1 -1 -1000 -1000 -1000 -10 -0.775423
Pedestrian -1 -1 -10 1180 76 1239 239-1 -1 -1 -1000 -1000 -1000 -10 -0.837815
Pedestrian -1 -1 -10 934 85 1031 195-1 -1 -1 -1000 -1000 -1000 -10 -0.931608
Pedestrian -1 -1 -10 740 109 778 216-1 -1 -1 -1000 -1000 -1000 -10 -0.933871
Pedestrian -1 -1 -10 1067 1 1108 116-1 -1 -1 -1000 -1000 -1000 -10 -0.951723
Pedestrian -1 -1 -10 600 57 683 209-1 -1 -1 -1000 -1000 -1000 -10 -0.963419
Pedestrian -1 -1 -10 1 161 32 248-1 -1 -1 -1000 -1000 -1000 -10 -0.975772
Pedestrian -1 -1 -10 219 98 291 230-1 -1 -1 -1000 -1000 -1000 -10 -0.998445
