Pedestrian -1 -1 -10 1 35 34 128-1 -1 -1 -1000 -1000 -1000 -10 -0.304423
Pedestrian -1 -1 -10 147 74 219 206-1 -1 -1 -1000 -1000 -1000 -10 -0.481044
Pedestrian -1 -1 -10 947 25 995 157-1 -1 -1 -1000 -1000 -1000 -10 -0.493174
Pedestrian -1 -1 -10 845 1 918 84-1 -1 -1 -1000 -1000 -1000 -10 -0.575662
Pedestrian -1 -1 -10 85 96 126 211-1 -1 -1 -1000 -1000 -1000 -10 -0.651807
Pedestrian -1 -1 -10 1 52 103 240-1 -1 -1 -1000 -1000 -1000 -10 -0.677285
Pedestrian -1 -1 -10 645 107 707 222-1 -1 -1 -1000 -1000 -1000 -10 -0.692605
Pedestrian -1 -1 -10 487 64 528 179-1 -1 -1 -1000 -1000 -1000 -10 -0.705652
Pedestrian -1 -1 -10 241 49 296 112-1 -1 -1 -1000 -1000 -1000 -10 -0.733398
Pedestrian -1 -1 -10 159 1 394 375-1 -1 -1 -1000 -1000 -1000 -10 -0.73679
Pedestrian -1 -1 -10 391 1 780 375-1 -1 -1 -1000 -1000 -1000 -10 -0.754385
Pedestrian -1 -1 -10 1 1 221 375-1 -1 -1 -1000 -1000 -1000 -10 -0.783995
Pedestrian -1 -1 -10 877 75 950 158-1 -1 -1 -1000 -1000 -1000 -10 -0.809935
Pedestrian -1 -1 -10 989 14 1040 156-1 -1 -1 -1000 -1000 -1000 -10 -0.868043
Pedestrian -1 -1 -10 777 61 955 375-1 -1 -1 -1000 -1000 -1000 -10 -0.927277
