Pedestrian -1 -1 -10 1210 10 1242 103-1 -1 -1 -1000 -1000 -1000 -10 -0.064651
Pedestrian -1 -1 -10 1193 155 1226 248-1 -1 -1 -1000 -1000 -1000 -10 -0.0730567
Pedestrian -1 -1 -10 1171 144 1222 286-1 -1 -1 -1000 -1000 -1000 -10 -0.125009
Pedestrian -1 -1 -10 1141 1 1195 101-1 -1 -1 -1000 -1000 -1000 -10 -0.238425
Pedestrian -1 -1 -10 310 181 343 274-1 -1 -1 -1000 -1000 -1000 -10 -0.453969
Pedestrian -1 -1 -10 607 1 703 267-1 -1 -1 -1000 -1000 -1000 -10 -0.454757
Pedestrian -1 -1 -10 402 128 443 243-1 -1 -1 -1000 -1000 -1000 -10 -0.531379
Pedestrian -1 -1 -10 936 121 986 214-1 -1 -1 -1000 -1000 -1000 -10 -0.580288
Pedestrian -1 -1 -10 1165 25 1242 291-1 -1 -1 -1000 -1000 -1000 -10 -0.619422
Pedestrian -1 -1 -10 920 258 1176 375-1 -1 -1 -1000 -1000 -1000 -10 -0.624218
Pedestrian -1 -1 -10 718 166 772 266-1 -1 -1 -1000 -1000 -1000 -10 -0.627949
Pedestrian -1 -1 -10 361 87 429 275-1 -1 -1 -1000 -1000 -1000 -10 -0.719683
Pedestrian -1 -1 -10 464 46 523 209-1 -1 -1 -1000 -1000 -1000 -10 -0.720789
Pedestrian -1 -1 -10 12 58 56 181-1 -1 -1 -1000 -1000 -1000 -10 -0.725693
Pedestrian -1 -1 -10 799 149 867 227-1 -1 -1 -1000 -1000 -1000 -10 -0.78806
Pedestrian -1 -1 -10 316 13 388 145-1 -1 -1 -1000 -1000 -1000 -10 -0.835699
Pedestrian -1 -1 -10 335 1 432 111-1 -1 -1 -1000 -1000 -1000 -10 -0.85393
Pedestrian -1 -1 -10 713 33 744 120-1 -1 -1 -1000 -1000 -1000 -10 -0.892386
Pedestrian -1 -1 -10 1025 159 1063 266-1 -1 -1 -1000 -1000 -1000 -10 -0.907526
Pedestrian -1 -1 -10 391 112 488 222-1 -1 -1 -1000 -1000 -1000 -10 -0.917453
Pedestrian -1 -1 -10 1 1 194 375-1 -1 -1 -1000 -1000 -1000 -10 -0.956446
Pedestrian -1 -1 -10 818 80 856 187-1 -1 -1 -1000 -1000 -1000 -10 -0.981044
Pedestrian -1 -1 -10 518 107 580 222-1 -1 -1 -1000 -1000 -1000 -10 -0.98734
Pedestrian -1 -1 -10 761 113 792 200-1 -1 -1 -1000 -1000 -1000 -10 -0.992015
