Pedestrian -1 -1 -10 612 114 656 237-1 -1 -1 -1000 -1000 -1000 -10 -0.521815
Pedestrian -1 -1 -10 449 137 480 224-1 -1 -1 -1000 -1000 -1000 -10 -0.550223
Pedestrian -1 -1 -10 656 74 704 206-1 -1 -1 -1000 -1000 -1000 -10 -0.576098
Pedestrian -1 -1 -10 363 1 453 249-1 -1 -1 -1000 -1000 -1000 -10 -0.678497
Pedestrian -1 -1 -10 268 62 316 194-1 -1 -1 -1000 -1000 -1000 -10 -0.760477
Pedestrian -1 -1 -10 465 114 543 204-1 -1 -1 -1000 -1000 -1000 -10 -0.827055
Pedestrian -1 -1 -10 89 105 144 168-1 -1 -1 -1000 -1000 -1000 -10 -0.854681
Pedestrian -1 -1 -10 938 47 974 147-1 -1 -1 -1000 -1000 -1000 -10 -0.855944
Pedestrian -1 -1 -10 249 137 280 224-1 -1 -1 -1000 -1000 -1000 -10 -0.880922
Pedestrian -1 -1 -10 46 76 135 239-1 -1 -1 -1000 -1000 -1000 -10 -0.907951
Pedestrian -1 -1 -10 961 97 992 184-1 -1 -1 -1000 -1000 -1000 -10 -0.925132
Pedestrian -1 -1 -10 194 139 257 212-1 -1 -1 -1000 -1000 -1000 -10 -0.956841
Pedestrian -1 -1 -10 876 207 909 300-1 -1 -1 -1000 -1000 -1000 -10 -0.978682
Pedestrian -1 -1 -10 1008 92 1075 215-1 -1 -1 -1000 -1000 -1000 -10 -0.982592
Pedestrian -1 -1 -10 1189 219 1237 351-1 -1 -1 -1000 -1000 -1000 -10 -0.985508
