Pedestrian -1 -1 -10 19 75 92 276-1 -1 -1 -1000 -1000 -1000 -10 -0.319775
Pedestrian -1 -1 -10 1195 1 1242 164-1 -1 -1 -1000 -1000 -1000 -10 -0.391531
Pedestrian -1 -1 -10 183 40 234 182-1 -1 -1 -1000 -1000 -1000 -10 -0.479982
Pedestrian -1 -1 -10 1177 110 1225 242-1 -1 -1 -1000 -1000 -1000 -10 -0.561823
Pedestrian -1 -1 -10 417 113 464 200-1 -1 -1 -1000 -1000 -1000 -10 -0.621453
Pedestrian -1 -1 -10 1 53 182 260-1 -1 -1 -1000 -1000 -1000 -10 -0.640343
Pedestrian -1 -1 -10 286 96 348 211-1 -1 -1 -1000 -1000 -1000 -10 -0.688471
Pedestrian -1 -1 -10 392 307 465 375-1 -1 -1 -1000 -1000 -1000 -10 -0.77406
Pedestrian -1 -1 -10 404 105 494 208-1 -1 -1 -1000 -1000 -1000 -10 -0.853251
Pedestrian -1 -1 -10 249 130 303 230-1 -1 -1 -1000 -1000 -1000 -10 -0.858659
Pedestrian -1 -1 -10 837 10 891 110-1 -1 -1 -1000 -1000 -1000 -10 -0.871531
Pedestrian -1 -1 -10 57 1 251 223-1 -1 -1 -1000 -1000 -1000 -10 -0.882332
Pedestrian -1 -1 -10 841 233 888 320-1 -1 -1 -1000 -1000 -1000 -10 -0.882343
Pedestrian -1 -1 -10 1 1 291 375-1 -1 -1 -1000 -1000 -1000 -10 -0.915834
Pedestrian -1 -1 -10 633 121 688 184-1 -1 -1 -1000 -1000 -1000 -10 -0.951911
Pedestrian -1 -1 -10 619 98 703 194-1 -1 -1 -1000 -1000 -1000 -10 -0.992988
