Pedestrian -1 -1 -10 261 35 328 158-1 -1 -1 -1000 -1000 -1000 -10 -0.486727
Pedestrian -1 -1 -10 868 50 926 157-1 -1 -1 -1000 -1000 -1000 -10 -0.509563
Pedestrian -1 -1 -10 747 35 797 128-1 -1 -1 -1000 -1000 -1000 -10 -0.524245
Pedestrian -1 -1 -10 104 1 172 189-1 -1 -1 -1000 -1000 -1000 -10 -0.63842
Pedestrian -1 -1 -10 628 31 687 194-1 -1 -1 -1000 -1000 -1000 -10 -0.671324
Pedestrian -1 -1 -10 938 56 1011 257-1 -1 -1 -1000 -1000 -1000 -10 -0.681225
Pedestrian -1 -1 -10 1183 306 1242 375-1 -1 -1 -1000 -1000 -1000 -10 -0.713028
Pedestrian -1 -1 -10 810 102 846 202-1 -1 -1 -1000 -1000 -1000 -10 -0.721665
Pedestrian -1 -1 -10 222 1 478 294-1 -1 -1 -1000 -1000 -1000 -10 -0.7341
Pedestrian -1 -1 -10 87 70 155 258-1 -1 -1 -1000 -1000 -1000 -10 -0.781919
Pedestrian -1 -1 -10 756 112 789 205-1 -1 -1 -1000 -1000 -1000 -10 -0.819632
Pedestrian -1 -1 -10 732 31 791 194-1 -1 -1 -1000 -1000 -1000 -10 -0.821502
Pedestrian -1 -1 -10 1 53 52 195-1 -1 -1 -1000 -1000 -1000 -10 -0.851697
Pedestrian -1 -1 -10 781 1 962 208-1 -1 -1 -1000 -1000 -1000 -10 -0.860507
Pedestrian -1 -1 -10 699 93 753 193-1 -1 -1 -1000 -1000 -1000 -10 -0.873488
Pedestrian -1 -1 -10 578 92 656 182-1 -1 -1 -1000 -1000 -1000 -10 -0.889824
Pedestrian -1 -1 -10 473 121 520 208-1 -1 -1 -1000 -1000 -1000 -10 -0.90091
Pedestrian -1 -1 -10 989 66 1079 169-1 -1 -1 -1000 -1000 -1000 -10 -0.914284
Pedestrian -1 -1 -10 85 1 211 232-1 -1 -1 -1000 -1000 -1000 -10 -0.931562
Pedestrian -1 -1 -10 1030 318 1089 375-1 -1 -1 -1000 -1000 -1000 -10 -0.949635
Pedestrian -1 -1 -10 1209 145 1242 208-1 -1 -1 -1000 -1000 -1000 -10 -0.9658
