Pedestrian -1 -1 -10 1121 16 1224 134-1 -1 -1 -1000 -1000 -1000 -10 -0.266263
Pedestrian -1 -1 -10 1 1 39 108-1 -1 -1 -1000 -1000 -1000 -10 -0.445312
Pedestrian -1 -1 -10 360 180 422 295-1 -1 -1 -1000 -1000 -1000 -10 -0.591335
Pedestrian -1 -1 -10 337 89 384 176-1 -1 -1 -1000 -1000 -1000 -10 -0.622603
Pedestrian -1 -1 -10 769 25 800 112-1 -1 -1 -1000 -1000 -1000 -10 -0.731194
Pedestrian -1 -1 -10 1 1 79 217-1 -1 -1 -1000 -1000 -1000 -10 -0.858038
Pedestrian -1 -1 -10 690 66 767 208-1 -1 -1 -1000 -1000 -1000 -10 -0.85968
Pedestrian -1 -1 -10 609 129 664 192-1 -1 -1 -1000 -1000 -1000 -10 -0.867785
Pedestrian -1 -1 -10 937 287 1027 375-1 -1 -1 -1000 -1000 -1000 -10 -0.885295
Pedestrian -1 -1 -10 761 64 834 147-1 -1 -1 -1000 -1000 -1000 -10 -0.896729
Pedestrian -1 -1 -10 326 40 377 182-1 -1 -1 -1000 -1000 -1000 -10 -0.904515
Pedestrian -1 -1 -10 883 56 946 129-1 -1 -1 -1000 -1000 -1000 -10 -0.904966
Pedestrian -1 -1 -10 425 70 463 177-1 -1 -1 -1000 -1000 -1000 -10 -0.90943
Pedestrian -1 -1 -10 550 95 583 188-1 -1 -1 -1000 -1000 -1000 -10 -0.910899
Pedestrian -1 -1 -10 568 76 671 194-1 -1 -1 -1000 -1000 -1000 -10 -0.962066
Pedestrian -1 -1 -10 419 46 508 209-1 -1 -1 -1000 -1000 -1000 -10 -0.98136
Pedestrian -1 -1 -10 1058 267 1121 340-1 -1 -1 -1000 -1000 -1000 -10 -0.994615
