Pedestrian -1 -1 -10 1210 31 1238 194-1 -1 -1 -1000 -1000 -1000 -10 -0.24611
Pedestrian -1 -1 -10 521 69 588 192-1 -1 -1 -1000 -1000 -1000 -10 -0.555464
Pedestrian -1 -1 -10 129 129 197 207-1 -1 -1 -1000 -1000 -1000 -10 -0.635733
Pedestrian -1 -1 -10 266 43 321 195-1 -1 -1 -1000 -1000 -1000 -10 -0.850922
Pedestrian -1 -1 -10 877 43 950 126-1 -1 -1 -1000 -1000 -1000 -10 -0.859282
Pedestrian -1 -1 -10 729 75 770 190-1 -1 -1 -1000 -1000 -1000 -10 -0.906636
Pedestrian -1 -1 -10 1114 109 1152 216-1 -1 -1 -1000 -1000 -1000 -10 -0.913099
Pedestrian -1 -1 -10 936 130 995 198-1 -1 -1 -1000 -1000 -1000 -10 -0.956501
Pedestrian -1 -1 -10 193 89 224 176-1 -1 -1 -1000 -1000 -1000 -10 -0.973556
Pedestrian -1 -1 -10 978 310 1037 374-1 -1 -1 -1000 -1000 -1000 -10 -0.98899
Pedestrian -1 -1 -10 375 31 433 138-1 -1 -1 -1000 -1000 -1000 -10 -0.991654
Pedestrian -1 -1 -10 473 104 523 197-1 -1 -1 -1000 -1000 -1000 -10 -0.992352
