Pedestrian -1 -1 -10 497 89 552 152-1 -1 -1 -1000 -1000 -1000 -10 -0.202636
Pedestrian -1 -1 -10 1201 57 1242 144-1 -1 -1 -1000 -1000 -1000 -10 -0.467223
Pedestrian -1 -1 -10 1 121 32 208-1 -1 -1 -1000 -1000 -1000 -10 -0.474693
Pedestrian -1 -1 -10 129 97 192 272-1 -1 -1 -1000 -1000 -1000 -10 -0.615897
Pedestrian -1 -1 -10 370 75 411 190-1 -1 -1 -1000 -1000 -1000 -10 -0.627059
Pedestrian -1 -1 -10 1089 137 1144 200-1 -1 -1 -1000 -1000 -1000 -10 -0.64435
Pedestrian -1 -1 -10 1137 41 1184 128-1 -1 -1 -1000 -1000 -1000 -10 -0.686453
Pedestrian -1 -1 -10 481 33 544 208-1 -1 -1 -1000 -1000 -1000 -10 -0.732251
Pedestrian -1 -1 -10 553 105 600 192-1 -1 -1 -1000 -1000 -1000 -10 -0.778172
Pedestrian -1 -1 -10 1129 201 1176 288-1 -1 -1 -1000 -1000 -1000 -10 -0.801776
Pedestrian -1 -1 -10 153 25 184 112-1 -1 -1 -1000 -1000 -1000 -10 -0.804051
Pedestrian -1 -1 -10 336 159 404 237-1 -1 -1 -1000 -1000 -1000 -10 -0.808545
Pedestrian -1 -1 -10 997 1 1177 375-1 -1 -1 -1000 -1000 -1000 -10 -0.846395
Pedestrian -1 -1 -10 240 61 343 179-1 -1 -1 -1000 -1000 -1000 -10 -0.849392
Pedestrian -1 -1 -10 657 105 712 168-1 -1 -1 -1000 -1000 -1000 -10 -0.852628
Pedestrian -1 -1 -10 172 10 222 103-1 -1 -1 -1000 -1000 -1000 -10 -0.884108
Pedestrian -1 -1 -10 9 25 40 112-1 -1 -1 -1000 -1000 -1000 -10 -0.889655
Pedestrian -1 -1 -10 617 148 653 248-1 -1 -1 -1000 -1000 -1000 -10 -0.921858
Pedestrian -1 -1 -10 550 87 652 275-1 -1 -1 -1000 -1000 -1000 -10 -0.922483
Pedestrian -1 -1 -10 553 321 608 375-1 -1 -1 -1000 -1000 -1000 -10 -0.946214
Pedestrian -1 -1 -10 89 113 136 200-1 -1 -1 -1000 -1000 -1000 -10 -0.951882
Pedestrian -1 -1 -10 147 1 219 133-1 -1 -1 -1000 -1000 -1000 -10 -0.972641
Pedestrian -1 -1 -10 1141 1 1237 267-1 -1 -1 -1000 -1000 -1000 -10 -0.979885
Pedestrian -1 -1 -10 1 21 79 237-1 -1 -1 -1000 -1000 -1000 -10 -0.994561
