Pedestrian -1 -1 -10 447 61 480 154-1 -1 -1 -1000 -1000 -1000 -10 -0.399804
Pedestrian -1 -1 -10 112 104 171 172-1 -1 -1 -1000 -1000 -1000 -10 -0.55193
Pedestrian -1 -1 -10 785 1 896 128-1 -1 -1 -1000 -1000 -1000 -10 -0.607655
Pedestrian -1 -1 -10 617 17 664 104-1 -1 -1 -1000 -1000 -1000 -10 -0.718575
Pedestrian -1 -1 -10 653 78 686 171-1 -1 -1 -1000 -1000 -1000 -10 -0.758908
Pedestrian -1 -1 -10 709 93 745 193-1 -1 -1 -1000 -1000 -1000 -10 -0.82638
Pedestrian -1 -1 -10 389 16 478 179-1 -1 -1 -1000 -1000 -1000 -10 -0.844388
Pedestrian -1 -1 -10 370 87 403 180-1 -1 -1 -1000 -1000 -1000 -10 -0.886418
Pedestrian -1 -1 -10 793 1 950 181-1 -1 -1 -1000 -1000 -1000 -10 -0.893936
Pedestrian -1 -1 -10 1089 33 1152 208-1 -1 -1 -1000 -1000 -1000 -10 -0.91547
Pedestrian -1 -1 -10 250 95 283 188-1 -1 -1 -1000 -1000 -1000 -10 -0.941859
Pedestrian -1 -1 -10 497 84 533 184-1 -1 -1 -1000 -1000 -1000 -10 -0.94662
Pedestrian -1 -1 -10 310 27 343 120-1 -1 -1 -1000 -1000 -1000 -10 -0.994598
