Pedestrian -1 -1 -10 956 296 1014 374-1 -1 -1 -1000 -1000 -1000 -10 -0.731348
Pedestrian -1 -1 -10 582 119 620 226-1 -1 -1 -1000 -1000 -1000 -10 -0.753472
Pedestrian -1 -1 -10 11 21 49 128-1 -1 -1 -1000 -1000 -1000 -10 -0.753987
Pedestrian -1 -1 -10 559 98 607 230-1 -1 -1 -1000 -1000 -1000 -10 -0.85732
Pedestrian -1 -1 -10 85 1 140 153-1 -1 -1 -1000 -1000 -1000 -10 -0.872845
Pedestrian -1 -1 -10 313 185 422 374-1 -1 -1 -1000 -1000 -1000 -10 -0.91083
Pedestrian -1 -1 -10 993 297 1066 374-1 -1 -1 -1000 -1000 -1000 -10 -0.936143
Pedestrian -1 -1 -10 510 114 577 237-1 -1 -1 -1000 -1000 -1000 -10 -0.94132
Pedestrian -1 -1 -10 748 114 826 204-1 -1 -1 -1000 -1000 -1000 -10 -0.956216
Pedestrian -1 -1 -10 677 1 760 232-1 -1 -1 -1000 -1000 -1000 -10 -0.958319
Pedestrian -1 -1 -10 729 281 784 344-1 -1 -1 -1000 -1000 -1000 -10 -0.987092
Pedestrian -1 -1 -10 848 306 916 374-1 -1 -1 -1000 -1000 -1000 -10 -0.992518
