Pedestrian -1 -1 -10 1044 86 1092 218-1 -1 -1 -1000 -1000 -1000 -10 -0.00659418
Pedestrian -1 -1 -10 671 1 749 217-1 -1 -1 -1000 -1000 -1000 -10 -0.384941
Pedestrian -1 -1 -10 425 249 456 336-1 -1 -1 -1000 -1000 -1000 -10 -0.432621
Pedestrian -1 -1 -10 1041 131 1131 234-1 -1 -1 -1000 -1000 -1000 -10 -0.613603
Pedestrian -1 -1 -10 313 38 349 138-1 -1 -1 -1000 -1000 -1000 -10 -0.613969
Pedestrian -1 -1 -10 286 22 348 137-1 -1 -1 -1000 -1000 -1000 -10 -0.61679
Pedestrian -1 -1 -10 927 109 985 216-1 -1 -1 -1000 -1000 -1000 -10 -0.617072
Pedestrian -1 -1 -10 64 128 137 211-1 -1 -1 -1000 -1000 -1000 -10 -0.62537
Pedestrian -1 -1 -10 951 1 1034 232-1 -1 -1 -1000 -1000 -1000 -10 -0.656654
Pedestrian -1 -1 -10 161 249 208 336-1 -1 -1 -1000 -1000 -1000 -10 -0.666972
Pedestrian -1 -1 -10 1007 98 1079 230-1 -1 -1 -1000 -1000 -1000 -10 -0.669728
Pedestrian -1 -1 -10 550 121 609 189-1 -1 -1 -1000 -1000 -1000 -10 -0.684031
Pedestrian -1 -1 -10 600 99 697 209-1 -1 -1 -1000 -1000 -1000 -10 -0.706318
Pedestrian -1 -1 -10 474 178 512 285-1 -1 -1 -1000 -1000 -1000 -10 -0.71882
Pedestrian -1 -1 -10 753 225 816 375-1 -1 -1 -1000 -1000 -1000 -10 -0.750064
Pedestrian -1 -1 -10 1035 128 1118 359-1 -1 -1 -1000 -1000 -1000 -10 -0.768725
Pedestrian -1 -1 -10 1 182 56 334-1 -1 -1 -1000 -1000 -1000 -10 -0.7876
Pedestrian -1 -1 -10 378 293 411 375-1 -1 -1 -1000 -1000 -1000 -10 -0.798719
Pedestrian -1 -1 -10 479 31 538 194-1 -1 -1 -1000 -1000 -1000 -10 -0.842949
Pedestrian -1 -1 -10 729 74 777 206-1 -1 -1 -1000 -1000 -1000 -10 -0.879784
Pedestrian -1 -1 -10 190 44 223 137-1 -1 -1 -1000 -1000 -1000 -10 -0.880759
Pedestrian -1 -1 -10 1110 1 1200 249-1 -1 -1 -1000 -1000 -1000 -10 -0.895819
Pedestrian -1 -1 -10 293 147 343 240-1 -1 -1 -1000 -1000 -1000 -10 -0.904325
Pedestrian -1 -1 -10 434 195 493 358-1 -1 -1 -1000 -1000 -1000 -10 -0.904659
Pedestrian -1 -1 -10 833 153 888 216-1 -1 -1 -1000 -1000 -1000 -10 -0.916757
Pedestrian -1 -1 -10 626 10 689 83-1 -1 -1 -1000 -1000 -1000 -10 -0.917322
Pedestrian -1 -1 -10 848 1 926 217-1 -1 -1 -1000 -1000 -1000 -10 -0.947248
Pedestrian -1 -1 -10 451 111 505 211-1 -1 -1 -1000 -1000 -1000 -10 -0.957096
Pedestrian -1 -1 -10 719 1 887 375-1 -1 -1 -1000 -1000 -1000 -10 -0.960719
Pedestrian -1 -1 -10 404 1 481 143-1 -1 -1 -1000 -1000 -1000 -10 -0.966232
Pedestrian -1 -1 -10 867 43 993 274-1 -1 -1 -1000 -1000 -1000 -10 -0.988289
