Pedestrian -1 -1 -10 255 46 314 209-1 -1 -1 -1000 -1000 -1000 -10 -0.42836
Pedestrian -1 -1 -10 1 244 74 327-1 -1 -1 -1000 -1000 -1000 -10 -0.727908
Pedestrian -1 -1 -10 1038 10 1088 103-1 -1 -1 -1000 -1000 -1000 -10 -0.757338
Pedestrian -1 -1 -10 387 130 441 230-1 -1 -1 -1000 -1000 -1000 -10 -0.818707
Pedestrian -1 -1 -10 956 61 1045 224-1 -1 -1 -1000 -1000 -1000 -10 -0.841203
Pedestrian -1 -1 -10 644 44 677 137-1 -1 -1 -1000 -1000 -1000 -10 -0.867613
Pedestrian -1 -1 -10 1184 181 1242 249-1 -1 -1 -1000 -1000 -1000 -10 -0.882224
Pedestrian -1 -1 -10 181 138 240 206-1 -1 -1 -1000 -1000 -1000 -10 -0.933991
Pedestrian -1 -1 -10 1081 35 1131 128-1 -1 -1 -1000 -1000 -1000 -10 -0.95997
Pedestrian -1 -1 -10 635 1 703 189-1 -1 -1 -1000 -1000 -1000 -10 -0.960485
Pedestrian -1 -1 -10 369 121 400 208-1 -1 -1 -1000 -1000 -1000 -10 -0.979567
