Pedestrian -1 -1 -10 64 244 137 327-1 -1 -1 -1000 -1000 -1000 -10 -0.628545
Pedestrian -1 -1 -10 183 74 255 206-1 -1 -1 -1000 -1000 -1000 -10 -0.706237
Pedestrian -1 -1 -10 377 121 408 208-1 -1 -1 -1000 -1000 -1000 -10 -0.719658
Pedestrian -1 -1 -10 505 145 552 232-1 -1 -1 -1000 -1000 -1000 -10 -0.77213
Pedestrian -1 -1 -10 43 238 126 375-1 -1 -1 -1000 -1000 -1000 -10 -0.786741
Pedestrian -1 -1 -10 1120 1 1161 116-1 -1 -1 -1000 -1000 -1000 -10 -0.829283
Pedestrian -1 -1 -10 341 102 377 202-1 -1 -1 -1000 -1000 -1000 -10 -0.844342
Pedestrian -1 -1 -10 169 233 224 296-1 -1 -1 -1000 -1000 -1000 -10 -0.860792
Pedestrian -1 -1 -10 571 130 634 203-1 -1 -1 -1000 -1000 -1000 -10 -0.894389
Pedestrian -1 -1 -10 1056 37 1104 169-1 -1 -1 -1000 -1000 -1000 -10 -0.926559
Pedestrian -1 -1 -10 120 75 156 175-1 -1 -1 -1000 -1000 -1000 -10 -0.935855
Pedestrian -1 -1 -10 441 121 472 208-1 -1 -1 -1000 -1000 -1000 -10 -0.963699
Pedestrian -1 -1 -10 689 113 736 200-1 -1 -1 -1000 -1000 -1000 -10 -0.9987
