Pedestrian -1 -1 -10 1203 70 1241 177-1 -1 -1 -1000 -1000 -1000 -10 0.267138
Pedestrian -1 -1 -10 1 98 49 230-1 -1 -1 -1000 -1000 -1000 -10 -0.29768
Pedestrian -1 -1 -10 223 12 264 127-1 -1 -1 -1000 -1000 -1000 -10 -0.333677
Pedestrian -1 -1 -10 1185 15 1240 167-1 -1 -1 -1000 -1000 -1000 -10 -0.4744
Pedestrian -1 -1 -10 941 31 1030 194-1 -1 -1 -1000 -1000 -1000 -10 -0.721204
Pedestrian -1 -1 -10 897 70 955 177-1 -1 -1 -1000 -1000 -1000 -10 -0.845555
Pedestrian -1 -1 -10 670 293 720 375-1 -1 -1 -1000 -1000 -1000 -10 -0.875969
Pedestrian -1 -1 -10 1084 306 1152 375-1 -1 -1 -1000 -1000 -1000 -10 -0.881886
Pedestrian -1 -1 -10 1021 250 1054 343-1 -1 -1 -1000 -1000 -1000 -10 -0.889805
Pedestrian -1 -1 -10 729 79 780 221-1 -1 -1 -1000 -1000 -1000 -10 -0.89783
Pedestrian -1 -1 -10 391 280 488 375-1 -1 -1 -1000 -1000 -1000 -10 -0.907027
Pedestrian -1 -1 -10 993 107 1055 222-1 -1 -1 -1000 -1000 -1000 -10 -0.9075
Pedestrian -1 -1 -10 924 105 975 247-1 -1 -1 -1000 -1000 -1000 -10 -0.929382
Pedestrian -1 -1 -10 861 46 928 169-1 -1 -1 -1000 -1000 -1000 -10 -0.943948
Pedestrian -1 -1 -10 545 105 576 192-1 -1 -1 -1000 -1000 -1000 -10 -0.944648
Pedestrian -1 -1 -10 767 1 850 153-1 -1 -1 -1000 -1000 -1000 -10 -0.947448
Pedestrian -1 -1 -10 378 120 441 193-1 -1 -1 -1000 -1000 -1000 -10 -0.958157
