Pedestrian -1 -1 -10 401 169 432 256-1 -1 -1 -1000 -1000 -1000 -10 -0.547584
Pedestrian -1 -1 -10 490 10 523 103-1 -1 -1 -1000 -1000 -1000 -10 -0.581226
Pedestrian -1 -1 -10 1 1 32 88-1 -1 -1 -1000 -1000 -1000 -10 -0.588387
Pedestrian -1 -1 -10 397 125 441 248-1 -1 -1 -1000 -1000 -1000 -10 -0.598636
Pedestrian -1 -1 -10 515 284 565 370-1 -1 -1 -1000 -1000 -1000 -10 -0.625875
Pedestrian -1 -1 -10 361 289 408 370-1 -1 -1 -1000 -1000 -1000 -10 -0.67563
Pedestrian -1 -1 -10 377 99 460 251-1 -1 -1 -1000 -1000 -1000 -10 -0.679317
Pedestrian -1 -1 -10 1141 1 1224 232-1 -1 -1 -1000 -1000 -1000 -10 -0.699197
Pedestrian -1 -1 -10 857 89 904 176-1 -1 -1 -1000 -1000 -1000 -10 -0.713225
Pedestrian -1 -1 -10 1117 147 1189 279-1 -1 -1 -1000 -1000 -1000 -10 -0.786803
Pedestrian -1 -1 -10 335 1 724 370-1 -1 -1 -1000 -1000 -1000 -10 -0.797241
Pedestrian -1 -1 -10 74 25 146 157-1 -1 -1 -1000 -1000 -1000 -10 -0.817114
Pedestrian -1 -1 -10 169 17 224 80-1 -1 -1 -1000 -1000 -1000 -10 -0.836516
Pedestrian -1 -1 -10 1 1 79 217-1 -1 -1 -1000 -1000 -1000 -10 -0.867061
Pedestrian -1 -1 -10 138 1 211 84-1 -1 -1 -1000 -1000 -1000 -10 -0.895667
Pedestrian -1 -1 -10 284 95 334 188-1 -1 -1 -1000 -1000 -1000 -10 -0.905563
Pedestrian -1 -1 -10 849 97 912 272-1 -1 -1 -1000 -1000 -1000 -10 -0.908971
Pedestrian -1 -1 -10 292 134 340 266-1 -1 -1 -1000 -1000 -1000 -10 -0.954972
Pedestrian -1 -1 -10 1185 289 1216 370-1 -1 -1 -1000 -1000 -1000 -10 -0.956124
Pedestrian -1 -1 -10 1073 215 1132 283-1 -1 -1 -1000 -1000 -1000 -10 -0.956512
