Pedestrian -1 -1 -10 1021 130 1054 223-1 -1 -1 -1000 -1000 -1000 -10 0.297023
Pedestrian -1 -1 -10 608 93 736 239-1 -1 -1 -1000 -1000 -1000 -10 -0.436339
Pedestrian -1 -1 -10 216 80 260 203-1 -1 -1 -1000 -1000 -1000 -10 -0.504196
Pedestrian -1 -1 -10 725 103 803 193-1 -1 -1 -1000 -1000 -1000 -10 -0.524807
Pedestrian -1 -1 -10 370 180 411 295-1 -1 -1 -1000 -1000 -1000 -10 -0.581924
Pedestrian -1 -1 -10 304 13 388 109-1 -1 -1 -1000 -1000 -1000 -10 -0.726428
Pedestrian -1 -1 -10 986 99 1024 206-1 -1 -1 -1000 -1000 -1000 -10 -0.762853
Pedestrian -1 -1 -10 313 53 416 338-1 -1 -1 -1000 -1000 -1000 -10 -0.890379
Pedestrian -1 -1 -10 850 95 883 188-1 -1 -1 -1000 -1000 -1000 -10 -0.890943
Pedestrian -1 -1 -10 190 87 309 223-1 -1 -1 -1000 -1000 -1000 -10 -0.89852
Pedestrian -1 -1 -10 18 138 51 231-1 -1 -1 -1000 -1000 -1000 -10 -0.98234
