Pedestrian -1 -1 -10 737 49 784 136-1 -1 -1 -1000 -1000 -1000 -10 -0.521847
Pedestrian -1 -1 -10 1116 78 1149 171-1 -1 -1 -1000 -1000 -1000 -10 -0.545178
Pedestrian -1 -1 -10 64 12 105 127-1 -1 -1 -1000 -1000 -1000 -10 -0.579684
Pedestrian -1 -1 -10 265 43 338 126-1 -1 -1 -1000 -1000 -1000 -10 -0.61606
Pedestrian -1 -1 -10 1014 1 1055 116-1 -1 -1 -1000 -1000 -1000 -10 -0.645816
Pedestrian -1 -1 -10 651 53 728 195-1 -1 -1 -1000 -1000 -1000 -10 -0.673024
Pedestrian -1 -1 -10 865 29 920 181-1 -1 -1 -1000 -1000 -1000 -10 -0.704397
Pedestrian -1 -1 -10 962 15 1017 167-1 -1 -1 -1000 -1000 -1000 -10 -0.706942
Pedestrian -1 -1 -10 888 22 971 253-1 -1 -1 -1000 -1000 -1000 -10 -0.728114
Pedestrian -1 -1 -10 817 17 864 104-1 -1 -1 -1000 -1000 -1000 -10 -0.731907
Pedestrian -1 -1 -10 947 1 1025 217-1 -1 -1 -1000 -1000 -1000 -10 -0.733497
Pedestrian -1 -1 -10 756 293 806 375-1 -1 -1 -1000 -1000 -1000 -10 -0.745291
Pedestrian -1 -1 -10 838 80 876 187-1 -1 -1 -1000 -1000 -1000 -10 -0.763148
Pedestrian -1 -1 -10 327 70 360 163-1 -1 -1 -1000 -1000 -1000 -10 -0.771482
Pedestrian -1 -1 -10 454 80 498 203-1 -1 -1 -1000 -1000 -1000 -10 -0.825077
Pedestrian -1 -1 -10 318 1 408 249-1 -1 -1 -1000 -1000 -1000 -10 -0.879965
Pedestrian -1 -1 -10 13 1 61 133-1 -1 -1 -1000 -1000 -1000 -10 -0.890509
Pedestrian -1 -1 -10 702 114 780 204-1 -1 -1 -1000 -1000 -1000 -10 -0.91089
Pedestrian -1 -1 -10 823 280 920 375-1 -1 -1 -1000 -1000 -1000 -10 -0.916817
Pedestrian -1 -1 -10 631 1 748 217-1 -1 -1 -1000 -1000 -1000 -10 -0.917105
Pedestrian -1 -1 -10 493 90 531 197-1 -1 -1 -1000 -1000 -1000 -10 -0.922891
Pedestrian -1 -1 -10 195 1 298 119-1 -1 -1 -1000 -1000 -1000 -10 -0.945514
Pedestrian -1 -1 -10 402 75 464 190-1 -1 -1 -1000 -1000 -1000 -10 -0.986064
Pedestrian -1 -1 -10 114 125 192 215-1 -1 -1 -1000 -1000 -1000 -10 -0.991338
