Pedestrian -1 -1 -10 1 105 56 168-1 -1 -1 -1000 -1000 -1000 -10 -0.608707
Pedestrian -1 -1 -10 1197 118 1242 260-1 -1 -1 -1000 -1000 -1000 -10 -0.724933
Pedestrian -1 -1 -10 495 118 585 221-1 -1 -1 -1000 -1000 -1000 -10 -0.791534
Pedestrian -1 -1 -10 1098 78 1157 146-1 -1 -1 -1000 -1000 -1000 -10 -0.82202
Pedestrian -1 -1 -10 919 159 992 242-1 -1 -1 -1000 -1000 -1000 -10 -0.874005
Pedestrian -1 -1 -10 719 64 866 232-1 -1 -1 -1000 -1000 -1000 -10 -0.890404
Pedestrian -1 -1 -10 883 1 1040 181-1 -1 -1 -1000 -1000 -1000 -10 -0.896733
Pedestrian -1 -1 -10 56 56 110 156-1 -1 -1 -1000 -1000 -1000 -10 -0.904367
Pedestrian -1 -1 -10 10 138 43 231-1 -1 -1 -1000 -1000 -1000 -10 -0.945732
Pedestrian -1 -1 -10 893 1 1029 375-1 -1 -1 -1000 -1000 -1000 -10 -0.95315
Pedestrian -1 -1 -10 841 65 896 128-1 -1 -1 -1000 -1000 -1000 -10 -0.979583
Pedestrian -1 -1 -10 609 113 640 200-1 -1 -1 -1000 -1000 -1000 -10 -0.981159
Pedestrian -1 -1 -10 10 111 64 211-1 -1 -1 -1000 -1000 -1000 -10 -0.995688
