Pedestrian -1 -1 -10 27 147 60 240-1 -1 -1 -1000 -1000 -1000 -10 -0.418212
Pedestrian -1 -1 -10 523 61 582 224-1 -1 -1 -1000 -1000 -1000 -10 -0.62299
Pedestrian -1 -1 -10 753 321 808 375-1 -1 -1 -1000 -1000 -1000 -10 -0.723061
Pedestrian -1 -1 -10 791 304 854 375-1 -1 -1 -1000 -1000 -1000 -10 -0.776395
Pedestrian -1 -1 -10 306 237 344 344-1 -1 -1 -1000 -1000 -1000 -10 -0.780122
Pedestrian -1 -1 -10 810 111 846 211-1 -1 -1 -1000 -1000 -1000 -10 -0.796531
Pedestrian -1 -1 -10 1 275 42 375-1 -1 -1 -1000 -1000 -1000 -10 -0.816273
Pedestrian -1 -1 -10 927 1 1045 328-1 -1 -1 -1000 -1000 -1000 -10 -0.853037
Pedestrian -1 -1 -10 837 46 896 209-1 -1 -1 -1000 -1000 -1000 -10 -0.87917
Pedestrian -1 -1 -10 10 190 43 283-1 -1 -1 -1000 -1000 -1000 -10 -0.900946
Pedestrian -1 -1 -10 1 54 74 137-1 -1 -1 -1000 -1000 -1000 -10 -0.928623
Pedestrian -1 -1 -10 669 137 713 260-1 -1 -1 -1000 -1000 -1000 -10 -0.939139
Pedestrian -1 -1 -10 657 1 720 176-1 -1 -1 -1000 -1000 -1000 -10 -0.956781
Pedestrian -1 -1 -10 736 1 956 375-1 -1 -1 -1000 -1000 -1000 -10 -0.978564
Pedestrian -1 -1 -10 677 180 750 263-1 -1 -1 -1000 -1000 -1000 -10 -0.986873
