Pedestrian -1 -1 -10 833 66 884 208-1 -1 -1 -1000 -1000 -1000 -10 -0.613112
Pedestrian -1 -1 -10 430 181 489 249-1 -1 -1 -1000 -1000 -1000 -10 -0.709108
Pedestrian -1 -1 -10 443 1 624 208-1 -1 -1 -1000 -1000 -1000 -10 -0.726399
Pedestrian -1 -1 -10 1106 1 1157 143-1 -1 -1 -1000 -1000 -1000 -10 -0.749728
Pedestrian -1 -1 -10 183 183 364 375-1 -1 -1 -1000 -1000 -1000 -10 -0.772959
Pedestrian -1 -1 -10 375 139 433 246-1 -1 -1 -1000 -1000 -1000 -10 -0.815501
Pedestrian -1 -1 -10 753 29 808 181-1 -1 -1 -1000 -1000 -1000 -10 -0.90517
Pedestrian -1 -1 -10 1104 1 1182 217-1 -1 -1 -1000 -1000 -1000 -10 -0.940387
Pedestrian -1 -1 -10 924 1 975 143-1 -1 -1 -1000 -1000 -1000 -10 -0.951792
Pedestrian -1 -1 -10 1065 21 1123 128-1 -1 -1 -1000 -1000 -1000 -10 -0.963355
Pedestrian -1 -1 -10 326 139 394 217-1 -1 -1 -1000 -1000 -1000 -10 -0.980775
