Pedestrian -1 -1 -10 172 104 240 292-1 -1 -1 -1000 -1000 -1000 -10 0.064641
Pedestrian -1 -1 -10 996 181 1046 274-1 -1 -1 -1000 -1000 -1000 -10 -0.293976
Pedestrian -1 -1 -10 631 1 669 108-1 -1 -1 -1000 -1000 -1000 -10 -0.338569
Pedestrian -1 -1 -10 544 114 588 237-1 -1 -1 -1000 -1000 -1000 -10 -0.354546
Pedestrian -1 -1 -10 196 1 247 143-1 -1 -1 -1000 -1000 -1000 -10 -0.446488
Pedestrian -1 -1 -10 244 149 285 264-1 -1 -1 -1000 -1000 -1000 -10 -0.49183
Pedestrian -1 -1 -10 129 65 240 192-1 -1 -1 -1000 -1000 -1000 -10 -0.49969
Pedestrian -1 -1 -10 1 113 64 288-1 -1 -1 -1000 -1000 -1000 -10 -0.510352
Pedestrian -1 -1 -10 241 10 300 78-1 -1 -1 -1000 -1000 -1000 -10 -0.577741
Pedestrian -1 -1 -10 516 71 571 223-1 -1 -1 -1000 -1000 -1000 -10 -0.585196
Pedestrian -1 -1 -10 1090 147 1140 240-1 -1 -1 -1000 -1000 -1000 -10 -0.593688
Pedestrian -1 -1 -10 150 1 328 328-1 -1 -1 -1000 -1000 -1000 -10 -0.647759
Pedestrian -1 -1 -10 993 313 1056 375-1 -1 -1 -1000 -1000 -1000 -10 -0.711372
Pedestrian -1 -1 -10 295 1 368 202-1 -1 -1 -1000 -1000 -1000 -10 -0.712364
Pedestrian -1 -1 -10 41 113 96 176-1 -1 -1 -1000 -1000 -1000 -10 -0.73531
Pedestrian -1 -1 -10 986 1 1045 164-1 -1 -1 -1000 -1000 -1000 -10 -0.750273
Pedestrian -1 -1 -10 513 1 670 375-1 -1 -1 -1000 -1000 -1000 -10 -0.753337
Pedestrian -1 -1 -10 873 145 920 232-1 -1 -1 -1000 -1000 -1000 -10 -0.775594
Pedestrian -1 -1 -10 785 321 840 375-1 -1 -1 -1000 -1000 -1000 -10 -0.781965
Pedestrian -1 -1 -10 1163 1 1241 217-1 -1 -1 -1000 -1000 -1000 -10 -0.807991
Pedestrian -1 -1 -10 1159 241 1209 334-1 -1 -1 -1000 -1000 -1000 -10 -0.814014
Pedestrian -1 -1 -10 1090 224 1149 292-1 -1 -1 -1000 -1000 -1000 -10 -0.84904
Pedestrian -1 -1 -10 27 27 182 312-1 -1 -1 -1000 -1000 -1000 -10 -0.873369
Pedestrian -1 -1 -10 909 1 982 84-1 -1 -1 -1000 -1000 -1000 -10 -0.879622
Pedestrian -1 -1 -10 1209 321 1240 375-1 -1 -1 -1000 -1000 -1000 -10 -0.928451
Pedestrian -1 -1 -10 1015 287 1105 375-1 -1 -1 -1000 -1000 -1000 -10 -0.93003
Pedestrian -1 -1 -10 865 9 912 96-1 -1 -1 -1000 -1000 -1000 -10 -0.940774
Pedestrian -1 -1 -10 957 194 993 294-1 -1 -1 -1000 -1000 -1000 -10 -0.941891
Pedestrian -1 -1 -10 1106 131 1196 234-1 -1 -1 -1000 -1000 -1000 -10 -0.955236
Pedestrian -1 -1 -10 1076 19 1112 119-1 -1 -1 -1000 -1000 -1000 -10 -0.961354
Pedestrian -1 -1 -10 1124 293 1174 375-1 -1 -1 -1000 -1000 -1000 -10 -0.961668
Pedestrian -1 -1 -10 779 1 817 108-1 -1 -1 -1000 -1000 -1000 -10 -0.983747
Pedestrian -1 -1 -10 1078 43 1151 126-1 -1 -1 -1000 -1000 -1000 -10 -0.991724
Pedestrian -1 -1 -10 1076 194 1139 267-1 -1 -1 -1000 -1000 -1000 -10 -0.992033
