Pedestrian -1 -1 -10 64 75 105 190-1 -1 -1 -1000 -1000 -1000 -10 -0.40286
Pedestrian -1 -1 -10 644 147 677 240-1 -1 -1 -1000 -1000 -1000 -10 -0.518495
Pedestrian -1 -1 -10 250 69 294 192-1 -1 -1 -1000 -1000 -1000 -10 -0.567161
Pedestrian -1 -1 -10 205 1 295 249-1 -1 -1 -1000 -1000 -1000 -10 -0.650787
Pedestrian -1 -1 -10 21 1 99 217-1 -1 -1 -1000 -1000 -1000 -10 -0.654375
Pedestrian -1 -1 -10 558 121 591 214-1 -1 -1 -1000 -1000 -1000 -10 -0.750037
Pedestrian -1 -1 -10 1209 241 1240 328-1 -1 -1 -1000 -1000 -1000 -10 -0.810287
Pedestrian -1 -1 -10 1157 280 1242 375-1 -1 -1 -1000 -1000 -1000 -10 -0.817451
Pedestrian -1 -1 -10 460 1 533 202-1 -1 -1 -1000 -1000 -1000 -10 -0.85086
Pedestrian -1 -1 -10 1064 224 1097 317-1 -1 -1 -1000 -1000 -1000 -10 -0.863615
Pedestrian -1 -1 -10 1106 287 1196 375-1 -1 -1 -1000 -1000 -1000 -10 -0.864765
Pedestrian -1 -1 -10 361 52 480 188-1 -1 -1 -1000 -1000 -1000 -10 -0.867266
Pedestrian -1 -1 -10 65 233 120 296-1 -1 -1 -1000 -1000 -1000 -10 -0.867926
Pedestrian -1 -1 -10 170 64 211 179-1 -1 -1 -1000 -1000 -1000 -10 -0.876166
Pedestrian -1 -1 -10 837 1 891 101-1 -1 -1 -1000 -1000 -1000 -10 -0.883451
Pedestrian -1 -1 -10 58 227 136 317-1 -1 -1 -1000 -1000 -1000 -10 -0.888022
Pedestrian -1 -1 -10 145 49 256 176-1 -1 -1 -1000 -1000 -1000 -10 -0.898564
Pedestrian -1 -1 -10 638 144 689 286-1 -1 -1 -1000 -1000 -1000 -10 -0.921517
Pedestrian -1 -1 -10 927 112 986 180-1 -1 -1 -1000 -1000 -1000 -10 -0.924609
Pedestrian -1 -1 -10 561 113 672 240-1 -1 -1 -1000 -1000 -1000 -10 -0.925533
Pedestrian -1 -1 -10 1217 121 1242 208-1 -1 -1 -1000 -1000 -1000 -10 -0.929036
Pedestrian -1 -1 -10 657 97 704 184-1 -1 -1 -1000 -1000 -1000 -10 -0.984507
