Pedestrian -1 -1 -10 971 74 1067 340-1 -1 -1 -1000 -1000 -1000 -10 -0.000939846
Pedestrian -1 -1 -10 465 33 512 120-1 -1 -1 -1000 -1000 -1000 -10 -0.0474687
Pedestrian -1 -1 -10 1057 201 1104 288-1 -1 -1 -1000 -1000 -1000 -10 -0.217034
Pedestrian -1 -1 -10 190 95 249 163-1 -1 -1 -1000 -1000 -1000 -10 -0.639722
Pedestrian -1 -1 -10 800 93 863 166-1 -1 -1 -1000 -1000 -1000 -10 -0.757775
Pedestrian -1 -1 -10 180 16 239 179-1 -1 -1 -1000 -1000 -1000 -10 -0.796564
Pedestrian -1 -1 -10 687 138 720 231-1 -1 -1 -1000 -1000 -1000 -10 -0.805434
Pedestrian -1 -1 -10 849 89 880 176-1 -1 -1 -1000 -1000 -1000 -10 -0.825366
Pedestrian -1 -1 -10 404 130 463 198-1 -1 -1 -1000 -1000 -1000 -10 -0.831769
Pedestrian -1 -1 -10 582 119 650 197-1 -1 -1 -1000 -1000 -1000 -10 -0.900381
Pedestrian -1 -1 -10 81 113 136 176-1 -1 -1 -1000 -1000 -1000 -10 -0.918189
Pedestrian -1 -1 -10 134 50 206 182-1 -1 -1 -1000 -1000 -1000 -10 -0.920206
Pedestrian -1 -1 -10 166 1 275 202-1 -1 -1 -1000 -1000 -1000 -10 -0.939792
Pedestrian -1 -1 -10 1045 80 1123 296-1 -1 -1 -1000 -1000 -1000 -10 -0.949607
Pedestrian -1 -1 -10 304 1 367 74-1 -1 -1 -1000 -1000 -1000 -10 -0.961079
Pedestrian -1 -1 -10 75 139 138 212-1 -1 -1 -1000 -1000 -1000 -10 -0.982587
Pedestrian -1 -1 -10 657 97 704 184-1 -1 -1 -1000 -1000 -1000 -10 -0.998757
