Pedestrian -1 -1 -10 753 225 784 312-1 -1 -1 -1000 -1000 -1000 -10 0.535886
Pedestrian -1 -1 -10 1150 52 1218 240-1 -1 -1 -1000 -1000 -1000 -10 -0.454209
Pedestrian -1 -1 -10 180 31 269 194-1 -1 -1 -1000 -1000 -1000 -10 -0.555065
Pedestrian -1 -1 -10 769 40 906 197-1 -1 -1 -1000 -1000 -1000 -10 -0.709208
Pedestrian -1 -1 -10 413 110 485 242-1 -1 -1 -1000 -1000 -1000 -10 -0.807162
Pedestrian -1 -1 -10 180 31 358 358-1 -1 -1 -1000 -1000 -1000 -10 -0.873207
Pedestrian -1 -1 -10 1227 233 1242 326-1 -1 -1 -1000 -1000 -1000 -10 -0.885129
Pedestrian -1 -1 -10 1002 131 1079 273-1 -1 -1 -1000 -1000 -1000 -10 -0.905468
Pedestrian -1 -1 -10 1104 90 1142 197-1 -1 -1 -1000 -1000 -1000 -10 -0.919271
Pedestrian -1 -1 -10 1114 159 1182 237-1 -1 -1 -1000 -1000 -1000 -10 -0.928797
Pedestrian -1 -1 -10 328 54 401 137-1 -1 -1 -1000 -1000 -1000 -10 -0.955899
Pedestrian -1 -1 -10 801 122 970 315-1 -1 -1 -1000 -1000 -1000 -10 -0.961843
Pedestrian -1 -1 -10 718 75 754 175-1 -1 -1 -1000 -1000 -1000 -10 -0.993556
