Pedestrian -1 -1 -10 628 1 711 153-1 -1 -1 -1000 -1000 -1000 -10 -0.0786958
Pedestrian -1 -1 -10 825 105 872 192-1 -1 -1 -1000 -1000 -1000 -10 -0.688026
Pedestrian -1 -1 -10 641 129 672 216-1 -1 -1 -1000 -1000 -1000 -10 -0.708508
Pedestrian -1 -1 -10 755 29 791 129-1 -1 -1 -1000 -1000 -1000 -10 -0.782508
Pedestrian -1 -1 -10 770 92 848 182-1 -1 -1 -1000 -1000 -1000 -10 -0.826394
Pedestrian -1 -1 -10 401 201 456 264-1 -1 -1 -1000 -1000 -1000 -10 -0.834492
Pedestrian -1 -1 -10 550 138 789 375-1 -1 -1 -1000 -1000 -1000 -10 -0.891247
Pedestrian -1 -1 -10 1165 195 1242 291-1 -1 -1 -1000 -1000 -1000 -10 -0.904933
Pedestrian -1 -1 -10 976 1 1031 153-1 -1 -1 -1000 -1000 -1000 -10 -0.919398
Pedestrian -1 -1 -10 865 1 928 176-1 -1 -1 -1000 -1000 -1000 -10 -0.971313
Pedestrian -1 -1 -10 762 91 821 254-1 -1 -1 -1000 -1000 -1000 -10 -0.978873
Pedestrian -1 -1 -10 612 1 747 249-1 -1 -1 -1000 -1000 -1000 -10 -0.990833
