Pedestrian -1 -1 -10 635 95 668 188-1 -1 -1 -1000 -1000 -1000 -10 -0.606651
Pedestrian -1 -1 -10 799 21 837 128-1 -1 -1 -1000 -1000 -1000 -10 -0.700157
Pedestrian -1 -1 -10 589 103 667 193-1 -1 -1 -1000 -1000 -1000 -10 -0.732772
Pedestrian -1 -1 -10 901 318 960 375-1 -1 -1 -1000 -1000 -1000 -10 -0.745543
Pedestrian -1 -1 -10 1177 122 1225 254-1 -1 -1 -1000 -1000 -1000 -10 -0.749885
Pedestrian -1 -1 -10 1065 1 1222 375-1 -1 -1 -1000 -1000 -1000 -10 -0.776262
Pedestrian -1 -1 -10 953 97 1008 160-1 -1 -1 -1000 -1000 -1000 -10 -0.841227
Pedestrian -1 -1 -10 911 1 988 143-1 -1 -1 -1000 -1000 -1000 -10 -0.857507
Pedestrian -1 -1 -10 222 40 273 182-1 -1 -1 -1000 -1000 -1000 -10 -0.867214
Pedestrian -1 -1 -10 21 99 89 177-1 -1 -1 -1000 -1000 -1000 -10 -0.877956
Pedestrian -1 -1 -10 353 81 400 168-1 -1 -1 -1000 -1000 -1000 -10 -0.927599
Pedestrian -1 -1 -10 305 1 336 88-1 -1 -1 -1000 -1000 -1000 -10 -0.9533
Pedestrian -1 -1 -10 341 286 395 375-1 -1 -1 -1000 -1000 -1000 -10 -0.963003
Pedestrian -1 -1 -10 782 1 818 101-1 -1 -1 -1000 -1000 -1000 -10 -0.975057
Pedestrian -1 -1 -10 583 91 672 254-1 -1 -1 -1000 -1000 -1000 -10 -0.998339
