Pedestrian -1 -1 -10 541 121 574 214-1 -1 -1 -1000 -1000 -1000 -10 -0.20556
Pedestrian -1 -1 -10 207 138 240 231-1 -1 -1 -1000 -1000 -1000 -10 -0.567898
Pedestrian -1 -1 -10 850 103 894 226-1 -1 -1 -1000 -1000 -1000 -10 -0.650705
Pedestrian -1 -1 -10 789 119 827 226-1 -1 -1 -1000 -1000 -1000 -10 -0.668351
Pedestrian -1 -1 -10 462 25 558 291-1 -1 -1 -1000 -1000 -1000 -10 -0.688885
Pedestrian -1 -1 -10 1039 313 1102 375-1 -1 -1 -1000 -1000 -1000 -10 -0.694414
Pedestrian -1 -1 -10 653 111 689 211-1 -1 -1 -1000 -1000 -1000 -10 -0.708792
Pedestrian -1 -1 -10 341 130 377 230-1 -1 -1 -1000 -1000 -1000 -10 -0.742228
Pedestrian -1 -1 -10 759 92 803 215-1 -1 -1 -1000 -1000 -1000 -10 -0.854651
Pedestrian -1 -1 -10 170 105 247 247-1 -1 -1 -1000 -1000 -1000 -10 -0.88958
Pedestrian -1 -1 -10 1 91 60 254-1 -1 -1 -1000 -1000 -1000 -10 -0.91141
Pedestrian -1 -1 -10 1113 313 1176 375-1 -1 -1 -1000 -1000 -1000 -10 -0.964012
Pedestrian -1 -1 -10 1 50 340 375-1 -1 -1 -1000 -1000 -1000 -10 -0.964094
