Pedestrian -1 -1 -10 947 1 1005 108-1 -1 -1 -1000 -1000 -1000 -10 0.0398884
Pedestrian -1 -1 -10 934 1 1017 153-1 -1 -1 -1000 -1000 -1000 -10 -0.308405
Pedestrian -1 -1 -10 1209 193 1238 280-1 -1 -1 -1000 -1000 -1000 -10 -0.506341
Pedestrian -1 -1 -10 569 81 600 168-1 -1 -1 -1000 -1000 -1000 -10 -0.734299
Pedestrian -1 -1 -10 626 19 662 119-1 -1 -1 -1000 -1000 -1000 -10 -0.751534
Pedestrian -1 -1 -10 718 38 791 239-1 -1 -1 -1000 -1000 -1000 -10 -0.766613
Pedestrian -1 -1 -10 923 1 1068 267-1 -1 -1 -1000 -1000 -1000 -10 -0.817099
Pedestrian -1 -1 -10 1169 97 1232 272-1 -1 -1 -1000 -1000 -1000 -10 -0.842141
Pedestrian -1 -1 -10 1210 27 1238 169-1 -1 -1 -1000 -1000 -1000 -10 -0.84725
Pedestrian -1 -1 -10 850 147 898 279-1 -1 -1 -1000 -1000 -1000 -10 -0.865587
Pedestrian -1 -1 -10 598 165 701 283-1 -1 -1 -1000 -1000 -1000 -10 -0.887615
Pedestrian -1 -1 -10 401 81 432 168-1 -1 -1 -1000 -1000 -1000 -10 -0.893554
Pedestrian -1 -1 -10 690 50 728 157-1 -1 -1 -1000 -1000 -1000 -10 -0.914749
Pedestrian -1 -1 -10 793 92 860 215-1 -1 -1 -1000 -1000 -1000 -10 -0.936295
Pedestrian -1 -1 -10 1141 10 1191 103-1 -1 -1 -1000 -1000 -1000 -10 -0.93781
Pedestrian -1 -1 -10 598 1 701 119-1 -1 -1 -1000 -1000 -1000 -10 -0.95439
Pedestrian -1 -1 -10 1 1 34 94-1 -1 -1 -1000 -1000 -1000 -10 -0.958591
Pedestrian -1 -1 -10 73 73 104 160-1 -1 -1 -1000 -1000 -1000 -10 -0.994464
