Pedestrian -1 -1 -10 29 102 65 202-1 -1 -1 -1000 -1000 -1000 -10 -0.283803
Pedestrian -1 -1 -10 529 43 570 158-1 -1 -1 -1000 -1000 -1000 -10 -0.382623
Pedestrian -1 -1 -10 114 92 158 215-1 -1 -1 -1000 -1000 -1000 -10 -0.428529
Pedestrian -1 -1 -10 1049 1 1122 202-1 -1 -1 -1000 -1000 -1000 -10 -0.527658
Pedestrian -1 -1 -10 865 99 920 251-1 -1 -1 -1000 -1000 -1000 -10 -0.578165
Pedestrian -1 -1 -10 822 76 881 239-1 -1 -1 -1000 -1000 -1000 -10 -0.589406
Pedestrian -1 -1 -10 327 1 360 94-1 -1 -1 -1000 -1000 -1000 -10 -0.592542
Pedestrian -1 -1 -10 86 292 170 375-1 -1 -1 -1000 -1000 -1000 -10 -0.625957
Pedestrian -1 -1 -10 663 19 772 220-1 -1 -1 -1000 -1000 -1000 -10 -0.661332
Pedestrian -1 -1 -10 443 66 494 208-1 -1 -1 -1000 -1000 -1000 -10 -0.764802
Pedestrian -1 -1 -10 1141 286 1214 369-1 -1 -1 -1000 -1000 -1000 -10 -0.770055
Pedestrian -1 -1 -10 137 41 184 128-1 -1 -1 -1000 -1000 -1000 -10 -0.843138
Pedestrian -1 -1 -10 424 1 497 202-1 -1 -1 -1000 -1000 -1000 -10 -0.847804
Pedestrian -1 -1 -10 9 145 40 232-1 -1 -1 -1000 -1000 -1000 -10 -0.851345
Pedestrian -1 -1 -10 33 17 96 192-1 -1 -1 -1000 -1000 -1000 -10 -0.856509
Pedestrian -1 -1 -10 91 16 150 179-1 -1 -1 -1000 -1000 -1000 -10 -0.880814
Pedestrian -1 -1 -10 963 1 1066 286-1 -1 -1 -1000 -1000 -1000 -10 -0.91897
Pedestrian -1 -1 -10 1 92 45 215-1 -1 -1 -1000 -1000 -1000 -10 -0.959759
Pedestrian -1 -1 -10 385 33 448 208-1 -1 -1 -1000 -1000 -1000 -10 -0.994996
