Pedestrian -1 -1 -10 377 168 432 320-1 -1 -1 -1000 -1000 -1000 -10 1.15384
Pedestrian -1 -1 -10 360 149 443 374-1 -1 -1 -1000 -1000 -1000 -10 0.322972
Pedestrian -1 -1 -10 1009 145 1104 320-1 -1 -1 -1000 -1000 -1000 -10 -0.0446358
Pedestrian -1 -1 -10 1016 120 1194 374-1 -1 -1 -1000 -1000 -1000 -10 -0.284306
Pedestrian -1 -1 -10 464 78 523 146-1 -1 -1 -1000 -1000 -1000 -10 -0.410337
Pedestrian -1 -1 -10 917 70 975 177-1 -1 -1 -1000 -1000 -1000 -10 -0.426624
Pedestrian -1 -1 -10 307 140 473 374-1 -1 -1 -1000 -1000 -1000 -10 -0.659098
Pedestrian -1 -1 -10 521 177 552 264-1 -1 -1 -1000 -1000 -1000 -10 -0.668011
Pedestrian -1 -1 -10 910 70 978 258-1 -1 -1 -1000 -1000 -1000 -10 -0.723688
Pedestrian -1 -1 -10 625 1 656 88-1 -1 -1 -1000 -1000 -1000 -10 -0.934356
Pedestrian -1 -1 -10 363 1 543 374-1 -1 -1 -1000 -1000 -1000 -10 -0.991231
