Pedestrian -1 -1 -10 280 71 377 181-1 -1 -1 -1000 -1000 -1000 -10 -0.4656
Pedestrian -1 -1 -10 552 130 615 203-1 -1 -1 -1000 -1000 -1000 -10 -0.569181
Pedestrian -1 -1 -10 577 1 632 64-1 -1 -1 -1000 -1000 -1000 -10 -0.595028
Pedestrian -1 -1 -10 321 1 352 88-1 -1 -1 -1000 -1000 -1000 -10 -0.609294
Pedestrian -1 -1 -10 626 130 662 230-1 -1 -1 -1000 -1000 -1000 -10 -0.628325
Pedestrian -1 -1 -10 378 176 432 276-1 -1 -1 -1000 -1000 -1000 -10 -0.658027
Pedestrian -1 -1 -10 1 171 49 303-1 -1 -1 -1000 -1000 -1000 -10 -0.668784
Pedestrian -1 -1 -10 1168 203 1222 303-1 -1 -1 -1000 -1000 -1000 -10 -0.719586
Pedestrian -1 -1 -10 442 103 486 226-1 -1 -1 -1000 -1000 -1000 -10 -0.722797
Pedestrian -1 -1 -10 474 25 522 157-1 -1 -1 -1000 -1000 -1000 -10 -0.725654
Pedestrian -1 -1 -10 1141 102 1195 202-1 -1 -1 -1000 -1000 -1000 -10 -0.736261
Pedestrian -1 -1 -10 16 210 75 373-1 -1 -1 -1000 -1000 -1000 -10 -0.74256
Pedestrian -1 -1 -10 795 99 878 251-1 -1 -1 -1000 -1000 -1000 -10 -0.750544
Pedestrian -1 -1 -10 644 10 703 78-1 -1 -1 -1000 -1000 -1000 -10 -0.772589
Pedestrian -1 -1 -10 1141 107 1224 338-1 -1 -1 -1000 -1000 -1000 -10 -0.776302
Pedestrian -1 -1 -10 434 1 512 217-1 -1 -1 -1000 -1000 -1000 -10 -0.781953
Pedestrian -1 -1 -10 1 1 448 375-1 -1 -1 -1000 -1000 -1000 -10 -0.819107
Pedestrian -1 -1 -10 1106 1 1224 328-1 -1 -1 -1000 -1000 -1000 -10 -0.908317
Pedestrian -1 -1 -10 1185 313 1240 375-1 -1 -1 -1000 -1000 -1000 -10 -0.924964
Pedestrian -1 -1 -10 544 85 599 237-1 -1 -1 -1000 -1000 -1000 -10 -0.937627
Pedestrian -1 -1 -10 470 286 524 375-1 -1 -1 -1000 -1000 -1000 -10 -0.940834
Pedestrian -1 -1 -10 592 1 749 375-1 -1 -1 -1000 -1000 -1000 -10 -0.947556
Pedestrian -1 -1 -10 488 120 551 193-1 -1 -1 -1000 -1000 -1000 -10 -0.95167
Pedestrian -1 -1 -10 677 1 845 375-1 -1 -1 -1000 -1000 -1000 -10 -0.970218
