Pedestrian -1 -1 -10 937 21 975 128-1 -1 -1 -1000 -1000 -1000 -10 -0.496478
Pedestrian -1 -1 -10 791 10 827 110-1 -1 -1 -1000 -1000 -1000 -10 -0.580907
Pedestrian -1 -1 -10 1014 43 1242 375-1 -1 -1 -1000 -1000 -1000 -10 -0.594584
Pedestrian -1 -1 -10 505 89 536 176-1 -1 -1 -1000 -1000 -1000 -10 -0.651856
Pedestrian -1 -1 -10 985 209 1032 296-1 -1 -1 -1000 -1000 -1000 -10 -0.730552
Pedestrian -1 -1 -10 10 1 43 94-1 -1 -1 -1000 -1000 -1000 -10 -0.771749
Pedestrian -1 -1 -10 927 1 986 164-1 -1 -1 -1000 -1000 -1000 -10 -0.881157
Pedestrian -1 -1 -10 1 65 64 240-1 -1 -1 -1000 -1000 -1000 -10 -0.884634
Pedestrian -1 -1 -10 996 1 1029 94-1 -1 -1 -1000 -1000 -1000 -10 -0.890971
Pedestrian -1 -1 -10 119 119 177 226-1 -1 -1 -1000 -1000 -1000 -10 -0.944433
Pedestrian -1 -1 -10 391 57 474 209-1 -1 -1 -1000 -1000 -1000 -10 -0.952269
Pedestrian -1 -1 -10 148 75 184 175-1 -1 -1 -1000 -1000 -1000 -10 -0.982514
Pedestrian -1 -1 -10 1 1 224 256-1 -1 -1 -1000 -1000 -1000 -10 -0.988263
Pedestrian -1 -1 -10 561 121 608 208-1 -1 -1 -1000 -1000 -1000 -10 -0.997156
Pedestrian -1 -1 -10 462 86 546 182-1 -1 -1 -1000 -1000 -1000 -10 -0.999894
