Pedestrian -1 -1 -10 1193 318 1242 375-1 -1 -1 -1000 -1000 -1000 -10 -0.154198
Pedestrian -1 -1 -10 185 1 239 101-1 -1 -1 -1000 -1000 -1000 -10 -0.535372
Pedestrian -1 -1 -10 558 1 668 306-1 -1 -1 -1000 -1000 -1000 -10 -0.609843
Pedestrian -1 -1 -10 185 193 216 280-1 -1 -1 -1000 -1000 -1000 -10 -0.640054
Pedestrian -1 -1 -10 1186 176 1222 276-1 -1 -1 -1000 -1000 -1000 -10 -0.653382
Pedestrian -1 -1 -10 901 10 960 78-1 -1 -1 -1000 -1000 -1000 -10 -0.672423
Pedestrian -1 -1 -10 164 190 197 283-1 -1 -1 -1000 -1000 -1000 -10 -0.749424
Pedestrian -1 -1 -10 807 10 866 78-1 -1 -1 -1000 -1000 -1000 -10 -0.775856
Pedestrian -1 -1 -10 1039 84 1075 184-1 -1 -1 -1000 -1000 -1000 -10 -0.818604
Pedestrian -1 -1 -10 940 103 984 226-1 -1 -1 -1000 -1000 -1000 -10 -0.85701
Pedestrian -1 -1 -10 80 1 148 79-1 -1 -1 -1000 -1000 -1000 -10 -0.954313
Pedestrian -1 -1 -10 901 130 934 223-1 -1 -1 -1000 -1000 -1000 -10 -0.998767
