Pedestrian -1 -1 -10 488 93 542 193-1 -1 -1 -1000 -1000 -1000 -10 -0.515277
Pedestrian -1 -1 -10 231 13 315 109-1 -1 -1 -1000 -1000 -1000 -10 -0.620132
Pedestrian -1 -1 -10 433 89 464 176-1 -1 -1 -1000 -1000 -1000 -10 -0.685885
Pedestrian -1 -1 -10 856 54 897 169-1 -1 -1 -1000 -1000 -1000 -10 -0.743225
Pedestrian -1 -1 -10 405 80 443 187-1 -1 -1 -1000 -1000 -1000 -10 -0.746822
Pedestrian -1 -1 -10 455 85 517 200-1 -1 -1 -1000 -1000 -1000 -10 -0.753567
Pedestrian -1 -1 -10 884 318 943 375-1 -1 -1 -1000 -1000 -1000 -10 -0.790342
Pedestrian -1 -1 -10 906 1 1222 362-1 -1 -1 -1000 -1000 -1000 -10 -0.815229
Pedestrian -1 -1 -10 593 1 624 88-1 -1 -1 -1000 -1000 -1000 -10 -0.815367
Pedestrian -1 -1 -10 670 87 703 180-1 -1 -1 -1000 -1000 -1000 -10 -0.834869
Pedestrian -1 -1 -10 535 62 607 194-1 -1 -1 -1000 -1000 -1000 -10 -0.835568
Pedestrian -1 -1 -10 680 62 728 194-1 -1 -1 -1000 -1000 -1000 -10 -0.86038
Pedestrian -1 -1 -10 792 16 895 134-1 -1 -1 -1000 -1000 -1000 -10 -0.867769
Pedestrian -1 -1 -10 121 145 152 232-1 -1 -1 -1000 -1000 -1000 -10 -0.874578
Pedestrian -1 -1 -10 105 92 156 234-1 -1 -1 -1000 -1000 -1000 -10 -0.875231
Pedestrian -1 -1 -10 154 29 209 181-1 -1 -1 -1000 -1000 -1000 -10 -0.911385
Pedestrian -1 -1 -10 762 76 821 239-1 -1 -1 -1000 -1000 -1000 -10 -0.943264
Pedestrian -1 -1 -10 479 1 552 202-1 -1 -1 -1000 -1000 -1000 -10 -0.946772
Pedestrian -1 -1 -10 408 69 475 192-1 -1 -1 -1000 -1000 -1000 -10 -0.977551
Pedestrian -1 -1 -10 711 43 766 195-1 -1 -1 -1000 -1000 -1000 -10 -0.987633
