Pedestrian -1 -1 -10 950 144 1001 286-1 -1 -1 -1000 -1000 -1000 -10 -0.266746
Pedestrian -1 -1 -10 705 177 736 264-1 -1 -1 -1000 -1000 -1000 -10 -0.45209
Pedestrian -1 -1 -10 381 223 454 306-1 -1 -1 -1000 -1000 -1000 -10 -0.563864
Pedestrian -1 -1 -10 993 223 1034 338-1 -1 -1 -1000 -1000 -1000 -10 -0.616395
Pedestrian -1 -1 -10 494 300 597 370-1 -1 -1 -1000 -1000 -1000 -10 -0.644698
Pedestrian -1 -1 -10 809 57 1003 279-1 -1 -1 -1000 -1000 -1000 -10 -0.764805
Pedestrian -1 -1 -10 582 267 620 370-1 -1 -1 -1000 -1000 -1000 -10 -0.787478
Pedestrian -1 -1 -10 1193 161 1224 224-1 -1 -1 -1000 -1000 -1000 -10 -0.824131
Pedestrian -1 -1 -10 275 159 337 274-1 -1 -1 -1000 -1000 -1000 -10 -0.842352
Pedestrian -1 -1 -10 1153 289 1208 352-1 -1 -1 -1000 -1000 -1000 -10 -0.8665
Pedestrian -1 -1 -10 709 120 763 220-1 -1 -1 -1000 -1000 -1000 -10 -0.884113
Pedestrian -1 -1 -10 1141 181 1200 249-1 -1 -1 -1000 -1000 -1000 -10 -0.892128
Pedestrian -1 -1 -10 87 61 146 129-1 -1 -1 -1000 -1000 -1000 -10 -0.897823
Pedestrian -1 -1 -10 121 9 152 96-1 -1 -1 -1000 -1000 -1000 -10 -0.901679
Pedestrian -1 -1 -10 790 164 823 257-1 -1 -1 -1000 -1000 -1000 -10 -0.906452
Pedestrian -1 -1 -10 203 130 331 276-1 -1 -1 -1000 -1000 -1000 -10 -0.921084
Pedestrian -1 -1 -10 753 98 801 230-1 -1 -1 -1000 -1000 -1000 -10 -0.98714
Pedestrian -1 -1 -10 993 149 1076 370-1 -1 -1 -1000 -1000 -1000 -10 -0.992543
