Pedestrian -1 -1 -10 572 85 627 237-1 -1 -1 -1000 -1000 -1000 -10 -0.376688
Pedestrian -1 -1 -10 543 99 581 206-1 -1 -1 -1000 -1000 -1000 -10 -0.414879
Pedestrian -1 -1 -10 619 98 667 230-1 -1 -1 -1000 -1000 -1000 -10 -0.441397
Pedestrian -1 -1 -10 378 1 583 375-1 -1 -1 -1000 -1000 -1000 -10 -0.470526
Pedestrian -1 -1 -10 858 138 1097 375-1 -1 -1 -1000 -1000 -1000 -10 -0.75705
Pedestrian -1 -1 -10 1153 81 1216 256-1 -1 -1 -1000 -1000 -1000 -10 -0.82356
Pedestrian -1 -1 -10 258 120 312 220-1 -1 -1 -1000 -1000 -1000 -10 -0.854212
Pedestrian -1 -1 -10 1109 307 1182 375-1 -1 -1 -1000 -1000 -1000 -10 -0.893649
Pedestrian -1 -1 -10 329 89 360 176-1 -1 -1 -1000 -1000 -1000 -10 -0.936194
Pedestrian -1 -1 -10 653 138 703 231-1 -1 -1 -1000 -1000 -1000 -10 -0.93938
Pedestrian -1 -1 -10 185 29 239 129-1 -1 -1 -1000 -1000 -1000 -10 -0.970616
Pedestrian -1 -1 -10 289 57 320 144-1 -1 -1 -1000 -1000 -1000 -10 -0.996922
