Pedestrian -1 -1 -10 803 1 844 116-1 -1 -1 -1000 -1000 -1000 -10 -0.396635
Pedestrian -1 -1 -10 503 70 541 177-1 -1 -1 -1000 -1000 -1000 -10 -0.594445
Pedestrian -1 -1 -10 792 165 895 283-1 -1 -1 -1000 -1000 -1000 -10 -0.753539
Pedestrian -1 -1 -10 227 114 305 204-1 -1 -1 -1000 -1000 -1000 -10 -0.838729
Pedestrian -1 -1 -10 1119 170 1170 312-1 -1 -1 -1000 -1000 -1000 -10 -0.909474
Pedestrian -1 -1 -10 625 145 680 208-1 -1 -1 -1000 -1000 -1000 -10 -0.920236
Pedestrian -1 -1 -10 44 121 103 189-1 -1 -1 -1000 -1000 -1000 -10 -0.921202
Pedestrian -1 -1 -10 790 70 858 258-1 -1 -1 -1000 -1000 -1000 -10 -0.940027
Pedestrian -1 -1 -10 913 1 976 176-1 -1 -1 -1000 -1000 -1000 -10 -0.963868
Pedestrian -1 -1 -10 99 168 182 320-1 -1 -1 -1000 -1000 -1000 -10 -0.977061
Pedestrian -1 -1 -10 598 1 661 74-1 -1 -1 -1000 -1000 -1000 -10 -0.985373
Pedestrian -1 -1 -10 1004 22 1066 137-1 -1 -1 -1000 -1000 -1000 -10 -0.988285
Pedestrian -1 -1 -10 962 33 1024 148-1 -1 -1 -1000 -1000 -1000 -10 -0.990241
