Pedestrian -1 -1 -10 592 180 665 263-1 -1 -1 -1000 -1000 -1000 -10 -0.490421
Pedestrian -1 -1 -10 442 38 505 111-1 -1 -1 -1000 -1000 -1000 -10 -0.647109
Pedestrian -1 -1 -10 963 105 1040 247-1 -1 -1 -1000 -1000 -1000 -10 -0.727761
Pedestrian -1 -1 -10 846 130 900 230-1 -1 -1 -1000 -1000 -1000 -10 -0.845637
Pedestrian -1 -1 -10 231 1 285 101-1 -1 -1 -1000 -1000 -1000 -10 -0.849395
Pedestrian -1 -1 -10 884 318 943 375-1 -1 -1 -1000 -1000 -1000 -10 -0.866811
Pedestrian -1 -1 -10 457 137 488 224-1 -1 -1 -1000 -1000 -1000 -10 -0.879006
Pedestrian -1 -1 -10 345 177 376 264-1 -1 -1 -1000 -1000 -1000 -10 -0.900016
Pedestrian -1 -1 -10 27 131 117 234-1 -1 -1 -1000 -1000 -1000 -10 -0.901029
Pedestrian -1 -1 -10 1162 43 1242 274-1 -1 -1 -1000 -1000 -1000 -10 -0.90514
Pedestrian -1 -1 -10 321 161 376 224-1 -1 -1 -1000 -1000 -1000 -10 -0.929098
Pedestrian -1 -1 -10 443 105 494 247-1 -1 -1 -1000 -1000 -1000 -10 -0.935125
Pedestrian -1 -1 -10 773 1 809 101-1 -1 -1 -1000 -1000 -1000 -10 -0.971054
