Pedestrian -1 -1 -10 750 129 808 236-1 -1 -1 -1000 -1000 -1000 -10 -0.44764
Pedestrian -1 -1 -10 996 31 1034 138-1 -1 -1 -1000 -1000 -1000 -10 -0.532381
Pedestrian -1 -1 -10 704 87 737 180-1 -1 -1 -1000 -1000 -1000 -10 -0.642441
Pedestrian -1 -1 -10 618 1 737 137-1 -1 -1 -1000 -1000 -1000 -10 -0.812779
Pedestrian -1 -1 -10 240 139 303 212-1 -1 -1 -1000 -1000 -1000 -10 -0.837029
Pedestrian -1 -1 -10 767 85 864 195-1 -1 -1 -1000 -1000 -1000 -10 -0.860665
Pedestrian -1 -1 -10 817 17 880 192-1 -1 -1 -1000 -1000 -1000 -10 -0.88985
Pedestrian -1 -1 -10 1090 284 1140 375-1 -1 -1 -1000 -1000 -1000 -10 -0.915139
Pedestrian -1 -1 -10 431 1 521 249-1 -1 -1 -1000 -1000 -1000 -10 -0.929393
Pedestrian -1 -1 -10 748 69 905 249-1 -1 -1 -1000 -1000 -1000 -10 -0.945598
Pedestrian -1 -1 -10 1177 113 1224 200-1 -1 -1 -1000 -1000 -1000 -10 -0.968007
