Pedestrian -1 -1 -10 665 169 696 256-1 -1 -1 -1000 -1000 -1000 -10 -0.349129
Pedestrian -1 -1 -10 1 191 127 375-1 -1 -1 -1000 -1000 -1000 -10 -0.507625
Pedestrian -1 -1 -10 169 105 216 192-1 -1 -1 -1000 -1000 -1000 -10 -0.719703
Pedestrian -1 -1 -10 460 120 514 220-1 -1 -1 -1000 -1000 -1000 -10 -0.725273
Pedestrian -1 -1 -10 1167 1 1242 375-1 -1 -1 -1000 -1000 -1000 -10 -0.782853
Pedestrian -1 -1 -10 876 70 926 163-1 -1 -1 -1000 -1000 -1000 -10 -0.788037
Pedestrian -1 -1 -10 1 95 34 188-1 -1 -1 -1000 -1000 -1000 -10 -0.894586
Pedestrian -1 -1 -10 105 255 208 373-1 -1 -1 -1000 -1000 -1000 -10 -0.94369
Pedestrian -1 -1 -10 413 1 463 94-1 -1 -1 -1000 -1000 -1000 -10 -0.948943
Pedestrian -1 -1 -10 584 104 643 172-1 -1 -1 -1000 -1000 -1000 -10 -0.960156
Pedestrian -1 -1 -10 1 138 240 375-1 -1 -1 -1000 -1000 -1000 -10 -0.9799
Pedestrian -1 -1 -10 1 14 52 156-1 -1 -1 -1000 -1000 -1000 -10 -0.98132
