Pedestrian -1 -1 -10 16 91 105 254-1 -1 -1 -1000 -1000 -1000 -10 -0.570092
Pedestrian -1 -1 -10 1035 90 1073 197-1 -1 -1 -1000 -1000 -1000 -10 -0.635206
Pedestrian -1 -1 -10 700 40 758 147-1 -1 -1 -1000 -1000 -1000 -10 -0.694905
Pedestrian -1 -1 -10 1186 139 1242 212-1 -1 -1 -1000 -1000 -1000 -10 -0.723728
Pedestrian -1 -1 -10 286 102 322 202-1 -1 -1 -1000 -1000 -1000 -10 -0.726973
Pedestrian -1 -1 -10 352 92 396 215-1 -1 -1 -1000 -1000 -1000 -10 -0.74488
Pedestrian -1 -1 -10 1006 1 1084 217-1 -1 -1 -1000 -1000 -1000 -10 -0.77027
Pedestrian -1 -1 -10 27 1 130 286-1 -1 -1 -1000 -1000 -1000 -10 -0.777801
Pedestrian -1 -1 -10 567 138 617 231-1 -1 -1 -1000 -1000 -1000 -10 -0.781174
Pedestrian -1 -1 -10 313 65 367 165-1 -1 -1 -1000 -1000 -1000 -10 -0.79009
Pedestrian -1 -1 -10 424 102 460 202-1 -1 -1 -1000 -1000 -1000 -10 -0.804068
Pedestrian -1 -1 -10 883 114 961 204-1 -1 -1 -1000 -1000 -1000 -10 -0.816433
Pedestrian -1 -1 -10 307 57 390 209-1 -1 -1 -1000 -1000 -1000 -10 -0.830339
Pedestrian -1 -1 -10 617 25 648 112-1 -1 -1 -1000 -1000 -1000 -10 -0.850382
Pedestrian -1 -1 -10 977 89 1024 176-1 -1 -1 -1000 -1000 -1000 -10 -0.852015
Pedestrian -1 -1 -10 677 85 718 200-1 -1 -1 -1000 -1000 -1000 -10 -0.89123
Pedestrian -1 -1 -10 1209 9 1242 72-1 -1 -1 -1000 -1000 -1000 -10 -0.899958
Pedestrian -1 -1 -10 934 85 1031 195-1 -1 -1 -1000 -1000 -1000 -10 -0.929613
