Pedestrian -1 -1 -10 1165 1 1242 328-1 -1 -1 -1000 -1000 -1000 -10 -0.418295
Pedestrian -1 -1 -10 169 65 200 152-1 -1 -1 -1000 -1000 -1000 -10 -0.519181
Pedestrian -1 -1 -10 482 66 572 169-1 -1 -1 -1000 -1000 -1000 -10 -0.633417
Pedestrian -1 -1 -10 484 139 542 246-1 -1 -1 -1000 -1000 -1000 -10 -0.667985
Pedestrian -1 -1 -10 178 159 256 375-1 -1 -1 -1000 -1000 -1000 -10 -0.706295
Pedestrian -1 -1 -10 755 102 791 202-1 -1 -1 -1000 -1000 -1000 -10 -0.737808
Pedestrian -1 -1 -10 643 91 732 254-1 -1 -1 -1000 -1000 -1000 -10 -0.764005
Pedestrian -1 -1 -10 444 138 506 253-1 -1 -1 -1000 -1000 -1000 -10 -0.804773
Pedestrian -1 -1 -10 1057 321 1112 375-1 -1 -1 -1000 -1000 -1000 -10 -0.806622
Pedestrian -1 -1 -10 285 135 388 253-1 -1 -1 -1000 -1000 -1000 -10 -0.808296
Pedestrian -1 -1 -10 415 129 453 236-1 -1 -1 -1000 -1000 -1000 -10 -0.856262
Pedestrian -1 -1 -10 93 240 221 375-1 -1 -1 -1000 -1000 -1000 -10 -0.893809
Pedestrian -1 -1 -10 740 64 866 295-1 -1 -1 -1000 -1000 -1000 -10 -0.96113
Pedestrian -1 -1 -10 1113 47 1167 147-1 -1 -1 -1000 -1000 -1000 -10 -0.963183
