Pedestrian -1 -1 -10 578 80 622 203-1 -1 -1 -1000 -1000 -1000 -10 -0.292411
Pedestrian -1 -1 -10 617 121 648 208-1 -1 -1 -1000 -1000 -1000 -10 -0.321012
Pedestrian -1 -1 -10 60 159 118 266-1 -1 -1 -1000 -1000 -1000 -10 -0.522563
Pedestrian -1 -1 -10 337 209 448 336-1 -1 -1 -1000 -1000 -1000 -10 -0.637889
Pedestrian -1 -1 -10 25 313 80 375-1 -1 -1 -1000 -1000 -1000 -10 -0.669171
Pedestrian -1 -1 -10 1204 1 1242 116-1 -1 -1 -1000 -1000 -1000 -10 -0.669202
Pedestrian -1 -1 -10 25 177 72 264-1 -1 -1 -1000 -1000 -1000 -10 -0.761281
Pedestrian -1 -1 -10 1 169 48 256-1 -1 -1 -1000 -1000 -1000 -10 -0.791899
Pedestrian -1 -1 -10 339 183 520 375-1 -1 -1 -1000 -1000 -1000 -10 -0.836397
Pedestrian -1 -1 -10 816 1 906 249-1 -1 -1 -1000 -1000 -1000 -10 -0.857914
Pedestrian -1 -1 -10 995 183 1067 315-1 -1 -1 -1000 -1000 -1000 -10 -0.874488
Pedestrian -1 -1 -10 1177 1 1208 88-1 -1 -1 -1000 -1000 -1000 -10 -0.882792
Pedestrian -1 -1 -10 1161 241 1208 328-1 -1 -1 -1000 -1000 -1000 -10 -0.888832
Pedestrian -1 -1 -10 1049 241 1096 328-1 -1 -1 -1000 -1000 -1000 -10 -0.892879
Pedestrian -1 -1 -10 1 215 34 308-1 -1 -1 -1000 -1000 -1000 -10 -0.894155
Pedestrian -1 -1 -10 657 125 701 248-1 -1 -1 -1000 -1000 -1000 -10 -0.895198
Pedestrian -1 -1 -10 1180 165 1239 328-1 -1 -1 -1000 -1000 -1000 -10 -0.906218
