Pedestrian -1 -1 -10 147 87 180 180-1 -1 -1 -1000 -1000 -1000 -10 -0.474427
Pedestrian -1 -1 -10 413 171 485 303-1 -1 -1 -1000 -1000 -1000 -10 -0.538105
Pedestrian -1 -1 -10 363 29 473 334-1 -1 -1 -1000 -1000 -1000 -10 -0.662611
Pedestrian -1 -1 -10 85 107 147 222-1 -1 -1 -1000 -1000 -1000 -10 -0.688701
Pedestrian -1 -1 -10 476 128 538 243-1 -1 -1 -1000 -1000 -1000 -10 -0.770405
Pedestrian -1 -1 -10 592 109 650 216-1 -1 -1 -1000 -1000 -1000 -10 -0.800689
Pedestrian -1 -1 -10 450 98 522 230-1 -1 -1 -1000 -1000 -1000 -10 -0.832324
Pedestrian -1 -1 -10 147 74 219 206-1 -1 -1 -1000 -1000 -1000 -10 -0.873514
Pedestrian -1 -1 -10 641 119 699 226-1 -1 -1 -1000 -1000 -1000 -10 -0.907797
Pedestrian -1 -1 -10 305 1 360 64-1 -1 -1 -1000 -1000 -1000 -10 -0.947886
Pedestrian -1 -1 -10 1004 78 1037 171-1 -1 -1 -1000 -1000 -1000 -10 -0.963302
Pedestrian -1 -1 -10 1196 38 1238 111-1 -1 -1 -1000 -1000 -1000 -10 -0.970831
Pedestrian -1 -1 -10 516 120 570 220-1 -1 -1 -1000 -1000 -1000 -10 -0.979604
Pedestrian -1 -1 -10 1185 321 1238 374-1 -1 -1 -1000 -1000 -1000 -10 -0.992573
Pedestrian -1 -1 -10 688 16 777 179-1 -1 -1 -1000 -1000 -1000 -10 -0.997268
