Pedestrian -1 -1 -10 244 149 285 264-1 -1 -1 -1000 -1000 -1000 -10 -0.399687
Pedestrian -1 -1 -10 14 157 65 299-1 -1 -1 -1000 -1000 -1000 -10 -0.421271
Pedestrian -1 -1 -10 617 84 671 184-1 -1 -1 -1000 -1000 -1000 -10 -0.521559
Pedestrian -1 -1 -10 128 128 201 211-1 -1 -1 -1000 -1000 -1000 -10 -0.552379
Pedestrian -1 -1 -10 408 92 452 215-1 -1 -1 -1000 -1000 -1000 -10 -0.612264
Pedestrian -1 -1 -10 16 61 105 224-1 -1 -1 -1000 -1000 -1000 -10 -0.735415
Pedestrian -1 -1 -10 738 112 771 205-1 -1 -1 -1000 -1000 -1000 -10 -0.76509
Pedestrian -1 -1 -10 1121 1 1168 88-1 -1 -1 -1000 -1000 -1000 -10 -0.767398
Pedestrian -1 -1 -10 845 107 918 190-1 -1 -1 -1000 -1000 -1000 -10 -0.799522
Pedestrian -1 -1 -10 792 61 851 224-1 -1 -1 -1000 -1000 -1000 -10 -0.812721
Pedestrian -1 -1 -10 1177 84 1213 184-1 -1 -1 -1000 -1000 -1000 -10 -0.82953
Pedestrian -1 -1 -10 306 129 374 207-1 -1 -1 -1000 -1000 -1000 -10 -0.876564
Pedestrian -1 -1 -10 349 85 411 200-1 -1 -1 -1000 -1000 -1000 -10 -0.900307
Pedestrian -1 -1 -10 1223 159 1242 282-1 -1 -1 -1000 -1000 -1000 -10 -0.940116
Pedestrian -1 -1 -10 1145 73 1192 160-1 -1 -1 -1000 -1000 -1000 -10 -0.988922
