Pedestrian -1 -1 -10 85 154 140 306-1 -1 -1 -1000 -1000 -1000 -10 0.0391097
Pedestrian -1 -1 -10 764 157 800 257-1 -1 -1 -1000 -1000 -1000 -10 -0.334409
Pedestrian -1 -1 -10 287 168 325 275-1 -1 -1 -1000 -1000 -1000 -10 -0.495366
Pedestrian -1 -1 -10 1090 155 1140 248-1 -1 -1 -1000 -1000 -1000 -10 -0.651124
Pedestrian -1 -1 -10 985 216 1029 339-1 -1 -1 -1000 -1000 -1000 -10 -0.652779
Pedestrian -1 -1 -10 349 159 390 274-1 -1 -1 -1000 -1000 -1000 -10 -0.657683
Pedestrian -1 -1 -10 702 103 746 226-1 -1 -1 -1000 -1000 -1000 -10 -0.707976
Pedestrian -1 -1 -10 508 274 598 370-1 -1 -1 -1000 -1000 -1000 -10 -0.734348
Pedestrian -1 -1 -10 387 224 446 292-1 -1 -1 -1000 -1000 -1000 -10 -0.735765
Pedestrian -1 -1 -10 443 1 546 286-1 -1 -1 -1000 -1000 -1000 -10 -0.765419
Pedestrian -1 -1 -10 1049 193 1096 280-1 -1 -1 -1000 -1000 -1000 -10 -0.79822
Pedestrian -1 -1 -10 1145 129 1200 192-1 -1 -1 -1000 -1000 -1000 -10 -0.807218
Pedestrian -1 -1 -10 547 256 631 352-1 -1 -1 -1000 -1000 -1000 -10 -0.842146
Pedestrian -1 -1 -10 1047 164 1106 232-1 -1 -1 -1000 -1000 -1000 -10 -0.856655
Pedestrian -1 -1 -10 80 99 158 315-1 -1 -1 -1000 -1000 -1000 -10 -0.859866
Pedestrian -1 -1 -10 161 89 208 176-1 -1 -1 -1000 -1000 -1000 -10 -0.891659
Pedestrian -1 -1 -10 365 222 455 325-1 -1 -1 -1000 -1000 -1000 -10 -0.896268
Pedestrian -1 -1 -10 1088 128 1161 211-1 -1 -1 -1000 -1000 -1000 -10 -0.927877
Pedestrian -1 -1 -10 824 87 926 275-1 -1 -1 -1000 -1000 -1000 -10 -0.933324
Pedestrian -1 -1 -10 690 168 748 275-1 -1 -1 -1000 -1000 -1000 -10 -0.956584
Pedestrian -1 -1 -10 313 105 368 168-1 -1 -1 -1000 -1000 -1000 -10 -0.980393
Pedestrian -1 -1 -10 635 1 725 249-1 -1 -1 -1000 -1000 -1000 -10 -0.981996
Pedestrian -1 -1 -10 729 191 802 274-1 -1 -1 -1000 -1000 -1000 -10 -0.995982
