Pedestrian -1 -1 -10 1209 25 1240 112-1 -1 -1 -1000 -1000 -1000 -10 -0.480268
Pedestrian -1 -1 -10 442 166 478 266-1 -1 -1 -1000 -1000 -1000 -10 -0.58575
Pedestrian -1 -1 -10 884 172 934 265-1 -1 -1 -1000 -1000 -1000 -10 -0.608933
Pedestrian -1 -1 -10 464 318 523 375-1 -1 -1 -1000 -1000 -1000 -10 -0.642894
Pedestrian -1 -1 -10 610 104 643 197-1 -1 -1 -1000 -1000 -1000 -10 -0.686883
Pedestrian -1 -1 -10 729 9 760 96-1 -1 -1 -1000 -1000 -1000 -10 -0.722373
Pedestrian -1 -1 -10 19 185 92 375-1 -1 -1 -1000 -1000 -1000 -10 -0.788561
Pedestrian -1 -1 -10 1159 75 1222 148-1 -1 -1 -1000 -1000 -1000 -10 -0.818813
Pedestrian -1 -1 -10 583 74 631 206-1 -1 -1 -1000 -1000 -1000 -10 -0.904613
Pedestrian -1 -1 -10 190 18 240 111-1 -1 -1 -1000 -1000 -1000 -10 -0.907149
Pedestrian -1 -1 -10 415 208 483 286-1 -1 -1 -1000 -1000 -1000 -10 -0.926471
Pedestrian -1 -1 -10 661 139 719 246-1 -1 -1 -1000 -1000 -1000 -10 -0.94291
Pedestrian -1 -1 -10 553 137 600 224-1 -1 -1 -1000 -1000 -1000 -10 -0.97205
Pedestrian -1 -1 -10 484 129 552 207-1 -1 -1 -1000 -1000 -1000 -10 -0.99094
Pedestrian -1 -1 -10 417 287 507 375-1 -1 -1 -1000 -1000 -1000 -10 -0.991063
