Pedestrian -1 -1 -10 1205 38 1238 138-1 -1 -1 -1000 -1000 -1000 -10 0.00377512
Pedestrian -1 -1 -10 499 103 566 226-1 -1 -1 -1000 -1000 -1000 -10 -0.459995
Pedestrian -1 -1 -10 182 57 237 209-1 -1 -1 -1000 -1000 -1000 -10 -0.647755
Pedestrian -1 -1 -10 147 74 195 206-1 -1 -1 -1000 -1000 -1000 -10 -0.7353
Pedestrian -1 -1 -10 70 95 103 188-1 -1 -1 -1000 -1000 -1000 -10 -0.792715
Pedestrian -1 -1 -10 1201 35 1238 223-1 -1 -1 -1000 -1000 -1000 -10 -0.798638
Pedestrian -1 -1 -10 329 105 360 192-1 -1 -1 -1000 -1000 -1000 -10 -0.827846
Pedestrian -1 -1 -10 937 40 995 147-1 -1 -1 -1000 -1000 -1000 -10 -0.872212
Pedestrian -1 -1 -10 625 121 656 208-1 -1 -1 -1000 -1000 -1000 -10 -0.880034
Pedestrian -1 -1 -10 1124 1 1202 217-1 -1 -1 -1000 -1000 -1000 -10 -0.887756
Pedestrian -1 -1 -10 879 57 934 209-1 -1 -1 -1000 -1000 -1000 -10 -0.909478
Pedestrian -1 -1 -10 1025 113 1056 200-1 -1 -1 -1000 -1000 -1000 -10 -0.929651
Pedestrian -1 -1 -10 893 284 926 374-1 -1 -1 -1000 -1000 -1000 -10 -0.9541
Pedestrian -1 -1 -10 385 25 432 112-1 -1 -1 -1000 -1000 -1000 -10 -0.974471
Pedestrian -1 -1 -10 1121 65 1238 374-1 -1 -1 -1000 -1000 -1000 -10 -0.989033
