Pedestrian -1 -1 -10 947 1 1005 108-1 -1 -1 -1000 -1000 -1000 -10 -0.0478439
Pedestrian -1 -1 -10 626 19 662 119-1 -1 -1 -1000 -1000 -1000 -10 -0.397412
Pedestrian -1 -1 -10 934 1 1017 153-1 -1 -1 -1000 -1000 -1000 -10 -0.456636
Pedestrian -1 -1 -10 608 10 644 110-1 -1 -1 -1000 -1000 -1000 -10 -0.543814
Pedestrian -1 -1 -10 1186 203 1238 276-1 -1 -1 -1000 -1000 -1000 -10 -0.631649
Pedestrian -1 -1 -10 718 38 791 239-1 -1 -1 -1000 -1000 -1000 -10 -0.743368
Pedestrian -1 -1 -10 1219 95 1238 188-1 -1 -1 -1000 -1000 -1000 -10 -0.757735
Pedestrian -1 -1 -10 545 81 576 168-1 -1 -1 -1000 -1000 -1000 -10 -0.761138
Pedestrian -1 -1 -10 961 1 1088 352-1 -1 -1 -1000 -1000 -1000 -10 -0.783228
Pedestrian -1 -1 -10 1180 105 1238 268-1 -1 -1 -1000 -1000 -1000 -10 -0.840344
Pedestrian -1 -1 -10 826 1 922 267-1 -1 -1 -1000 -1000 -1000 -10 -0.85535
Pedestrian -1 -1 -10 1 1 34 94-1 -1 -1 -1000 -1000 -1000 -10 -0.87965
Pedestrian -1 -1 -10 601 95 660 163-1 -1 -1 -1000 -1000 -1000 -10 -0.904942
Pedestrian -1 -1 -10 555 80 599 203-1 -1 -1 -1000 -1000 -1000 -10 -0.958119
Pedestrian -1 -1 -10 550 1 633 232-1 -1 -1 -1000 -1000 -1000 -10 -0.972681
Pedestrian -1 -1 -10 1081 164 1131 257-1 -1 -1 -1000 -1000 -1000 -10 -0.975969
Pedestrian -1 -1 -10 329 97 384 160-1 -1 -1 -1000 -1000 -1000 -10 -0.987456
Pedestrian -1 -1 -10 1215 33 1238 148-1 -1 -1 -1000 -1000 -1000 -10 -0.99122
Pedestrian -1 -1 -10 651 178 768 374-1 -1 -1 -1000 -1000 -1000 -10 -0.998122
