Pedestrian -1 -1 -10 228 90 266 197-1 -1 -1 -1000 -1000 -1000 -10 -0.318053
Pedestrian -1 -1 -10 1021 130 1057 230-1 -1 -1 -1000 -1000 -1000 -10 -0.344522
Pedestrian -1 -1 -10 608 93 736 239-1 -1 -1 -1000 -1000 -1000 -10 -0.523644
Pedestrian -1 -1 -10 370 180 411 295-1 -1 -1 -1000 -1000 -1000 -10 -0.619241
Pedestrian -1 -1 -10 306 12 384 102-1 -1 -1 -1000 -1000 -1000 -10 -0.692479
Pedestrian -1 -1 -10 195 74 267 206-1 -1 -1 -1000 -1000 -1000 -10 -0.8423
Pedestrian -1 -1 -10 917 103 961 226-1 -1 -1 -1000 -1000 -1000 -10 -0.903832
Pedestrian -1 -1 -10 339 64 422 295-1 -1 -1 -1000 -1000 -1000 -10 -0.912415
Pedestrian -1 -1 -10 301 121 334 214-1 -1 -1 -1000 -1000 -1000 -10 -0.941149
Pedestrian -1 -1 -10 725 103 803 193-1 -1 -1 -1000 -1000 -1000 -10 -0.952341
