Pedestrian -1 -1 -10 33 1 160 352-1 -1 -1 -1000 -1000 -1000 -10 -0.278811
Pedestrian -1 -1 -10 905 1 936 88-1 -1 -1 -1000 -1000 -1000 -10 -0.346622
Pedestrian -1 -1 -10 413 74 461 206-1 -1 -1 -1000 -1000 -1000 -10 -0.421704
Pedestrian -1 -1 -10 704 95 737 188-1 -1 -1 -1000 -1000 -1000 -10 -0.516595
Pedestrian -1 -1 -10 861 46 905 169-1 -1 -1 -1000 -1000 -1000 -10 -0.683402
Pedestrian -1 -1 -10 344 61 403 224-1 -1 -1 -1000 -1000 -1000 -10 -0.702952
Pedestrian -1 -1 -10 826 1 874 133-1 -1 -1 -1000 -1000 -1000 -10 -0.725537
Pedestrian -1 -1 -10 794 79 845 221-1 -1 -1 -1000 -1000 -1000 -10 -0.741737
Pedestrian -1 -1 -10 455 104 488 197-1 -1 -1 -1000 -1000 -1000 -10 -0.8016
Pedestrian -1 -1 -10 552 19 615 92-1 -1 -1 -1000 -1000 -1000 -10 -0.824167
Pedestrian -1 -1 -10 727 93 781 193-1 -1 -1 -1000 -1000 -1000 -10 -0.833609
Pedestrian -1 -1 -10 254 1 337 232-1 -1 -1 -1000 -1000 -1000 -10 -0.834538
Pedestrian -1 -1 -10 377 71 460 223-1 -1 -1 -1000 -1000 -1000 -10 -0.87528
Pedestrian -1 -1 -10 314 1 403 164-1 -1 -1 -1000 -1000 -1000 -10 -0.881919
Pedestrian -1 -1 -10 781 44 840 112-1 -1 -1 -1000 -1000 -1000 -10 -0.884831
Pedestrian -1 -1 -10 553 46 642 209-1 -1 -1 -1000 -1000 -1000 -10 -0.916407
Pedestrian -1 -1 -10 487 80 554 203-1 -1 -1 -1000 -1000 -1000 -10 -0.960949
Pedestrian -1 -1 -10 405 10 441 110-1 -1 -1 -1000 -1000 -1000 -10 -0.963375
