Pedestrian -1 -1 -10 335 140 390 292-1 -1 -1 -1000 -1000 -1000 -10 0.217611
Pedestrian -1 -1 -10 1094 159 1162 237-1 -1 -1 -1000 -1000 -1000 -10 -0.484812
Pedestrian -1 -1 -10 773 155 806 248-1 -1 -1 -1000 -1000 -1000 -10 -0.612212
Pedestrian -1 -1 -10 1098 155 1166 343-1 -1 -1 -1000 -1000 -1000 -10 -0.756606
Pedestrian -1 -1 -10 601 104 634 197-1 -1 -1 -1000 -1000 -1000 -10 -0.813078
Pedestrian -1 -1 -10 902 304 956 374-1 -1 -1 -1000 -1000 -1000 -10 -0.841481
Pedestrian -1 -1 -10 231 148 294 221-1 -1 -1 -1000 -1000 -1000 -10 -0.848673
Pedestrian -1 -1 -10 1153 228 1211 335-1 -1 -1 -1000 -1000 -1000 -10 -0.869047
Pedestrian -1 -1 -10 641 70 699 177-1 -1 -1 -1000 -1000 -1000 -10 -0.898188
Pedestrian -1 -1 -10 518 138 591 221-1 -1 -1 -1000 -1000 -1000 -10 -0.946959
Pedestrian -1 -1 -10 1076 255 1179 373-1 -1 -1 -1000 -1000 -1000 -10 -0.951265
Pedestrian -1 -1 -10 773 1 806 94-1 -1 -1 -1000 -1000 -1000 -10 -0.965692
Pedestrian -1 -1 -10 572 99 630 206-1 -1 -1 -1000 -1000 -1000 -10 -0.988138
Pedestrian -1 -1 -10 233 170 274 285-1 -1 -1 -1000 -1000 -1000 -10 -0.989386
