Pedestrian -1 -1 -10 304 159 376 291-1 -1 -1 -1000 -1000 -1000 -10 0.241847
Pedestrian -1 -1 -10 277 139 355 355-1 -1 -1 -1000 -1000 -1000 -10 -0.238822
Pedestrian -1 -1 -10 661 172 711 265-1 -1 -1 -1000 -1000 -1000 -10 -0.56904
Pedestrian -1 -1 -10 543 267 601 370-1 -1 -1 -1000 -1000 -1000 -10 -0.577904
Pedestrian -1 -1 -10 378 231 441 304-1 -1 -1 -1000 -1000 -1000 -10 -0.664654
Pedestrian -1 -1 -10 159 90 217 197-1 -1 -1 -1000 -1000 -1000 -10 -0.711379
Pedestrian -1 -1 -10 634 1 717 232-1 -1 -1 -1000 -1000 -1000 -10 -0.751444
Pedestrian -1 -1 -10 996 241 1029 334-1 -1 -1 -1000 -1000 -1000 -10 -0.77527
Pedestrian -1 -1 -10 233 17 264 104-1 -1 -1 -1000 -1000 -1000 -10 -0.848444
Pedestrian -1 -1 -10 1114 139 1152 246-1 -1 -1 -1000 -1000 -1000 -10 -0.849549
Pedestrian -1 -1 -10 396 84 432 184-1 -1 -1 -1000 -1000 -1000 -10 -0.852335
Pedestrian -1 -1 -10 489 307 586 370-1 -1 -1 -1000 -1000 -1000 -10 -0.860387
Pedestrian -1 -1 -10 1158 1 1209 143-1 -1 -1 -1000 -1000 -1000 -10 -0.878966
Pedestrian -1 -1 -10 1 38 55 138-1 -1 -1 -1000 -1000 -1000 -10 -0.881778
Pedestrian -1 -1 -10 1132 1 1222 249-1 -1 -1 -1000 -1000 -1000 -10 -0.882581
Pedestrian -1 -1 -10 809 89 856 176-1 -1 -1 -1000 -1000 -1000 -10 -0.899417
Pedestrian -1 -1 -10 533 258 652 370-1 -1 -1 -1000 -1000 -1000 -10 -0.901417
Pedestrian -1 -1 -10 1041 225 1072 312-1 -1 -1 -1000 -1000 -1000 -10 -0.924222
Pedestrian -1 -1 -10 825 137 856 224-1 -1 -1 -1000 -1000 -1000 -10 -0.929194
Pedestrian -1 -1 -10 421 155 480 223-1 -1 -1 -1000 -1000 -1000 -10 -0.932505
Pedestrian -1 -1 -10 1153 241 1224 368-1 -1 -1 -1000 -1000 -1000 -10 -0.94072
Pedestrian -1 -1 -10 344 121 394 214-1 -1 -1 -1000 -1000 -1000 -10 -0.97462
