Pedestrian -1 -1 -10 1213 15 1238 167-1 -1 -1 -1000 -1000 -1000 -10 -0.759007
Pedestrian -1 -1 -10 387 95 420 188-1 -1 -1 -1000 -1000 -1000 -10 -0.770028
Pedestrian -1 -1 -10 401 217 456 280-1 -1 -1 -1000 -1000 -1000 -10 -0.772276
Pedestrian -1 -1 -10 516 85 571 237-1 -1 -1 -1000 -1000 -1000 -10 -0.818958
Pedestrian -1 -1 -10 349 75 390 190-1 -1 -1 -1000 -1000 -1000 -10 -0.843127
Pedestrian -1 -1 -10 10 61 43 154-1 -1 -1 -1000 -1000 -1000 -10 -0.846168
Pedestrian -1 -1 -10 1136 1 1238 328-1 -1 -1 -1000 -1000 -1000 -10 -0.851927
Pedestrian -1 -1 -10 249 113 296 200-1 -1 -1 -1000 -1000 -1000 -10 -0.912668
Pedestrian -1 -1 -10 353 62 425 194-1 -1 -1 -1000 -1000 -1000 -10 -0.912683
Pedestrian -1 -1 -10 304 98 352 230-1 -1 -1 -1000 -1000 -1000 -10 -0.920469
Pedestrian -1 -1 -10 447 112 480 205-1 -1 -1 -1000 -1000 -1000 -10 -0.945864
Pedestrian -1 -1 -10 374 16 463 179-1 -1 -1 -1000 -1000 -1000 -10 -0.99415
