Pedestrian -1 -1 -10 486 159 570 255-1 -1 -1 -1000 -1000 -1000 -10 -0.48534
Pedestrian -1 -1 -10 57 71 112 223-1 -1 -1 -1000 -1000 -1000 -10 -0.513596
Pedestrian -1 -1 -10 1209 57 1240 144-1 -1 -1 -1000 -1000 -1000 -10 -0.596356
Pedestrian -1 -1 -10 884 104 943 172-1 -1 -1 -1000 -1000 -1000 -10 -0.712949
Pedestrian -1 -1 -10 1020 1 1104 97-1 -1 -1 -1000 -1000 -1000 -10 -0.853179
Pedestrian -1 -1 -10 237 11 305 89-1 -1 -1 -1000 -1000 -1000 -10 -0.882826
Pedestrian -1 -1 -10 1124 155 1174 248-1 -1 -1 -1000 -1000 -1000 -10 -0.888528
Pedestrian -1 -1 -10 927 121 986 189-1 -1 -1 -1000 -1000 -1000 -10 -0.900092
Pedestrian -1 -1 -10 1193 113 1242 176-1 -1 -1 -1000 -1000 -1000 -10 -0.902534
Pedestrian -1 -1 -10 474 119 512 226-1 -1 -1 -1000 -1000 -1000 -10 -0.907132
Pedestrian -1 -1 -10 681 84 735 184-1 -1 -1 -1000 -1000 -1000 -10 -0.90887
Pedestrian -1 -1 -10 1009 105 1040 192-1 -1 -1 -1000 -1000 -1000 -10 -0.91295
Pedestrian -1 -1 -10 1064 318 1123 375-1 -1 -1 -1000 -1000 -1000 -10 -0.914242
Pedestrian -1 -1 -10 1105 33 1152 120-1 -1 -1 -1000 -1000 -1000 -10 -0.948844
Pedestrian -1 -1 -10 304 29 340 129-1 -1 -1 -1000 -1000 -1000 -10 -0.961606
Pedestrian -1 -1 -10 310 87 343 180-1 -1 -1 -1000 -1000 -1000 -10 -0.981816
Pedestrian -1 -1 -10 300 31 359 194-1 -1 -1 -1000 -1000 -1000 -10 -0.9932
