Pedestrian -1 -1 -10 105 281 152 368-1 -1 -1 -1000 -1000 -1000 -10 0.00879431
Pedestrian -1 -1 -10 10 44 60 137-1 -1 -1 -1000 -1000 -1000 -10 -0.0464749
Pedestrian -1 -1 -10 1184 196 1235 338-1 -1 -1 -1000 -1000 -1000 -10 -0.193585
Pedestrian -1 -1 -10 1150 284 1200 375-1 -1 -1 -1000 -1000 -1000 -10 -0.483481
Pedestrian -1 -1 -10 29 249 83 349-1 -1 -1 -1000 -1000 -1000 -10 -0.561508
Pedestrian -1 -1 -10 280 62 328 194-1 -1 -1 -1000 -1000 -1000 -10 -0.59116
Pedestrian -1 -1 -10 537 73 568 160-1 -1 -1 -1000 -1000 -1000 -10 -0.604708
Pedestrian -1 -1 -10 1 244 42 359-1 -1 -1 -1000 -1000 -1000 -10 -0.674733
Pedestrian -1 -1 -10 178 139 236 246-1 -1 -1 -1000 -1000 -1000 -10 -0.680107
Pedestrian -1 -1 -10 1171 1 1242 143-1 -1 -1 -1000 -1000 -1000 -10 -0.717839
Pedestrian -1 -1 -10 1203 287 1241 375-1 -1 -1 -1000 -1000 -1000 -10 -0.719333
Pedestrian -1 -1 -10 78 318 137 375-1 -1 -1 -1000 -1000 -1000 -10 -0.820309
Pedestrian -1 -1 -10 634 22 707 105-1 -1 -1 -1000 -1000 -1000 -10 -0.879727
Pedestrian -1 -1 -10 442 58 486 181-1 -1 -1 -1000 -1000 -1000 -10 -0.890473
Pedestrian -1 -1 -10 417 97 448 184-1 -1 -1 -1000 -1000 -1000 -10 -0.932127
Pedestrian -1 -1 -10 1184 79 1235 221-1 -1 -1 -1000 -1000 -1000 -10 -0.935046
Pedestrian -1 -1 -10 645 85 707 200-1 -1 -1 -1000 -1000 -1000 -10 -0.936807
Pedestrian -1 -1 -10 35 207 94 275-1 -1 -1 -1000 -1000 -1000 -10 -0.940402
Pedestrian -1 -1 -10 828 40 896 118-1 -1 -1 -1000 -1000 -1000 -10 -0.94071
Pedestrian -1 -1 -10 168 15 265 125-1 -1 -1 -1000 -1000 -1000 -10 -0.952035
Pedestrian -1 -1 -10 13 50 85 182-1 -1 -1 -1000 -1000 -1000 -10 -0.957655
Pedestrian -1 -1 -10 972 1 1224 375-1 -1 -1 -1000 -1000 -1000 -10 -0.971632
Pedestrian -1 -1 -10 207 138 266 206-1 -1 -1 -1000 -1000 -1000 -10 -0.979775
Pedestrian -1 -1 -10 529 75 591 190-1 -1 -1 -1000 -1000 -1000 -10 -0.988467
