Pedestrian -1 -1 -10 633 113 664 200-1 -1 -1 -1000 -1000 -1000 -10 -0.073113
Pedestrian -1 -1 -10 433 1 496 176-1 -1 -1 -1000 -1000 -1000 -10 -0.539839
Pedestrian -1 -1 -10 1 1 119 328-1 -1 -1 -1000 -1000 -1000 -10 -0.595878
Pedestrian -1 -1 -10 911 14 1001 117-1 -1 -1 -1000 -1000 -1000 -10 -0.65734
Pedestrian -1 -1 -10 689 129 720 216-1 -1 -1 -1000 -1000 -1000 -10 -0.72132
Pedestrian -1 -1 -10 470 93 533 166-1 -1 -1 -1000 -1000 -1000 -10 -0.797214
Pedestrian -1 -1 -10 827 114 905 204-1 -1 -1 -1000 -1000 -1000 -10 -0.91678
Pedestrian -1 -1 -10 781 1 836 153-1 -1 -1 -1000 -1000 -1000 -10 -0.918512
Pedestrian -1 -1 -10 696 138 755 206-1 -1 -1 -1000 -1000 -1000 -10 -0.937938
Pedestrian -1 -1 -10 1227 224 1242 317-1 -1 -1 -1000 -1000 -1000 -10 -0.938659
Pedestrian -1 -1 -10 1106 61 1195 224-1 -1 -1 -1000 -1000 -1000 -10 -0.974151
Pedestrian -1 -1 -10 449 97 512 272-1 -1 -1 -1000 -1000 -1000 -10 -0.981431
Pedestrian -1 -1 -10 523 16 612 179-1 -1 -1 -1000 -1000 -1000 -10 -0.987023
