Pedestrian -1 -1 -10 789 178 827 285-1 -1 -1 -1000 -1000 -1000 -10 -0.494836
Pedestrian -1 -1 -10 841 57 888 144-1 -1 -1 -1000 -1000 -1000 -10 -0.691051
Pedestrian -1 -1 -10 385 109 453 187-1 -1 -1 -1000 -1000 -1000 -10 -0.720692
Pedestrian -1 -1 -10 837 16 896 179-1 -1 -1 -1000 -1000 -1000 -10 -0.829439
Pedestrian -1 -1 -10 1004 29 1059 181-1 -1 -1 -1000 -1000 -1000 -10 -0.83058
Pedestrian -1 -1 -10 1 93 74 294-1 -1 -1 -1000 -1000 -1000 -10 -0.864191
Pedestrian -1 -1 -10 1 25 49 157-1 -1 -1 -1000 -1000 -1000 -10 -0.866783
Pedestrian -1 -1 -10 681 70 739 177-1 -1 -1 -1000 -1000 -1000 -10 -0.878643
Pedestrian -1 -1 -10 978 95 1011 188-1 -1 -1 -1000 -1000 -1000 -10 -0.883153
Pedestrian -1 -1 -10 1 1 128 352-1 -1 -1 -1000 -1000 -1000 -10 -0.944247
Pedestrian -1 -1 -10 635 102 671 202-1 -1 -1 -1000 -1000 -1000 -10 -0.949741
Pedestrian -1 -1 -10 888 75 950 190-1 -1 -1 -1000 -1000 -1000 -10 -0.967985
