Pedestrian -1 -1 -10 885 105 962 247-1 -1 -1 -1000 -1000 -1000 -10 -0.403771
Pedestrian -1 -1 -10 984 47 1020 147-1 -1 -1 -1000 -1000 -1000 -10 -0.538463
Pedestrian -1 -1 -10 381 1 464 232-1 -1 -1 -1000 -1000 -1000 -10 -0.676977
Pedestrian -1 -1 -10 498 1 566 189-1 -1 -1 -1000 -1000 -1000 -10 -0.705331
Pedestrian -1 -1 -10 1158 261 1235 375-1 -1 -1 -1000 -1000 -1000 -10 -0.727214
Pedestrian -1 -1 -10 612 1 679 124-1 -1 -1 -1000 -1000 -1000 -10 -0.730804
Pedestrian -1 -1 -10 1197 157 1242 299-1 -1 -1 -1000 -1000 -1000 -10 -0.768304
Pedestrian -1 -1 -10 824 1 892 189-1 -1 -1 -1000 -1000 -1000 -10 -0.801232
Pedestrian -1 -1 -10 1017 41 1048 128-1 -1 -1 -1000 -1000 -1000 -10 -0.801277
Pedestrian -1 -1 -10 145 73 192 160-1 -1 -1 -1000 -1000 -1000 -10 -0.821773
Pedestrian -1 -1 -10 157 120 220 193-1 -1 -1 -1000 -1000 -1000 -10 -0.860063
Pedestrian -1 -1 -10 1075 70 1133 177-1 -1 -1 -1000 -1000 -1000 -10 -0.87767
Pedestrian -1 -1 -10 1 145 56 208-1 -1 -1 -1000 -1000 -1000 -10 -0.879974
Pedestrian -1 -1 -10 457 9 488 96-1 -1 -1 -1000 -1000 -1000 -10 -0.886779
Pedestrian -1 -1 -10 937 97 984 184-1 -1 -1 -1000 -1000 -1000 -10 -0.915353
Pedestrian -1 -1 -10 1113 81 1160 168-1 -1 -1 -1000 -1000 -1000 -10 -0.933436
Pedestrian -1 -1 -10 1203 11 1241 118-1 -1 -1 -1000 -1000 -1000 -10 -0.970998
Pedestrian -1 -1 -10 633 225 688 288-1 -1 -1 -1000 -1000 -1000 -10 -0.994366
