Pedestrian -1 -1 -10 120 240 183 313-1 -1 -1 -1000 -1000 -1000 -10 -0.26285
Pedestrian -1 -1 -10 671 99 739 177-1 -1 -1 -1000 -1000 -1000 -10 -0.460315
Pedestrian -1 -1 -10 1087 85 1142 237-1 -1 -1 -1000 -1000 -1000 -10 -0.485723
Pedestrian -1 -1 -10 762 46 865 164-1 -1 -1 -1000 -1000 -1000 -10 -0.495816
Pedestrian -1 -1 -10 365 53 442 195-1 -1 -1 -1000 -1000 -1000 -10 -0.648158
Pedestrian -1 -1 -10 940 80 984 203-1 -1 -1 -1000 -1000 -1000 -10 -0.812083
Pedestrian -1 -1 -10 790 1 909 137-1 -1 -1 -1000 -1000 -1000 -10 -0.832697
Pedestrian -1 -1 -10 474 62 546 194-1 -1 -1 -1000 -1000 -1000 -10 -0.838588
Pedestrian -1 -1 -10 690 40 827 197-1 -1 -1 -1000 -1000 -1000 -10 -0.876572
Pedestrian -1 -1 -10 438 112 497 180-1 -1 -1 -1000 -1000 -1000 -10 -0.883327
Pedestrian -1 -1 -10 318 43 465 211-1 -1 -1 -1000 -1000 -1000 -10 -0.950778
Pedestrian -1 -1 -10 524 70 574 163-1 -1 -1 -1000 -1000 -1000 -10 -0.975915
Pedestrian -1 -1 -10 434 1 669 375-1 -1 -1 -1000 -1000 -1000 -10 -0.994811
