Pedestrian -1 -1 -10 1161 65 1192 152-1 -1 -1 -1000 -1000 -1000 -10 -0.200696
Pedestrian -1 -1 -10 180 64 221 179-1 -1 -1 -1000 -1000 -1000 -10 -0.315273
Pedestrian -1 -1 -10 327 207 377 300-1 -1 -1 -1000 -1000 -1000 -10 -0.508358
Pedestrian -1 -1 -10 164 181 223 249-1 -1 -1 -1000 -1000 -1000 -10 -0.553216
Pedestrian -1 -1 -10 1144 1 1222 217-1 -1 -1 -1000 -1000 -1000 -10 -0.64252
Pedestrian -1 -1 -10 349 71 432 223-1 -1 -1 -1000 -1000 -1000 -10 -0.845043
Pedestrian -1 -1 -10 713 121 772 189-1 -1 -1 -1000 -1000 -1000 -10 -0.85454
Pedestrian -1 -1 -10 634 96 675 211-1 -1 -1 -1000 -1000 -1000 -10 -0.924312
Pedestrian -1 -1 -10 696 70 729 163-1 -1 -1 -1000 -1000 -1000 -10 -0.929226
Pedestrian -1 -1 -10 584 1 617 94-1 -1 -1 -1000 -1000 -1000 -10 -0.955861
Pedestrian -1 -1 -10 1104 11 1142 118-1 -1 -1 -1000 -1000 -1000 -10 -0.9623
Pedestrian -1 -1 -10 433 1 496 176-1 -1 -1 -1000 -1000 -1000 -10 -0.962421
Pedestrian -1 -1 -10 316 21 394 237-1 -1 -1 -1000 -1000 -1000 -10 -0.969651
