Pedestrian -1 -1 -10 770 148 814 271-1 -1 -1 -1000 -1000 -1000 -10 0.942445
Pedestrian -1 -1 -10 753 129 816 304-1 -1 -1 -1000 -1000 -1000 -10 0.0284634
Pedestrian -1 -1 -10 1 97 32 184-1 -1 -1 -1000 -1000 -1000 -10 -0.554515
Pedestrian -1 -1 -10 1 117 42 232-1 -1 -1 -1000 -1000 -1000 -10 -0.558784
Pedestrian -1 -1 -10 257 178 315 285-1 -1 -1 -1000 -1000 -1000 -10 -0.720371
Pedestrian -1 -1 -10 537 1 592 64-1 -1 -1 -1000 -1000 -1000 -10 -0.756291
Pedestrian -1 -1 -10 543 267 601 370-1 -1 -1 -1000 -1000 -1000 -10 -0.768132
Pedestrian -1 -1 -10 710 119 748 226-1 -1 -1 -1000 -1000 -1000 -10 -0.782395
Pedestrian -1 -1 -10 580 267 634 367-1 -1 -1 -1000 -1000 -1000 -10 -0.80629
Pedestrian -1 -1 -10 750 119 887 276-1 -1 -1 -1000 -1000 -1000 -10 -0.810254
Pedestrian -1 -1 -10 349 159 390 274-1 -1 -1 -1000 -1000 -1000 -10 -0.829039
Pedestrian -1 -1 -10 381 223 454 306-1 -1 -1 -1000 -1000 -1000 -10 -0.891165
Pedestrian -1 -1 -10 470 1 524 101-1 -1 -1 -1000 -1000 -1000 -10 -0.896875
Pedestrian -1 -1 -10 1038 164 1088 257-1 -1 -1 -1000 -1000 -1000 -10 -0.910443
Pedestrian -1 -1 -10 687 172 737 265-1 -1 -1 -1000 -1000 -1000 -10 -0.914527
Pedestrian -1 -1 -10 153 89 200 176-1 -1 -1 -1000 -1000 -1000 -10 -0.924654
Pedestrian -1 -1 -10 1081 164 1131 257-1 -1 -1 -1000 -1000 -1000 -10 -0.945865
Pedestrian -1 -1 -10 284 125 362 215-1 -1 -1 -1000 -1000 -1000 -10 -0.957236
Pedestrian -1 -1 -10 345 121 400 184-1 -1 -1 -1000 -1000 -1000 -10 -0.957284
Pedestrian -1 -1 -10 1116 104 1175 172-1 -1 -1 -1000 -1000 -1000 -10 -0.989225
