Pedestrian -1 -1 -10 681 119 719 226-1 -1 -1 -1000 -1000 -1000 -10 0.236143
Pedestrian -1 -1 -10 1 1 60 164-1 -1 -1 -1000 -1000 -1000 -10 -0.121117
Pedestrian -1 -1 -10 1 1 91 249-1 -1 -1 -1000 -1000 -1000 -10 -0.341467
Pedestrian -1 -1 -10 1193 169 1224 256-1 -1 -1 -1000 -1000 -1000 -10 -0.433724
Pedestrian -1 -1 -10 634 85 707 168-1 -1 -1 -1000 -1000 -1000 -10 -0.551491
Pedestrian -1 -1 -10 1 159 79 375-1 -1 -1 -1000 -1000 -1000 -10 -0.626171
Pedestrian -1 -1 -10 889 1 944 64-1 -1 -1 -1000 -1000 -1000 -10 -0.756983
Pedestrian -1 -1 -10 194 120 257 193-1 -1 -1 -1000 -1000 -1000 -10 -0.76446
Pedestrian -1 -1 -10 643 91 702 254-1 -1 -1 -1000 -1000 -1000 -10 -0.801336
Pedestrian -1 -1 -10 1006 1 1044 108-1 -1 -1 -1000 -1000 -1000 -10 -0.83508
Pedestrian -1 -1 -10 1 1 194 375-1 -1 -1 -1000 -1000 -1000 -10 -0.851841
Pedestrian -1 -1 -10 713 95 746 188-1 -1 -1 -1000 -1000 -1000 -10 -0.878614
Pedestrian -1 -1 -10 710 1 768 108-1 -1 -1 -1000 -1000 -1000 -10 -0.891764
Pedestrian -1 -1 -10 1203 139 1241 246-1 -1 -1 -1000 -1000 -1000 -10 -0.899736
Pedestrian -1 -1 -10 1203 40 1241 147-1 -1 -1 -1000 -1000 -1000 -10 -0.925686
Pedestrian -1 -1 -10 1158 118 1235 260-1 -1 -1 -1000 -1000 -1000 -10 -0.932549
Pedestrian -1 -1 -10 1015 40 1073 147-1 -1 -1 -1000 -1000 -1000 -10 -0.972264
Pedestrian -1 -1 -10 625 161 656 248-1 -1 -1 -1000 -1000 -1000 -10 -0.979212
Pedestrian -1 -1 -10 703 53 754 195-1 -1 -1 -1000 -1000 -1000 -10 -0.985559
Pedestrian -1 -1 -10 1189 1 1242 267-1 -1 -1 -1000 -1000 -1000 -10 -0.993011
