Pedestrian -1 -1 -10 976 79 1027 221-1 -1 -1 -1000 -1000 -1000 -10 -0.0241241
Pedestrian -1 -1 -10 761 105 808 192-1 -1 -1 -1000 -1000 -1000 -10 -0.691296
Pedestrian -1 -1 -10 593 130 652 198-1 -1 -1 -1000 -1000 -1000 -10 -0.700775
Pedestrian -1 -1 -10 817 33 880 208-1 -1 -1 -1000 -1000 -1000 -10 -0.766056
Pedestrian -1 -1 -10 761 1 844 232-1 -1 -1 -1000 -1000 -1000 -10 -0.815586
Pedestrian -1 -1 -10 365 90 423 197-1 -1 -1 -1000 -1000 -1000 -10 -0.828423
Pedestrian -1 -1 -10 65 139 128 212-1 -1 -1 -1000 -1000 -1000 -10 -0.890593
Pedestrian -1 -1 -10 658 1 866 239-1 -1 -1 -1000 -1000 -1000 -10 -0.917141
Pedestrian -1 -1 -10 176 111 212 211-1 -1 -1 -1000 -1000 -1000 -10 -0.961281
Pedestrian -1 -1 -10 1013 121 1046 214-1 -1 -1 -1000 -1000 -1000 -10 -0.981514
