Pedestrian -1 -1 -10 1184 79 1235 221-1 -1 -1 -1000 -1000 -1000 -10 -0.257257
Pedestrian -1 -1 -10 1 75 37 175-1 -1 -1 -1000 -1000 -1000 -10 -0.303099
Pedestrian -1 -1 -10 1094 40 1132 147-1 -1 -1 -1000 -1000 -1000 -10 -0.624486
Pedestrian -1 -1 -10 764 102 818 202-1 -1 -1 -1000 -1000 -1000 -10 -0.733581
Pedestrian -1 -1 -10 993 265 1055 375-1 -1 -1 -1000 -1000 -1000 -10 -0.741904
Pedestrian -1 -1 -10 1032 57 1087 209-1 -1 -1 -1000 -1000 -1000 -10 -0.759799
Pedestrian -1 -1 -10 850 13 922 145-1 -1 -1 -1000 -1000 -1000 -10 -0.801745
Pedestrian -1 -1 -10 625 1 988 375-1 -1 -1 -1000 -1000 -1000 -10 -0.805334
Pedestrian -1 -1 -10 1225 257 1242 344-1 -1 -1 -1000 -1000 -1000 -10 -0.84885
Pedestrian -1 -1 -10 1177 29 1240 102-1 -1 -1 -1000 -1000 -1000 -10 -0.850561
Pedestrian -1 -1 -10 1099 117 1172 200-1 -1 -1 -1000 -1000 -1000 -10 -0.913093
Pedestrian -1 -1 -10 1121 137 1199 227-1 -1 -1 -1000 -1000 -1000 -10 -0.920185
Pedestrian -1 -1 -10 1033 321 1088 375-1 -1 -1 -1000 -1000 -1000 -10 -0.925714
Pedestrian -1 -1 -10 509 46 568 209-1 -1 -1 -1000 -1000 -1000 -10 -0.929914
Pedestrian -1 -1 -10 996 1 1235 274-1 -1 -1 -1000 -1000 -1000 -10 -0.991585
