Pedestrian -1 -1 -10 1021 130 1054 223-1 -1 -1 -1000 -1000 -1000 -10 -0.015316
Pedestrian -1 -1 -10 216 80 260 203-1 -1 -1 -1000 -1000 -1000 -10 -0.268332
Pedestrian -1 -1 -10 740 178 798 285-1 -1 -1 -1000 -1000 -1000 -10 -0.380105
Pedestrian -1 -1 -10 725 103 803 193-1 -1 -1 -1000 -1000 -1000 -10 -0.594942
Pedestrian -1 -1 -10 370 180 411 295-1 -1 -1 -1000 -1000 -1000 -10 -0.619034
Pedestrian -1 -1 -10 306 12 384 102-1 -1 -1 -1000 -1000 -1000 -10 -0.715614
Pedestrian -1 -1 -10 608 93 736 239-1 -1 -1 -1000 -1000 -1000 -10 -0.749732
Pedestrian -1 -1 -10 781 138 814 231-1 -1 -1 -1000 -1000 -1000 -10 -0.816282
Pedestrian -1 -1 -10 313 53 416 338-1 -1 -1 -1000 -1000 -1000 -10 -0.890497
Pedestrian -1 -1 -10 190 87 309 223-1 -1 -1 -1000 -1000 -1000 -10 -0.940884
Pedestrian -1 -1 -10 927 46 986 209-1 -1 -1 -1000 -1000 -1000 -10 -0.980301
Pedestrian -1 -1 -10 402 117 475 200-1 -1 -1 -1000 -1000 -1000 -10 -0.980903
