Pedestrian -1 -1 -10 460 176 496 276-1 -1 -1 -1000 -1000 -1000 -10 0.322795
Pedestrian -1 -1 -10 729 161 760 248-1 -1 -1 -1000 -1000 -1000 -10 0.230924
Pedestrian -1 -1 -10 697 153 728 240-1 -1 -1 -1000 -1000 -1000 -10 0.182703
Pedestrian -1 -1 -10 202 96 243 211-1 -1 -1 -1000 -1000 -1000 -10 0.00301075
Pedestrian -1 -1 -10 425 185 456 272-1 -1 -1 -1000 -1000 -1000 -10 -0.0851865
Pedestrian -1 -1 -10 791 102 827 202-1 -1 -1 -1000 -1000 -1000 -10 -0.0946279
Pedestrian -1 -1 -10 600 57 655 209-1 -1 -1 -1000 -1000 -1000 -10 -0.307644
Pedestrian -1 -1 -10 883 240 946 313-1 -1 -1 -1000 -1000 -1000 -10 -0.39461
Pedestrian -1 -1 -10 433 112 516 264-1 -1 -1 -1000 -1000 -1000 -10 -0.401051
Pedestrian -1 -1 -10 874 244 946 375-1 -1 -1 -1000 -1000 -1000 -10 -0.663143
Pedestrian -1 -1 -10 803 1 886 232-1 -1 -1 -1000 -1000 -1000 -10 -0.733524
Pedestrian -1 -1 -10 677 92 754 234-1 -1 -1 -1000 -1000 -1000 -10 -0.762917
Pedestrian -1 -1 -10 44 10 77 103-1 -1 -1 -1000 -1000 -1000 -10 -0.783561
Pedestrian -1 -1 -10 1046 1 1164 328-1 -1 -1 -1000 -1000 -1000 -10 -0.832181
Pedestrian -1 -1 -10 550 35 755 375-1 -1 -1 -1000 -1000 -1000 -10 -0.847908
Pedestrian -1 -1 -10 417 27 520 312-1 -1 -1 -1000 -1000 -1000 -10 -0.851354
Pedestrian -1 -1 -10 22 138 84 253-1 -1 -1 -1000 -1000 -1000 -10 -0.947427
Pedestrian -1 -1 -10 513 121 560 208-1 -1 -1 -1000 -1000 -1000 -10 -0.965436
