Pedestrian -1 -1 -10 793 89 824 176-1 -1 -1 -1000 -1000 -1000 -10 -0.0672731
Pedestrian -1 -1 -10 374 193 441 316-1 -1 -1 -1000 -1000 -1000 -10 -0.230083
Pedestrian -1 -1 -10 350 185 459 375-1 -1 -1 -1000 -1000 -1000 -10 -0.550282
Pedestrian -1 -1 -10 205 182 283 272-1 -1 -1 -1000 -1000 -1000 -10 -0.684895
Pedestrian -1 -1 -10 963 92 1053 195-1 -1 -1 -1000 -1000 -1000 -10 -0.854553
Pedestrian -1 -1 -10 171 292 255 375-1 -1 -1 -1000 -1000 -1000 -10 -0.869645
Pedestrian -1 -1 -10 641 169 696 232-1 -1 -1 -1000 -1000 -1000 -10 -0.915542
Pedestrian -1 -1 -10 165 1 224 164-1 -1 -1 -1000 -1000 -1000 -10 -0.953194
Pedestrian -1 -1 -10 607 62 655 194-1 -1 -1 -1000 -1000 -1000 -10 -0.972293
Pedestrian -1 -1 -10 777 233 832 296-1 -1 -1 -1000 -1000 -1000 -10 -0.99384
Pedestrian -1 -1 -10 835 1 876 116-1 -1 -1 -1000 -1000 -1000 -10 -0.995521
Pedestrian -1 -1 -10 543 84 579 184-1 -1 -1 -1000 -1000 -1000 -10 -0.997014
