Pedestrian -1 -1 -10 697 57 752 209-1 -1 -1 -1000 -1000 -1000 -10 -0.305165
Pedestrian -1 -1 -10 1 90 39 197-1 -1 -1 -1000 -1000 -1000 -10 -0.547363
Pedestrian -1 -1 -10 377 81 408 168-1 -1 -1 -1000 -1000 -1000 -10 -0.693583
Pedestrian -1 -1 -10 208 139 246 246-1 -1 -1 -1000 -1000 -1000 -10 -0.72329
Pedestrian -1 -1 -10 353 37 401 169-1 -1 -1 -1000 -1000 -1000 -10 -0.75829
Pedestrian -1 -1 -10 396 93 432 193-1 -1 -1 -1000 -1000 -1000 -10 -0.811637
Pedestrian -1 -1 -10 612 40 663 182-1 -1 -1 -1000 -1000 -1000 -10 -0.828499
Pedestrian -1 -1 -10 497 84 560 157-1 -1 -1 -1000 -1000 -1000 -10 -0.84287
Pedestrian -1 -1 -10 340 103 384 226-1 -1 -1 -1000 -1000 -1000 -10 -0.846959
Pedestrian -1 -1 -10 169 185 200 272-1 -1 -1 -1000 -1000 -1000 -10 -0.89788
Pedestrian -1 -1 -10 1 17 48 104-1 -1 -1 -1000 -1000 -1000 -10 -0.940579
Pedestrian -1 -1 -10 756 1 815 69-1 -1 -1 -1000 -1000 -1000 -10 -0.941066
Pedestrian -1 -1 -10 1113 105 1144 192-1 -1 -1 -1000 -1000 -1000 -10 -0.956427
Pedestrian -1 -1 -10 567 147 617 240-1 -1 -1 -1000 -1000 -1000 -10 -0.995399
