Pedestrian -1 -1 -10 1087 1 1242 375-1 -1 -1 -1000 -1000 -1000 -10 -0.206498
Pedestrian -1 -1 -10 623 193 690 316-1 -1 -1 -1000 -1000 -1000 -10 -0.750714
Pedestrian -1 -1 -10 938 139 974 239-1 -1 -1 -1000 -1000 -1000 -10 -0.76268
Pedestrian -1 -1 -10 601 58 645 181-1 -1 -1 -1000 -1000 -1000 -10 -0.7881
Pedestrian -1 -1 -10 635 87 694 155-1 -1 -1 -1000 -1000 -1000 -10 -0.85266
Pedestrian -1 -1 -10 521 80 588 203-1 -1 -1 -1000 -1000 -1000 -10 -0.889222
Pedestrian -1 -1 -10 764 104 797 197-1 -1 -1 -1000 -1000 -1000 -10 -0.949155
Pedestrian -1 -1 -10 696 164 755 232-1 -1 -1 -1000 -1000 -1000 -10 -0.954446
Pedestrian -1 -1 -10 738 87 788 180-1 -1 -1 -1000 -1000 -1000 -10 -0.967477
Pedestrian -1 -1 -10 583 76 686 194-1 -1 -1 -1000 -1000 -1000 -10 -0.970974
Pedestrian -1 -1 -10 170 1 232 116-1 -1 -1 -1000 -1000 -1000 -10 -0.983825
Pedestrian -1 -1 -10 993 217 1048 280-1 -1 -1 -1000 -1000 -1000 -10 -0.999145
