Pedestrian -1 -1 -10 541 198 600 266-1 -1 -1 -1000 -1000 -1000 -10 -0.508778
Pedestrian -1 -1 -10 1104 1 1242 375-1 -1 -1 -1000 -1000 -1000 -10 -0.521223
Pedestrian -1 -1 -10 803 170 876 253-1 -1 -1 -1000 -1000 -1000 -10 -0.541282
Pedestrian -1 -1 -10 457 225 512 288-1 -1 -1 -1000 -1000 -1000 -10 -0.565896
Pedestrian -1 -1 -10 461 210 558 320-1 -1 -1 -1000 -1000 -1000 -10 -0.681942
Pedestrian -1 -1 -10 1030 1 1066 101-1 -1 -1 -1000 -1000 -1000 -10 -0.700071
Pedestrian -1 -1 -10 258 95 317 163-1 -1 -1 -1000 -1000 -1000 -10 -0.70935
Pedestrian -1 -1 -10 244 25 389 291-1 -1 -1 -1000 -1000 -1000 -10 -0.748475
Pedestrian -1 -1 -10 882 31 941 194-1 -1 -1 -1000 -1000 -1000 -10 -0.816031
Pedestrian -1 -1 -10 137 225 168 312-1 -1 -1 -1000 -1000 -1000 -10 -0.817319
Pedestrian -1 -1 -10 202 75 275 158-1 -1 -1 -1000 -1000 -1000 -10 -0.83122
Pedestrian -1 -1 -10 716 66 767 208-1 -1 -1 -1000 -1000 -1000 -10 -0.843555
Pedestrian -1 -1 -10 626 111 662 211-1 -1 -1 -1000 -1000 -1000 -10 -0.863229
Pedestrian -1 -1 -10 1049 212 1103 312-1 -1 -1 -1000 -1000 -1000 -10 -0.912498
Pedestrian -1 -1 -10 837 76 926 239-1 -1 -1 -1000 -1000 -1000 -10 -0.918154
Pedestrian -1 -1 -10 1081 138 1114 231-1 -1 -1 -1000 -1000 -1000 -10 -0.924663
Pedestrian -1 -1 -10 673 121 728 184-1 -1 -1 -1000 -1000 -1000 -10 -0.925474
Pedestrian -1 -1 -10 738 44 797 112-1 -1 -1 -1000 -1000 -1000 -10 -0.931059
Pedestrian -1 -1 -10 897 228 935 335-1 -1 -1 -1000 -1000 -1000 -10 -0.968957
Pedestrian -1 -1 -10 369 153 416 240-1 -1 -1 -1000 -1000 -1000 -10 -0.983351
