Pedestrian -1 -1 -10 738 95 771 188-1 -1 -1 -1000 -1000 -1000 -10 -0.523345
Pedestrian -1 -1 -10 172 95 222 188-1 -1 -1 -1000 -1000 -1000 -10 -0.744414
Pedestrian -1 -1 -10 518 22 580 137-1 -1 -1 -1000 -1000 -1000 -10 -0.759031
Pedestrian -1 -1 -10 809 99 864 251-1 -1 -1 -1000 -1000 -1000 -10 -0.786487
Pedestrian -1 -1 -10 729 157 819 260-1 -1 -1 -1000 -1000 -1000 -10 -0.823084
Pedestrian -1 -1 -10 498 130 557 198-1 -1 -1 -1000 -1000 -1000 -10 -0.858337
Pedestrian -1 -1 -10 953 172 986 265-1 -1 -1 -1000 -1000 -1000 -10 -0.890836
Pedestrian -1 -1 -10 1030 181 1089 249-1 -1 -1 -1000 -1000 -1000 -10 -0.900508
Pedestrian -1 -1 -10 961 95 1020 163-1 -1 -1 -1000 -1000 -1000 -10 -0.907686
Pedestrian -1 -1 -10 534 120 597 193-1 -1 -1 -1000 -1000 -1000 -10 -0.942255
Pedestrian -1 -1 -10 235 157 390 375-1 -1 -1 -1000 -1000 -1000 -10 -0.944844
Pedestrian -1 -1 -10 976 178 1034 285-1 -1 -1 -1000 -1000 -1000 -10 -0.971481
Pedestrian -1 -1 -10 865 57 896 144-1 -1 -1 -1000 -1000 -1000 -10 -0.983768
