Pedestrian -1 -1 -10 769 109 807 216-1 -1 -1 -1000 -1000 -1000 -10 -0.582531
Pedestrian -1 -1 -10 9 145 56 232-1 -1 -1 -1000 -1000 -1000 -10 -0.721546
Pedestrian -1 -1 -10 1065 119 1123 226-1 -1 -1 -1000 -1000 -1000 -10 -0.780014
Pedestrian -1 -1 -10 33 105 64 192-1 -1 -1 -1000 -1000 -1000 -10 -0.83494
Pedestrian -1 -1 -10 769 1 807 108-1 -1 -1 -1000 -1000 -1000 -10 -0.860662
Pedestrian -1 -1 -10 730 1 763 94-1 -1 -1 -1000 -1000 -1000 -10 -0.870576
Pedestrian -1 -1 -10 1178 159 1242 249-1 -1 -1 -1000 -1000 -1000 -10 -0.881627
Pedestrian -1 -1 -10 719 1 802 232-1 -1 -1 -1000 -1000 -1000 -10 -0.888808
Pedestrian -1 -1 -10 258 70 291 163-1 -1 -1 -1000 -1000 -1000 -10 -0.899685
Pedestrian -1 -1 -10 498 112 557 180-1 -1 -1 -1000 -1000 -1000 -10 -0.933798
Pedestrian -1 -1 -10 474 119 749 375-1 -1 -1 -1000 -1000 -1000 -10 -0.972479
Pedestrian -1 -1 -10 781 57 836 209-1 -1 -1 -1000 -1000 -1000 -10 -0.994365
