Pedestrian -1 -1 -10 837 154 892 306-1 -1 -1 -1000 -1000 -1000 -10 1.3392
Pedestrian -1 -1 -10 761 138 802 253-1 -1 -1 -1000 -1000 -1000 -10 0.47864
Pedestrian -1 -1 -10 828 139 906 355-1 -1 -1 -1000 -1000 -1000 -10 0.253793
Pedestrian -1 -1 -10 286 117 359 200-1 -1 -1 -1000 -1000 -1000 -10 -0.313707
Pedestrian -1 -1 -10 474 1 532 108-1 -1 -1 -1000 -1000 -1000 -10 -0.462258
Pedestrian -1 -1 -10 375 159 492 370-1 -1 -1 -1000 -1000 -1000 -10 -0.502957
Pedestrian -1 -1 -10 725 57 891 362-1 -1 -1 -1000 -1000 -1000 -10 -0.73643
Pedestrian -1 -1 -10 329 1 388 164-1 -1 -1 -1000 -1000 -1000 -10 -0.761979
Pedestrian -1 -1 -10 109 1 147 108-1 -1 -1 -1000 -1000 -1000 -10 -0.787278
Pedestrian -1 -1 -10 268 122 340 254-1 -1 -1 -1000 -1000 -1000 -10 -0.828907
Pedestrian -1 -1 -10 280 71 363 223-1 -1 -1 -1000 -1000 -1000 -10 -0.884819
Pedestrian -1 -1 -10 350 120 413 193-1 -1 -1 -1000 -1000 -1000 -10 -0.896708
Pedestrian -1 -1 -10 541 10 591 103-1 -1 -1 -1000 -1000 -1000 -10 -0.902358
Pedestrian -1 -1 -10 653 52 686 145-1 -1 -1 -1000 -1000 -1000 -10 -0.921358
Pedestrian -1 -1 -10 241 172 291 265-1 -1 -1 -1000 -1000 -1000 -10 -0.942476
Pedestrian -1 -1 -10 352 250 396 370-1 -1 -1 -1000 -1000 -1000 -10 -0.955979
Pedestrian -1 -1 -10 876 35 909 128-1 -1 -1 -1000 -1000 -1000 -10 -0.971096
Pedestrian -1 -1 -10 255 1 314 164-1 -1 -1 -1000 -1000 -1000 -10 -0.974254
Pedestrian -1 -1 -10 524 1 557 94-1 -1 -1 -1000 -1000 -1000 -10 -0.98373
Pedestrian -1 -1 -10 645 96 707 211-1 -1 -1 -1000 -1000 -1000 -10 -0.995924
Pedestrian -1 -1 -10 138 138 377 370-1 -1 -1 -1000 -1000 -1000 -10 -0.998042
