Pedestrian -1 -1 -10 41 137 88 224-1 -1 -1 -1000 -1000 -1000 -10 -0.438735
Pedestrian -1 -1 -10 790 1 995 375-1 -1 -1 -1000 -1000 -1000 -10 -0.633963
Pedestrian -1 -1 -10 672 111 708 211-1 -1 -1 -1000 -1000 -1000 -10 -0.640631
Pedestrian -1 -1 -10 323 93 359 193-1 -1 -1 -1000 -1000 -1000 -10 -0.666794
Pedestrian -1 -1 -10 1129 185 1176 272-1 -1 -1 -1000 -1000 -1000 -10 -0.716792
Pedestrian -1 -1 -10 1 1 32 88-1 -1 -1 -1000 -1000 -1000 -10 -0.771162
Pedestrian -1 -1 -10 147 27 197 120-1 -1 -1 -1000 -1000 -1000 -10 -0.820536
Pedestrian -1 -1 -10 185 120 221 220-1 -1 -1 -1000 -1000 -1000 -10 -0.837289
Pedestrian -1 -1 -10 1 176 64 249-1 -1 -1 -1000 -1000 -1000 -10 -0.873622
Pedestrian -1 -1 -10 473 70 506 163-1 -1 -1 -1000 -1000 -1000 -10 -0.891373
Pedestrian -1 -1 -10 633 113 664 200-1 -1 -1 -1000 -1000 -1000 -10 -0.904237
Pedestrian -1 -1 -10 369 25 400 112-1 -1 -1 -1000 -1000 -1000 -10 -0.95803
Pedestrian -1 -1 -10 1 1 111 306-1 -1 -1 -1000 -1000 -1000 -10 -0.962261
Pedestrian -1 -1 -10 339 1 422 232-1 -1 -1 -1000 -1000 -1000 -10 -0.964385
Pedestrian -1 -1 -10 664 92 741 234-1 -1 -1 -1000 -1000 -1000 -10 -0.96662
Pedestrian -1 -1 -10 1133 155 1242 291-1 -1 -1 -1000 -1000 -1000 -10 -0.984652
