Pedestrian -1 -1 -10 673 91 732 254-1 -1 -1 -1000 -1000 -1000 -10 -0.497652
Pedestrian -1 -1 -10 1055 277 1113 370-1 -1 -1 -1000 -1000 -1000 -10 -0.54071
Pedestrian -1 -1 -10 873 281 928 344-1 -1 -1 -1000 -1000 -1000 -10 -0.603416
Pedestrian -1 -1 -10 396 1 450 101-1 -1 -1 -1000 -1000 -1000 -10 -0.704038
Pedestrian -1 -1 -10 795 224 878 370-1 -1 -1 -1000 -1000 -1000 -10 -0.859848
Pedestrian -1 -1 -10 986 218 1024 325-1 -1 -1 -1000 -1000 -1000 -10 -0.875425
Pedestrian -1 -1 -10 1017 161 1072 224-1 -1 -1 -1000 -1000 -1000 -10 -0.89047
Pedestrian -1 -1 -10 1007 159 1079 291-1 -1 -1 -1000 -1000 -1000 -10 -0.917934
Pedestrian -1 -1 -10 1094 119 1152 226-1 -1 -1 -1000 -1000 -1000 -10 -0.921733
Pedestrian -1 -1 -10 861 273 939 363-1 -1 -1 -1000 -1000 -1000 -10 -0.942248
Pedestrian -1 -1 -10 993 149 1119 370-1 -1 -1 -1000 -1000 -1000 -10 -0.951497
Pedestrian -1 -1 -10 641 153 696 216-1 -1 -1 -1000 -1000 -1000 -10 -0.962851
Pedestrian -1 -1 -10 207 95 257 188-1 -1 -1 -1000 -1000 -1000 -10 -0.970715
Pedestrian -1 -1 -10 573 235 650 370-1 -1 -1 -1000 -1000 -1000 -10 -0.979877
Pedestrian -1 -1 -10 374 46 418 169-1 -1 -1 -1000 -1000 -1000 -10 -0.996858
