Pedestrian -1 -1 -10 824 1 907 232-1 -1 -1 -1000 -1000 -1000 -10 -0.533495
Pedestrian -1 -1 -10 307 43 348 158-1 -1 -1 -1000 -1000 -1000 -10 -0.711453
Pedestrian -1 -1 -10 433 93 487 193-1 -1 -1 -1000 -1000 -1000 -10 -0.717954
Pedestrian -1 -1 -10 725 29 919 251-1 -1 -1 -1000 -1000 -1000 -10 -0.751778
Pedestrian -1 -1 -10 359 31 448 194-1 -1 -1 -1000 -1000 -1000 -10 -0.780941
Pedestrian -1 -1 -10 583 31 642 194-1 -1 -1 -1000 -1000 -1000 -10 -0.810297
Pedestrian -1 -1 -10 552 93 606 193-1 -1 -1 -1000 -1000 -1000 -10 -0.852675
Pedestrian -1 -1 -10 1 1 137 375-1 -1 -1 -1000 -1000 -1000 -10 -0.871633
Pedestrian -1 -1 -10 159 1 394 375-1 -1 -1 -1000 -1000 -1000 -10 -0.948984
Pedestrian -1 -1 -10 883 1 1139 294-1 -1 -1 -1000 -1000 -1000 -10 -0.962383
