Pedestrian -1 -1 -10 730 147 763 240-1 -1 -1 -1000 -1000 -1000 -10 -0.474309
Pedestrian -1 -1 -10 497 129 528 216-1 -1 -1 -1000 -1000 -1000 -10 -0.563128
Pedestrian -1 -1 -10 663 75 699 175-1 -1 -1 -1000 -1000 -1000 -10 -0.581862
Pedestrian -1 -1 -10 697 137 728 224-1 -1 -1 -1000 -1000 -1000 -10 -0.590838
Pedestrian -1 -1 -10 898 180 971 263-1 -1 -1 -1000 -1000 -1000 -10 -0.621862
Pedestrian -1 -1 -10 386 1 476 249-1 -1 -1 -1000 -1000 -1000 -10 -0.625637
Pedestrian -1 -1 -10 181 190 240 258-1 -1 -1 -1000 -1000 -1000 -10 -0.736733
Pedestrian -1 -1 -10 1081 27 1131 120-1 -1 -1 -1000 -1000 -1000 -10 -0.798576
Pedestrian -1 -1 -10 99 29 154 181-1 -1 -1 -1000 -1000 -1000 -10 -0.906977
Pedestrian -1 -1 -10 687 52 755 240-1 -1 -1 -1000 -1000 -1000 -10 -0.908013
Pedestrian -1 -1 -10 1065 105 1120 168-1 -1 -1 -1000 -1000 -1000 -10 -0.920685
Pedestrian -1 -1 -10 1116 52 1175 120-1 -1 -1 -1000 -1000 -1000 -10 -0.968403
