Pedestrian -1 -1 -10 1 76 60 239-1 -1 -1 -1000 -1000 -1000 -10 -0.521933
Pedestrian -1 -1 -10 409 113 464 176-1 -1 -1 -1000 -1000 -1000 -10 -0.528711
Pedestrian -1 -1 -10 898 1 994 267-1 -1 -1 -1000 -1000 -1000 -10 -0.597221
Pedestrian -1 -1 -10 613 107 686 190-1 -1 -1 -1000 -1000 -1000 -10 -0.64081
Pedestrian -1 -1 -10 833 129 928 304-1 -1 -1 -1000 -1000 -1000 -10 -0.649057
Pedestrian -1 -1 -10 177 81 288 208-1 -1 -1 -1000 -1000 -1000 -10 -0.666792
Pedestrian -1 -1 -10 809 238 892 375-1 -1 -1 -1000 -1000 -1000 -10 -0.678558
Pedestrian -1 -1 -10 544 1 701 181-1 -1 -1 -1000 -1000 -1000 -10 -0.710819
Pedestrian -1 -1 -10 43 138 116 221-1 -1 -1 -1000 -1000 -1000 -10 -0.714094
Pedestrian -1 -1 -10 273 121 320 208-1 -1 -1 -1000 -1000 -1000 -10 -0.723105
Pedestrian -1 -1 -10 1210 147 1242 240-1 -1 -1 -1000 -1000 -1000 -10 -0.748428
Pedestrian -1 -1 -10 313 102 367 202-1 -1 -1 -1000 -1000 -1000 -10 -0.755254
Pedestrian -1 -1 -10 10 10 46 110-1 -1 -1 -1000 -1000 -1000 -10 -0.783144
Pedestrian -1 -1 -10 769 1 847 217-1 -1 -1 -1000 -1000 -1000 -10 -0.827964
Pedestrian -1 -1 -10 182 24 339 204-1 -1 -1 -1000 -1000 -1000 -10 -0.858817
Pedestrian -1 -1 -10 363 57 418 209-1 -1 -1 -1000 -1000 -1000 -10 -0.864531
Pedestrian -1 -1 -10 1173 139 1241 217-1 -1 -1 -1000 -1000 -1000 -10 -0.872887
Pedestrian -1 -1 -10 374 76 477 194-1 -1 -1 -1000 -1000 -1000 -10 -0.926801
Pedestrian -1 -1 -10 117 85 190 168-1 -1 -1 -1000 -1000 -1000 -10 -0.933844
Pedestrian -1 -1 -10 1104 148 1167 221-1 -1 -1 -1000 -1000 -1000 -10 -0.947814
Pedestrian -1 -1 -10 1189 1 1242 267-1 -1 -1 -1000 -1000 -1000 -10 -0.973633
