Pedestrian -1 -1 -10 773 176 809 276-1 -1 -1 -1000 -1000 -1000 -10 0.0405273
Pedestrian -1 -1 -10 857 161 912 224-1 -1 -1 -1000 -1000 -1000 -10 0.0199747
Pedestrian -1 -1 -10 850 215 883 308-1 -1 -1 -1000 -1000 -1000 -10 -0.268223
Pedestrian -1 -1 -10 1041 257 1072 344-1 -1 -1 -1000 -1000 -1000 -10 -0.362581
Pedestrian -1 -1 -10 558 112 724 375-1 -1 -1 -1000 -1000 -1000 -10 -0.533043
Pedestrian -1 -1 -10 913 145 960 232-1 -1 -1 -1000 -1000 -1000 -10 -0.651433
Pedestrian -1 -1 -10 762 135 821 298-1 -1 -1 -1000 -1000 -1000 -10 -0.741608
Pedestrian -1 -1 -10 513 193 544 280-1 -1 -1 -1000 -1000 -1000 -10 -0.780426
Pedestrian -1 -1 -10 1 25 32 112-1 -1 -1 -1000 -1000 -1000 -10 -0.864157
Pedestrian -1 -1 -10 838 159 910 291-1 -1 -1 -1000 -1000 -1000 -10 -0.892033
Pedestrian -1 -1 -10 434 270 537 375-1 -1 -1 -1000 -1000 -1000 -10 -0.905368
