Pedestrian -1 -1 -10 447 61 480 154-1 -1 -1 -1000 -1000 -1000 -10 -0.513054
Pedestrian -1 -1 -10 764 111 800 211-1 -1 -1 -1000 -1000 -1000 -10 -0.537492
Pedestrian -1 -1 -10 1210 87 1242 180-1 -1 -1 -1000 -1000 -1000 -10 -0.569019
Pedestrian -1 -1 -10 617 84 671 184-1 -1 -1 -1000 -1000 -1000 -10 -0.661722
Pedestrian -1 -1 -10 782 1 865 232-1 -1 -1 -1000 -1000 -1000 -10 -0.699933
Pedestrian -1 -1 -10 505 17 552 104-1 -1 -1 -1000 -1000 -1000 -10 -0.699933
Pedestrian -1 -1 -10 1 1 49 133-1 -1 -1 -1000 -1000 -1000 -10 -0.709596
Pedestrian -1 -1 -10 359 1 418 164-1 -1 -1 -1000 -1000 -1000 -10 -0.737042
Pedestrian -1 -1 -10 1193 209 1240 296-1 -1 -1 -1000 -1000 -1000 -10 -0.771844
Pedestrian -1 -1 -10 405 120 441 220-1 -1 -1 -1000 -1000 -1000 -10 -0.834788
Pedestrian -1 -1 -10 742 79 819 221-1 -1 -1 -1000 -1000 -1000 -10 -0.835632
Pedestrian -1 -1 -10 633 9 664 96-1 -1 -1 -1000 -1000 -1000 -10 -0.896204
Pedestrian -1 -1 -10 1074 238 1157 375-1 -1 -1 -1000 -1000 -1000 -10 -0.923179
Pedestrian -1 -1 -10 1105 193 1152 280-1 -1 -1 -1000 -1000 -1000 -10 -0.928508
Pedestrian -1 -1 -10 1064 1 1200 375-1 -1 -1 -1000 -1000 -1000 -10 -0.933958
Pedestrian -1 -1 -10 644 112 694 205-1 -1 -1 -1000 -1000 -1000 -10 -0.937495
Pedestrian -1 -1 -10 837 61 896 224-1 -1 -1 -1000 -1000 -1000 -10 -0.93795
Pedestrian -1 -1 -10 447 43 502 195-1 -1 -1 -1000 -1000 -1000 -10 -0.942322
Pedestrian -1 -1 -10 1 52 69 240-1 -1 -1 -1000 -1000 -1000 -10 -0.944264
Pedestrian -1 -1 -10 74 1 146 133-1 -1 -1 -1000 -1000 -1000 -10 -0.971789
Pedestrian -1 -1 -10 677 96 739 211-1 -1 -1 -1000 -1000 -1000 -10 -0.979331
Pedestrian -1 -1 -10 1 1 194 375-1 -1 -1 -1000 -1000 -1000 -10 -0.981714
Pedestrian -1 -1 -10 1177 97 1232 160-1 -1 -1 -1000 -1000 -1000 -10 -0.988123
