Pedestrian -1 -1 -10 1153 129 1216 304-1 -1 -1 -1000 -1000 -1000 -10 -0.181953
Pedestrian -1 -1 -10 1 50 49 182-1 -1 -1 -1000 -1000 -1000 -10 -0.378679
Pedestrian -1 -1 -10 1210 207 1242 300-1 -1 -1 -1000 -1000 -1000 -10 -0.39366
Pedestrian -1 -1 -10 1075 31 1133 138-1 -1 -1 -1000 -1000 -1000 -10 -0.528965
Pedestrian -1 -1 -10 1183 90 1241 197-1 -1 -1 -1000 -1000 -1000 -10 -0.544333
Pedestrian -1 -1 -10 1020 74 1068 206-1 -1 -1 -1000 -1000 -1000 -10 -0.603515
Pedestrian -1 -1 -10 1145 27 1242 312-1 -1 -1 -1000 -1000 -1000 -10 -0.717478
Pedestrian -1 -1 -10 897 49 960 224-1 -1 -1 -1000 -1000 -1000 -10 -0.757787
Pedestrian -1 -1 -10 393 121 424 208-1 -1 -1 -1000 -1000 -1000 -10 -0.767585
Pedestrian -1 -1 -10 1042 1 1086 124-1 -1 -1 -1000 -1000 -1000 -10 -0.834136
Pedestrian -1 -1 -10 573 131 663 234-1 -1 -1 -1000 -1000 -1000 -10 -0.872117
Pedestrian -1 -1 -10 16 46 75 209-1 -1 -1 -1000 -1000 -1000 -10 -0.897883
Pedestrian -1 -1 -10 1044 147 1092 279-1 -1 -1 -1000 -1000 -1000 -10 -0.901446
Pedestrian -1 -1 -10 1013 241 1046 334-1 -1 -1 -1000 -1000 -1000 -10 -0.922135
Pedestrian -1 -1 -10 1099 159 1140 274-1 -1 -1 -1000 -1000 -1000 -10 -0.922634
Pedestrian -1 -1 -10 417 49 512 224-1 -1 -1 -1000 -1000 -1000 -10 -0.962585
