Pedestrian -1 -1 -10 224 181 257 274-1 -1 -1 -1000 -1000 -1000 -10 -0.29101
Pedestrian -1 -1 -10 339 223 401 338-1 -1 -1 -1000 -1000 -1000 -10 -0.468082
Pedestrian -1 -1 -10 729 281 760 368-1 -1 -1 -1000 -1000 -1000 -10 -0.594288
Pedestrian -1 -1 -10 337 313 384 375-1 -1 -1 -1000 -1000 -1000 -10 -0.647752
Pedestrian -1 -1 -10 505 9 552 96-1 -1 -1 -1000 -1000 -1000 -10 -0.770737
Pedestrian -1 -1 -10 209 25 264 88-1 -1 -1 -1000 -1000 -1000 -10 -0.812186
Pedestrian -1 -1 -10 349 54 390 169-1 -1 -1 -1000 -1000 -1000 -10 -0.859818
Pedestrian -1 -1 -10 223 170 285 285-1 -1 -1 -1000 -1000 -1000 -10 -0.861559
Pedestrian -1 -1 -10 1107 1 1166 69-1 -1 -1 -1000 -1000 -1000 -10 -0.907945
Pedestrian -1 -1 -10 304 194 358 294-1 -1 -1 -1000 -1000 -1000 -10 -0.911497
Pedestrian -1 -1 -10 929 185 983 285-1 -1 -1 -1000 -1000 -1000 -10 -0.917006
Pedestrian -1 -1 -10 585 65 632 152-1 -1 -1 -1000 -1000 -1000 -10 -0.93401
Pedestrian -1 -1 -10 818 237 886 315-1 -1 -1 -1000 -1000 -1000 -10 -0.944667
Pedestrian -1 -1 -10 460 157 514 257-1 -1 -1 -1000 -1000 -1000 -10 -0.946687
Pedestrian -1 -1 -10 87 181 146 249-1 -1 -1 -1000 -1000 -1000 -10 -0.949511
Pedestrian -1 -1 -10 109 159 177 237-1 -1 -1 -1000 -1000 -1000 -10 -0.950241
Pedestrian -1 -1 -10 807 118 858 260-1 -1 -1 -1000 -1000 -1000 -10 -0.966579
Pedestrian -1 -1 -10 177 233 232 296-1 -1 -1 -1000 -1000 -1000 -10 -0.977038
Pedestrian -1 -1 -10 212 47 275 120-1 -1 -1 -1000 -1000 -1000 -10 -0.995497
Pedestrian -1 -1 -10 656 57 739 209-1 -1 -1 -1000 -1000 -1000 -10 -0.996532
Pedestrian -1 -1 -10 168 1 334 306-1 -1 -1 -1000 -1000 -1000 -10 -0.997287
Pedestrian -1 -1 -10 1 1 37 101-1 -1 -1 -1000 -1000 -1000 -10 -0.997766
