Pedestrian -1 -1 -10 1171 43 1226 195-1 -1 -1 -1000 -1000 -1000 -10 -0.260798
Pedestrian -1 -1 -10 1217 57 1242 144-1 -1 -1 -1000 -1000 -1000 -10 -0.688161
Pedestrian -1 -1 -10 782 139 818 239-1 -1 -1 -1000 -1000 -1000 -10 -0.696937
Pedestrian -1 -1 -10 824 233 971 375-1 -1 -1 -1000 -1000 -1000 -10 -0.731184
Pedestrian -1 -1 -10 1193 249 1242 312-1 -1 -1 -1000 -1000 -1000 -10 -0.793254
Pedestrian -1 -1 -10 948 182 1045 292-1 -1 -1 -1000 -1000 -1000 -10 -0.820683
Pedestrian -1 -1 -10 1115 1 1225 306-1 -1 -1 -1000 -1000 -1000 -10 -0.835416
Pedestrian -1 -1 -10 930 43 971 158-1 -1 -1 -1000 -1000 -1000 -10 -0.851364
Pedestrian -1 -1 -10 323 75 377 175-1 -1 -1 -1000 -1000 -1000 -10 -0.856454
Pedestrian -1 -1 -10 503 31 561 138-1 -1 -1 -1000 -1000 -1000 -10 -0.911919
Pedestrian -1 -1 -10 430 1 498 189-1 -1 -1 -1000 -1000 -1000 -10 -0.940769
Pedestrian -1 -1 -10 464 46 567 164-1 -1 -1 -1000 -1000 -1000 -10 -0.940856
Pedestrian -1 -1 -10 638 27 715 169-1 -1 -1 -1000 -1000 -1000 -10 -0.965736
Pedestrian -1 -1 -10 865 166 919 266-1 -1 -1 -1000 -1000 -1000 -10 -0.997836
