Pedestrian -1 -1 -10 696 121 729 214-1 -1 -1 -1000 -1000 -1000 -10 -0.390676
Pedestrian -1 -1 -10 673 105 704 192-1 -1 -1 -1000 -1000 -1000 -10 -0.509705
Pedestrian -1 -1 -10 1193 208 1231 315-1 -1 -1 -1000 -1000 -1000 -10 -0.556179
Pedestrian -1 -1 -10 44 1 77 94-1 -1 -1 -1000 -1000 -1000 -10 -0.614722
Pedestrian -1 -1 -10 1214 147 1242 279-1 -1 -1 -1000 -1000 -1000 -10 -0.623493
Pedestrian -1 -1 -10 809 25 856 112-1 -1 -1 -1000 -1000 -1000 -10 -0.713873
Pedestrian -1 -1 -10 1171 112 1226 264-1 -1 -1 -1000 -1000 -1000 -10 -0.777938
Pedestrian -1 -1 -10 959 13 1043 109-1 -1 -1 -1000 -1000 -1000 -10 -0.791674
Pedestrian -1 -1 -10 469 157 624 375-1 -1 -1 -1000 -1000 -1000 -10 -0.796887
Pedestrian -1 -1 -10 782 1 849 124-1 -1 -1 -1000 -1000 -1000 -10 -0.887563
Pedestrian -1 -1 -10 33 138 74 253-1 -1 -1 -1000 -1000 -1000 -10 -0.890307
Pedestrian -1 -1 -10 996 172 1055 240-1 -1 -1 -1000 -1000 -1000 -10 -0.89394
Pedestrian -1 -1 -10 198 130 248 223-1 -1 -1 -1000 -1000 -1000 -10 -0.916983
Pedestrian -1 -1 -10 1145 1 1242 286-1 -1 -1 -1000 -1000 -1000 -10 -0.943658
Pedestrian -1 -1 -10 95 104 145 197-1 -1 -1 -1000 -1000 -1000 -10 -0.944412
Pedestrian -1 -1 -10 1 112 84 264-1 -1 -1 -1000 -1000 -1000 -10 -0.945745
Pedestrian -1 -1 -10 930 1 1056 232-1 -1 -1 -1000 -1000 -1000 -10 -0.948769
