Pedestrian -1 -1 -10 389 50 437 182-1 -1 -1 -1000 -1000 -1000 -10 -0.182961
Pedestrian -1 -1 -10 1 43 84 274-1 -1 -1 -1000 -1000 -1000 -10 -0.42867
Pedestrian -1 -1 -10 318 1 475 181-1 -1 -1 -1000 -1000 -1000 -10 -0.44627
Pedestrian -1 -1 -10 689 145 720 232-1 -1 -1 -1000 -1000 -1000 -10 -0.452537
Pedestrian -1 -1 -10 1 227 68 350-1 -1 -1 -1000 -1000 -1000 -10 -0.45738
Pedestrian -1 -1 -10 552 111 680 257-1 -1 -1 -1000 -1000 -1000 -10 -0.629553
Pedestrian -1 -1 -10 489 73 544 136-1 -1 -1 -1000 -1000 -1000 -10 -0.719683
Pedestrian -1 -1 -10 849 17 912 192-1 -1 -1 -1000 -1000 -1000 -10 -0.730829
Pedestrian -1 -1 -10 413 1 509 267-1 -1 -1 -1000 -1000 -1000 -10 -0.77473
Pedestrian -1 -1 -10 240 31 299 194-1 -1 -1 -1000 -1000 -1000 -10 -0.803782
Pedestrian -1 -1 -10 196 43 251 195-1 -1 -1 -1000 -1000 -1000 -10 -0.820466
Pedestrian -1 -1 -10 769 1 824 64-1 -1 -1 -1000 -1000 -1000 -10 -0.933355
Pedestrian -1 -1 -10 756 35 789 128-1 -1 -1 -1000 -1000 -1000 -10 -0.943123
Pedestrian -1 -1 -10 951 12 992 127-1 -1 -1 -1000 -1000 -1000 -10 -0.947396
