Pedestrian -1 -1 -10 553 109 591 216-1 -1 -1 -1000 -1000 -1000 -10 -0.259702
Pedestrian -1 -1 -10 740 149 781 264-1 -1 -1 -1000 -1000 -1000 -10 -0.591712
Pedestrian -1 -1 -10 595 86 643 218-1 -1 -1 -1000 -1000 -1000 -10 -0.614946
Pedestrian -1 -1 -10 690 139 728 246-1 -1 -1 -1000 -1000 -1000 -10 -0.718987
Pedestrian -1 -1 -10 552 1 588 101-1 -1 -1 -1000 -1000 -1000 -10 -0.723941
Pedestrian -1 -1 -10 1193 1 1231 108-1 -1 -1 -1000 -1000 -1000 -10 -0.771767
Pedestrian -1 -1 -10 1107 250 1140 343-1 -1 -1 -1000 -1000 -1000 -10 -0.775267
Pedestrian -1 -1 -10 1105 121 1136 208-1 -1 -1 -1000 -1000 -1000 -10 -0.782601
Pedestrian -1 -1 -10 1176 250 1235 318-1 -1 -1 -1000 -1000 -1000 -10 -0.795806
Pedestrian -1 -1 -10 193 1 320 352-1 -1 -1 -1000 -1000 -1000 -10 -0.844191
Pedestrian -1 -1 -10 592 1 670 217-1 -1 -1 -1000 -1000 -1000 -10 -0.8486
Pedestrian -1 -1 -10 1169 321 1224 375-1 -1 -1 -1000 -1000 -1000 -10 -0.85919
Pedestrian -1 -1 -10 1223 93 1242 193-1 -1 -1 -1000 -1000 -1000 -10 -0.867357
Pedestrian -1 -1 -10 530 71 585 223-1 -1 -1 -1000 -1000 -1000 -10 -0.870615
Pedestrian -1 -1 -10 552 1 625 202-1 -1 -1 -1000 -1000 -1000 -10 -0.877054
Pedestrian -1 -1 -10 1084 99 1142 206-1 -1 -1 -1000 -1000 -1000 -10 -0.897091
Pedestrian -1 -1 -10 121 81 176 144-1 -1 -1 -1000 -1000 -1000 -10 -0.898109
Pedestrian -1 -1 -10 469 53 546 195-1 -1 -1 -1000 -1000 -1000 -10 -0.900154
Pedestrian -1 -1 -10 895 24 973 114-1 -1 -1 -1000 -1000 -1000 -10 -0.904616
Pedestrian -1 -1 -10 849 1 880 88-1 -1 -1 -1000 -1000 -1000 -10 -0.908354
Pedestrian -1 -1 -10 1185 1 1240 153-1 -1 -1 -1000 -1000 -1000 -10 -0.934099
Pedestrian -1 -1 -10 1136 1 1242 328-1 -1 -1 -1000 -1000 -1000 -10 -0.949993
Pedestrian -1 -1 -10 1090 18 1149 86-1 -1 -1 -1000 -1000 -1000 -10 -0.966049
Pedestrian -1 -1 -10 1 1 52 143-1 -1 -1 -1000 -1000 -1000 -10 -0.977103
