Pedestrian -1 -1 -10 1110 114 1154 237-1 -1 -1 -1000 -1000 -1000 -10 -0.352752
Pedestrian -1 -1 -10 1201 138 1242 326-1 -1 -1 -1000 -1000 -1000 -10 -0.357048
Pedestrian -1 -1 -10 464 31 523 194-1 -1 -1 -1000 -1000 -1000 -10 -0.421267
Pedestrian -1 -1 -10 1028 118 1079 260-1 -1 -1 -1000 -1000 -1000 -10 -0.526211
Pedestrian -1 -1 -10 1001 76 1090 239-1 -1 -1 -1000 -1000 -1000 -10 -0.547285
Pedestrian -1 -1 -10 609 73 640 160-1 -1 -1 -1000 -1000 -1000 -10 -0.578603
Pedestrian -1 -1 -10 1178 1 1242 375-1 -1 -1 -1000 -1000 -1000 -10 -0.630679
Pedestrian -1 -1 -10 612 66 663 208-1 -1 -1 -1000 -1000 -1000 -10 -0.830588
Pedestrian -1 -1 -10 976 1 1086 306-1 -1 -1 -1000 -1000 -1000 -10 -0.838638
Pedestrian -1 -1 -10 789 62 873 158-1 -1 -1 -1000 -1000 -1000 -10 -0.840237
Pedestrian -1 -1 -10 929 97 992 272-1 -1 -1 -1000 -1000 -1000 -10 -0.864673
Pedestrian -1 -1 -10 838 92 995 272-1 -1 -1 -1000 -1000 -1000 -10 -0.875355
Pedestrian -1 -1 -10 1137 169 1192 232-1 -1 -1 -1000 -1000 -1000 -10 -0.883087
Pedestrian -1 -1 -10 793 125 860 248-1 -1 -1 -1000 -1000 -1000 -10 -0.911454
Pedestrian -1 -1 -10 1 222 37 322-1 -1 -1 -1000 -1000 -1000 -10 -0.948548
Pedestrian -1 -1 -10 293 1 352 69-1 -1 -1 -1000 -1000 -1000 -10 -0.97239
Pedestrian -1 -1 -10 1073 130 1132 198-1 -1 -1 -1000 -1000 -1000 -10 -0.979034
Pedestrian -1 -1 -10 430 105 507 247-1 -1 -1 -1000 -1000 -1000 -10 -0.987309
