Pedestrian -1 -1 -10 57 129 112 192-1 -1 -1 -1000 -1000 -1000 -10 -0.578365
Pedestrian -1 -1 -10 75 75 137 190-1 -1 -1 -1000 -1000 -1000 -10 -0.587634
Pedestrian -1 -1 -10 327 87 360 180-1 -1 -1 -1000 -1000 -1000 -10 -0.631252
Pedestrian -1 -1 -10 395 52 514 188-1 -1 -1 -1000 -1000 -1000 -10 -0.644965
Pedestrian -1 -1 -10 687 223 728 338-1 -1 -1 -1000 -1000 -1000 -10 -0.816149
Pedestrian -1 -1 -10 332 56 460 202-1 -1 -1 -1000 -1000 -1000 -10 -0.835
Pedestrian -1 -1 -10 927 18 986 86-1 -1 -1 -1000 -1000 -1000 -10 -0.870288
Pedestrian -1 -1 -10 301 87 334 180-1 -1 -1 -1000 -1000 -1000 -10 -0.871538
Pedestrian -1 -1 -10 543 222 579 322-1 -1 -1 -1000 -1000 -1000 -10 -0.89831
Pedestrian -1 -1 -10 273 46 589 375-1 -1 -1 -1000 -1000 -1000 -10 -0.942065
Pedestrian -1 -1 -10 687 104 720 197-1 -1 -1 -1000 -1000 -1000 -10 -0.983971
