Pedestrian -1 -1 -10 747 1 806 164-1 -1 -1 -1000 -1000 -1000 -10 -0.350032
Pedestrian -1 -1 -10 1104 1 1242 375-1 -1 -1 -1000 -1000 -1000 -10 -0.379149
Pedestrian -1 -1 -10 102 102 138 202-1 -1 -1 -1000 -1000 -1000 -10 -0.585999
Pedestrian -1 -1 -10 865 137 896 224-1 -1 -1 -1000 -1000 -1000 -10 -0.600434
Pedestrian -1 -1 -10 369 89 400 176-1 -1 -1 -1000 -1000 -1000 -10 -0.616313
Pedestrian -1 -1 -10 261 137 339 227-1 -1 -1 -1000 -1000 -1000 -10 -0.68073
Pedestrian -1 -1 -10 261 58 305 181-1 -1 -1 -1000 -1000 -1000 -10 -0.715865
Pedestrian -1 -1 -10 716 50 764 182-1 -1 -1 -1000 -1000 -1000 -10 -0.899277
Pedestrian -1 -1 -10 166 139 229 212-1 -1 -1 -1000 -1000 -1000 -10 -0.916067
Pedestrian -1 -1 -10 198 155 257 223-1 -1 -1 -1000 -1000 -1000 -10 -0.933734
Pedestrian -1 -1 -10 239 1 283 124-1 -1 -1 -1000 -1000 -1000 -10 -0.936651
Pedestrian -1 -1 -10 634 22 717 253-1 -1 -1 -1000 -1000 -1000 -10 -0.966383
