Pedestrian -1 -1 -10 625 40 702 182-1 -1 -1 -1000 -1000 -1000 -10 -0.469747
Pedestrian -1 -1 -10 1 90 39 197-1 -1 -1 -1000 -1000 -1000 -10 -0.479904
Pedestrian -1 -1 -10 533 138 566 231-1 -1 -1 -1000 -1000 -1000 -10 -0.727616
Pedestrian -1 -1 -10 404 138 437 231-1 -1 -1 -1000 -1000 -1000 -10 -0.758641
Pedestrian -1 -1 -10 25 89 56 176-1 -1 -1 -1000 -1000 -1000 -10 -0.785242
Pedestrian -1 -1 -10 828 120 882 220-1 -1 -1 -1000 -1000 -1000 -10 -0.799163
Pedestrian -1 -1 -10 697 113 728 200-1 -1 -1 -1000 -1000 -1000 -10 -0.800052
Pedestrian -1 -1 -10 365 105 416 247-1 -1 -1 -1000 -1000 -1000 -10 -0.857911
Pedestrian -1 -1 -10 506 130 560 230-1 -1 -1 -1000 -1000 -1000 -10 -0.879429
Pedestrian -1 -1 -10 10 164 43 257-1 -1 -1 -1000 -1000 -1000 -10 -0.901068
Pedestrian -1 -1 -10 215 112 248 205-1 -1 -1 -1000 -1000 -1000 -10 -0.906183
Pedestrian -1 -1 -10 227 103 305 193-1 -1 -1 -1000 -1000 -1000 -10 -0.940523
Pedestrian -1 -1 -10 332 111 368 211-1 -1 -1 -1000 -1000 -1000 -10 -0.943149
Pedestrian -1 -1 -10 1046 99 1101 251-1 -1 -1 -1000 -1000 -1000 -10 -0.987868
Pedestrian -1 -1 -10 344 61 433 224-1 -1 -1 -1000 -1000 -1000 -10 -0.997396
Pedestrian -1 -1 -10 809 71 864 223-1 -1 -1 -1000 -1000 -1000 -10 -0.997591
