Pedestrian -1 -1 -10 405 80 463 187-1 -1 -1 -1000 -1000 -1000 -10 -0.428378
Pedestrian -1 -1 -10 966 157 1020 257-1 -1 -1 -1000 -1000 -1000 -10 -0.643929
Pedestrian -1 -1 -10 391 71 474 223-1 -1 -1 -1000 -1000 -1000 -10 -0.68797
Pedestrian -1 -1 -10 273 153 320 240-1 -1 -1 -1000 -1000 -1000 -10 -0.757376
Pedestrian -1 -1 -10 975 111 1029 211-1 -1 -1 -1000 -1000 -1000 -10 -0.763047
Pedestrian -1 -1 -10 240 38 313 239-1 -1 -1 -1000 -1000 -1000 -10 -0.781532
Pedestrian -1 -1 -10 344 31 433 194-1 -1 -1 -1000 -1000 -1000 -10 -0.834639
Pedestrian -1 -1 -10 716 62 788 194-1 -1 -1 -1000 -1000 -1000 -10 -0.871905
Pedestrian -1 -1 -10 756 1 995 274-1 -1 -1 -1000 -1000 -1000 -10 -0.87523
Pedestrian -1 -1 -10 543 1 581 108-1 -1 -1 -1000 -1000 -1000 -10 -0.90341
Pedestrian -1 -1 -10 553 105 600 192-1 -1 -1 -1000 -1000 -1000 -10 -0.93203
Pedestrian -1 -1 -10 470 65 533 138-1 -1 -1 -1000 -1000 -1000 -10 -0.945185
Pedestrian -1 -1 -10 185 1 313 147-1 -1 -1 -1000 -1000 -1000 -10 -0.948017
Pedestrian -1 -1 -10 1 121 34 214-1 -1 -1 -1000 -1000 -1000 -10 -0.962442
Pedestrian -1 -1 -10 494 31 583 194-1 -1 -1 -1000 -1000 -1000 -10 -0.966538
