Pedestrian -1 -1 -10 716 86 764 218-1 -1 -1 -1000 -1000 -1000 -10 0.106347
Pedestrian -1 -1 -10 558 43 655 153-1 -1 -1 -1000 -1000 -1000 -10 -0.621293
Pedestrian -1 -1 -10 729 1 832 286-1 -1 -1 -1000 -1000 -1000 -10 -0.631081
Pedestrian -1 -1 -10 473 17 520 104-1 -1 -1 -1000 -1000 -1000 -10 -0.660051
Pedestrian -1 -1 -10 1 321 56 375-1 -1 -1 -1000 -1000 -1000 -10 -0.769847
Pedestrian -1 -1 -10 665 129 696 216-1 -1 -1 -1000 -1000 -1000 -10 -0.862173
Pedestrian -1 -1 -10 313 1 344 88-1 -1 -1 -1000 -1000 -1000 -10 -0.913255
Pedestrian -1 -1 -10 534 1 585 143-1 -1 -1 -1000 -1000 -1000 -10 -0.921562
Pedestrian -1 -1 -10 153 81 200 168-1 -1 -1 -1000 -1000 -1000 -10 -0.923001
Pedestrian -1 -1 -10 508 1 591 232-1 -1 -1 -1000 -1000 -1000 -10 -0.942503
Pedestrian -1 -1 -10 1196 166 1242 367-1 -1 -1 -1000 -1000 -1000 -10 -0.952007
