Pedestrian -1 -1 -10 295 313 358 375-1 -1 -1 -1000 -1000 -1000 -10 -0.494635
Pedestrian -1 -1 -10 1159 130 1192 223-1 -1 -1 -1000 -1000 -1000 -10 -0.498011
Pedestrian -1 -1 -10 995 171 1043 303-1 -1 -1 -1000 -1000 -1000 -10 -0.503702
Pedestrian -1 -1 -10 53 105 208 375-1 -1 -1 -1000 -1000 -1000 -10 -0.541723
Pedestrian -1 -1 -10 1 46 317 375-1 -1 -1 -1000 -1000 -1000 -10 -0.622855
Pedestrian -1 -1 -10 798 87 831 180-1 -1 -1 -1000 -1000 -1000 -10 -0.679368
Pedestrian -1 -1 -10 646 125 690 248-1 -1 -1 -1000 -1000 -1000 -10 -0.755913
Pedestrian -1 -1 -10 970 95 1003 188-1 -1 -1 -1000 -1000 -1000 -10 -0.800478
Pedestrian -1 -1 -10 274 287 364 375-1 -1 -1 -1000 -1000 -1000 -10 -0.88886
Pedestrian -1 -1 -10 533 31 571 138-1 -1 -1 -1000 -1000 -1000 -10 -0.956697
Pedestrian -1 -1 -10 304 139 340 239-1 -1 -1 -1000 -1000 -1000 -10 -0.973301
Pedestrian -1 -1 -10 930 33 971 148-1 -1 -1 -1000 -1000 -1000 -10 -0.997736
