Pedestrian -1 -1 -10 708 244 781 327-1 -1 -1 -1000 -1000 -1000 -10 -0.471545
Pedestrian -1 -1 -10 996 1 1034 108-1 -1 -1 -1000 -1000 -1000 -10 -0.528684
Pedestrian -1 -1 -10 1185 137 1216 224-1 -1 -1 -1000 -1000 -1000 -10 -0.538677
Pedestrian -1 -1 -10 593 224 643 317-1 -1 -1 -1000 -1000 -1000 -10 -0.571591
Pedestrian -1 -1 -10 1075 40 1133 147-1 -1 -1 -1000 -1000 -1000 -10 -0.627273
Pedestrian -1 -1 -10 1053 114 1097 237-1 -1 -1 -1000 -1000 -1000 -10 -0.628835
Pedestrian -1 -1 -10 1113 93 1167 193-1 -1 -1 -1000 -1000 -1000 -10 -0.634573
Pedestrian -1 -1 -10 1200 171 1224 294-1 -1 -1 -1000 -1000 -1000 -10 -0.659422
Pedestrian -1 -1 -10 1045 90 1113 168-1 -1 -1 -1000 -1000 -1000 -10 -0.743314
Pedestrian -1 -1 -10 653 111 716 184-1 -1 -1 -1000 -1000 -1000 -10 -0.77895
Pedestrian -1 -1 -10 865 33 928 208-1 -1 -1 -1000 -1000 -1000 -10 -0.78281
Pedestrian -1 -1 -10 1073 155 1123 248-1 -1 -1 -1000 -1000 -1000 -10 -0.803352
Pedestrian -1 -1 -10 1193 44 1224 137-1 -1 -1 -1000 -1000 -1000 -10 -0.813379
Pedestrian -1 -1 -10 438 258 488 351-1 -1 -1 -1000 -1000 -1000 -10 -0.826415
Pedestrian -1 -1 -10 1159 130 1209 223-1 -1 -1 -1000 -1000 -1000 -10 -0.832833
Pedestrian -1 -1 -10 1031 91 1120 254-1 -1 -1 -1000 -1000 -1000 -10 -0.880134
Pedestrian -1 -1 -10 49 113 80 200-1 -1 -1 -1000 -1000 -1000 -10 -0.881131
Pedestrian -1 -1 -10 681 201 728 288-1 -1 -1 -1000 -1000 -1000 -10 -0.905765
Pedestrian -1 -1 -10 649 313 704 370-1 -1 -1 -1000 -1000 -1000 -10 -0.906467
Pedestrian -1 -1 -10 713 181 772 249-1 -1 -1 -1000 -1000 -1000 -10 -0.910064
Pedestrian -1 -1 -10 657 12 701 135-1 -1 -1 -1000 -1000 -1000 -10 -0.912154
Pedestrian -1 -1 -10 963 69 1030 192-1 -1 -1 -1000 -1000 -1000 -10 -0.916168
Pedestrian -1 -1 -10 884 164 943 232-1 -1 -1 -1000 -1000 -1000 -10 -0.926595
Pedestrian -1 -1 -10 1178 1 1224 249-1 -1 -1 -1000 -1000 -1000 -10 -0.934317
Pedestrian -1 -1 -10 413 13 485 145-1 -1 -1 -1000 -1000 -1000 -10 -0.936583
Pedestrian -1 -1 -10 21 99 79 206-1 -1 -1 -1000 -1000 -1000 -10 -0.942878
Pedestrian -1 -1 -10 718 91 777 254-1 -1 -1 -1000 -1000 -1000 -10 -0.948845
Pedestrian -1 -1 -10 1 53 52 195-1 -1 -1 -1000 -1000 -1000 -10 -0.974824
Pedestrian -1 -1 -10 1 1 97 267-1 -1 -1 -1000 -1000 -1000 -10 -0.977497
Pedestrian -1 -1 -10 927 164 986 232-1 -1 -1 -1000 -1000 -1000 -10 -0.993179
