Pedestrian -1 -1 -10 561 145 624 320-1 -1 -1 -1000 -1000 -1000 -10 0.154488
Pedestrian -1 -1 -10 297 233 352 296-1 -1 -1 -1000 -1000 -1000 -10 -0.414749
Pedestrian -1 -1 -10 71 43 126 195-1 -1 -1 -1000 -1000 -1000 -10 -0.56683
Pedestrian -1 -1 -10 753 122 801 254-1 -1 -1 -1000 -1000 -1000 -10 -0.575089
Pedestrian -1 -1 -10 1076 31 1194 358-1 -1 -1 -1000 -1000 -1000 -10 -0.576856
Pedestrian -1 -1 -10 1 310 60 370-1 -1 -1 -1000 -1000 -1000 -10 -0.696402
Pedestrian -1 -1 -10 850 52 883 145-1 -1 -1 -1000 -1000 -1000 -10 -0.702083
Pedestrian -1 -1 -10 1041 225 1072 312-1 -1 -1 -1000 -1000 -1000 -10 -0.702666
Pedestrian -1 -1 -10 533 261 600 370-1 -1 -1 -1000 -1000 -1000 -10 -0.744901
Pedestrian -1 -1 -10 387 147 446 215-1 -1 -1 -1000 -1000 -1000 -10 -0.754485
Pedestrian -1 -1 -10 661 172 711 265-1 -1 -1 -1000 -1000 -1000 -10 -0.769622
Pedestrian -1 -1 -10 541 1 600 69-1 -1 -1 -1000 -1000 -1000 -10 -0.839266
Pedestrian -1 -1 -10 740 85 781 200-1 -1 -1 -1000 -1000 -1000 -10 -0.855648
Pedestrian -1 -1 -10 534 166 662 312-1 -1 -1 -1000 -1000 -1000 -10 -0.866471
Pedestrian -1 -1 -10 833 118 884 260-1 -1 -1 -1000 -1000 -1000 -10 -0.883213
Pedestrian -1 -1 -10 1 121 56 184-1 -1 -1 -1000 -1000 -1000 -10 -0.902406
Pedestrian -1 -1 -10 252 140 335 292-1 -1 -1 -1000 -1000 -1000 -10 -0.94066
Pedestrian -1 -1 -10 756 1 815 69-1 -1 -1 -1000 -1000 -1000 -10 -0.971933
Pedestrian -1 -1 -10 513 1 571 108-1 -1 -1 -1000 -1000 -1000 -10 -0.994847
Pedestrian -1 -1 -10 332 203 395 276-1 -1 -1 -1000 -1000 -1000 -10 -0.999176
