Pedestrian -1 -1 -10 521 169 552 256-1 -1 -1 -1000 -1000 -1000 -10 -0.190474
Pedestrian -1 -1 -10 64 64 105 179-1 -1 -1 -1000 -1000 -1000 -10 -0.339383
Pedestrian -1 -1 -10 98 1 194 267-1 -1 -1 -1000 -1000 -1000 -10 -0.392463
Pedestrian -1 -1 -10 281 193 336 256-1 -1 -1 -1000 -1000 -1000 -10 -0.592134
Pedestrian -1 -1 -10 1 1 91 249-1 -1 -1 -1000 -1000 -1000 -10 -0.675683
Pedestrian -1 -1 -10 183 74 231 206-1 -1 -1 -1000 -1000 -1000 -10 -0.715002
Pedestrian -1 -1 -10 284 182 362 272-1 -1 -1 -1000 -1000 -1000 -10 -0.743827
Pedestrian -1 -1 -10 457 113 512 176-1 -1 -1 -1000 -1000 -1000 -10 -0.746324
Pedestrian -1 -1 -10 196 196 286 299-1 -1 -1 -1000 -1000 -1000 -10 -0.886611
Pedestrian -1 -1 -10 65 249 101 349-1 -1 -1 -1000 -1000 -1000 -10 -0.891653
Pedestrian -1 -1 -10 387 275 446 343-1 -1 -1 -1000 -1000 -1000 -10 -0.934673
Pedestrian -1 -1 -10 257 97 288 184-1 -1 -1 -1000 -1000 -1000 -10 -0.943057
Pedestrian -1 -1 -10 509 105 568 268-1 -1 -1 -1000 -1000 -1000 -10 -0.948599
Pedestrian -1 -1 -10 469 1 572 286-1 -1 -1 -1000 -1000 -1000 -10 -0.960026
Pedestrian -1 -1 -10 1209 121 1240 208-1 -1 -1 -1000 -1000 -1000 -10 -0.967275
Pedestrian -1 -1 -10 1045 267 1103 374-1 -1 -1 -1000 -1000 -1000 -10 -0.967958
Pedestrian -1 -1 -10 413 280 497 375-1 -1 -1 -1000 -1000 -1000 -10 -0.990898
