Pedestrian -1 -1 -10 530 29 613 181-1 -1 -1 -1000 -1000 -1000 -10 -0.515264
Pedestrian -1 -1 -10 703 46 762 209-1 -1 -1 -1000 -1000 -1000 -10 -0.521744
Pedestrian -1 -1 -10 73 257 104 344-1 -1 -1 -1000 -1000 -1000 -10 -0.624182
Pedestrian -1 -1 -10 809 1 840 88-1 -1 -1 -1000 -1000 -1000 -10 -0.748908
Pedestrian -1 -1 -10 626 84 680 184-1 -1 -1 -1000 -1000 -1000 -10 -0.754055
Pedestrian -1 -1 -10 369 97 416 184-1 -1 -1 -1000 -1000 -1000 -10 -0.796764
Pedestrian -1 -1 -10 670 318 729 375-1 -1 -1 -1000 -1000 -1000 -10 -0.807269
Pedestrian -1 -1 -10 1201 145 1232 232-1 -1 -1 -1000 -1000 -1000 -10 -0.811466
Pedestrian -1 -1 -10 1173 159 1241 237-1 -1 -1 -1000 -1000 -1000 -10 -0.857518
Pedestrian -1 -1 -10 85 15 168 167-1 -1 -1 -1000 -1000 -1000 -10 -0.872996
Pedestrian -1 -1 -10 419 1 508 164-1 -1 -1 -1000 -1000 -1000 -10 -0.873006
Pedestrian -1 -1 -10 635 318 694 375-1 -1 -1 -1000 -1000 -1000 -10 -0.879122
Pedestrian -1 -1 -10 346 149 404 256-1 -1 -1 -1000 -1000 -1000 -10 -0.906727
Pedestrian -1 -1 -10 1057 49 1104 136-1 -1 -1 -1000 -1000 -1000 -10 -0.943381
Pedestrian -1 -1 -10 1171 85 1226 237-1 -1 -1 -1000 -1000 -1000 -10 -0.972707
Pedestrian -1 -1 -10 405 1 551 375-1 -1 -1 -1000 -1000 -1000 -10 -0.98341
Pedestrian -1 -1 -10 877 85 918 200-1 -1 -1 -1000 -1000 -1000 -10 -0.983742
