Pedestrian -1 -1 -10 417 81 528 208-1 -1 -1 -1000 -1000 -1000 -10 -0.474515
Pedestrian -1 -1 -10 49 65 96 152-1 -1 -1 -1000 -1000 -1000 -10 -0.734835
Pedestrian -1 -1 -10 681 105 712 192-1 -1 -1 -1000 -1000 -1000 -10 -0.735986
Pedestrian -1 -1 -10 773 104 806 197-1 -1 -1 -1000 -1000 -1000 -10 -0.79285
Pedestrian -1 -1 -10 344 112 377 205-1 -1 -1 -1000 -1000 -1000 -10 -0.879554
Pedestrian -1 -1 -10 1 117 42 232-1 -1 -1 -1000 -1000 -1000 -10 -0.915111
Pedestrian -1 -1 -10 544 261 611 375-1 -1 -1 -1000 -1000 -1000 -10 -0.922398
Pedestrian -1 -1 -10 941 31 1030 194-1 -1 -1 -1000 -1000 -1000 -10 -0.967507
Pedestrian -1 -1 -10 1201 153 1242 216-1 -1 -1 -1000 -1000 -1000 -10 -0.977958
Pedestrian -1 -1 -10 589 139 652 212-1 -1 -1 -1000 -1000 -1000 -10 -0.980203
Pedestrian -1 -1 -10 1186 120 1240 220-1 -1 -1 -1000 -1000 -1000 -10 -0.986043
Pedestrian -1 -1 -10 190 1 258 189-1 -1 -1 -1000 -1000 -1000 -10 -0.986743
