Pedestrian -1 -1 -10 172 172 205 265-1 -1 -1 -1000 -1000 -1000 -10 -0.085947
Pedestrian -1 -1 -10 761 129 792 216-1 -1 -1 -1000 -1000 -1000 -10 -0.480787
Pedestrian -1 -1 -10 558 238 641 375-1 -1 -1 -1000 -1000 -1000 -10 -0.618964
Pedestrian -1 -1 -10 1 109 59 216-1 -1 -1 -1000 -1000 -1000 -10 -0.683949
Pedestrian -1 -1 -10 1173 50 1211 157-1 -1 -1 -1000 -1000 -1000 -10 -0.820893
Pedestrian -1 -1 -10 287 139 325 246-1 -1 -1 -1000 -1000 -1000 -10 -0.847424
Pedestrian -1 -1 -10 386 114 430 237-1 -1 -1 -1000 -1000 -1000 -10 -0.851498
Pedestrian -1 -1 -10 1115 1 1225 306-1 -1 -1 -1000 -1000 -1000 -10 -0.883884
Pedestrian -1 -1 -10 258 87 291 180-1 -1 -1 -1000 -1000 -1000 -10 -0.907125
Pedestrian -1 -1 -10 202 22 275 105-1 -1 -1 -1000 -1000 -1000 -10 -0.934376
Pedestrian -1 -1 -10 705 105 752 192-1 -1 -1 -1000 -1000 -1000 -10 -0.942125
Pedestrian -1 -1 -10 673 105 704 192-1 -1 -1 -1000 -1000 -1000 -10 -0.962197
