Pedestrian -1 -1 -10 487 138 528 253-1 -1 -1 -1000 -1000 -1000 -10 -0.378485
Pedestrian -1 -1 -10 337 273 368 360-1 -1 -1 -1000 -1000 -1000 -10 -0.38529
Pedestrian -1 -1 -10 494 16 553 179-1 -1 -1 -1000 -1000 -1000 -10 -0.523848
Pedestrian -1 -1 -10 300 61 418 375-1 -1 -1 -1000 -1000 -1000 -10 -0.595568
Pedestrian -1 -1 -10 635 1 951 362-1 -1 -1 -1000 -1000 -1000 -10 -0.614721
Pedestrian -1 -1 -10 951 275 1013 375-1 -1 -1 -1000 -1000 -1000 -10 -0.626706
Pedestrian -1 -1 -10 521 69 588 192-1 -1 -1 -1000 -1000 -1000 -10 -0.702551
Pedestrian -1 -1 -10 465 1 548 232-1 -1 -1 -1000 -1000 -1000 -10 -0.87592
Pedestrian -1 -1 -10 1 27 51 120-1 -1 -1 -1000 -1000 -1000 -10 -0.935099
Pedestrian -1 -1 -10 210 46 269 209-1 -1 -1 -1000 -1000 -1000 -10 -0.936787
Pedestrian -1 -1 -10 610 112 643 205-1 -1 -1 -1000 -1000 -1000 -10 -0.942896
Pedestrian -1 -1 -10 161 1 216 64-1 -1 -1 -1000 -1000 -1000 -10 -0.95119
Pedestrian -1 -1 -10 534 1 570 101-1 -1 -1 -1000 -1000 -1000 -10 -0.957423
Pedestrian -1 -1 -10 409 1 456 88-1 -1 -1 -1000 -1000 -1000 -10 -0.960937
Pedestrian -1 -1 -10 592 1 675 232-1 -1 -1 -1000 -1000 -1000 -10 -0.973783
