Pedestrian -1 -1 -10 599 40 650 182-1 -1 -1 -1000 -1000 -1000 -10 -0.692257
Pedestrian -1 -1 -10 779 70 817 177-1 -1 -1 -1000 -1000 -1000 -10 -0.761857
Pedestrian -1 -1 -10 865 286 919 375-1 -1 -1 -1000 -1000 -1000 -10 -0.762337
Pedestrian -1 -1 -10 986 119 1044 226-1 -1 -1 -1000 -1000 -1000 -10 -0.818774
Pedestrian -1 -1 -10 623 69 701 159-1 -1 -1 -1000 -1000 -1000 -10 -0.866251
Pedestrian -1 -1 -10 769 313 816 375-1 -1 -1 -1000 -1000 -1000 -10 -0.868377
Pedestrian -1 -1 -10 704 327 763 375-1 -1 -1 -1000 -1000 -1000 -10 -0.900957
Pedestrian -1 -1 -10 661 130 694 223-1 -1 -1 -1000 -1000 -1000 -10 -0.907296
Pedestrian -1 -1 -10 921 129 952 216-1 -1 -1 -1000 -1000 -1000 -10 -0.914887
Pedestrian -1 -1 -10 571 56 699 202-1 -1 -1 -1000 -1000 -1000 -10 -0.920704
Pedestrian -1 -1 -10 1065 81 1120 144-1 -1 -1 -1000 -1000 -1000 -10 -0.929897
Pedestrian -1 -1 -10 1163 31 1201 138-1 -1 -1 -1000 -1000 -1000 -10 -0.947318
Pedestrian -1 -1 -10 525 84 561 184-1 -1 -1 -1000 -1000 -1000 -10 -0.949144
Pedestrian -1 -1 -10 773 52 841 240-1 -1 -1 -1000 -1000 -1000 -10 -0.959767
Pedestrian -1 -1 -10 798 284 848 375-1 -1 -1 -1000 -1000 -1000 -10 -0.965166
Pedestrian -1 -1 -10 516 1 589 202-1 -1 -1 -1000 -1000 -1000 -10 -0.987248
