Pedestrian -1 -1 -10 580 1 634 101-1 -1 -1 -1000 -1000 -1000 -10 -0.486658
Pedestrian -1 -1 -10 1115 85 1225 375-1 -1 -1 -1000 -1000 -1000 -10 -0.634348
Pedestrian -1 -1 -10 930 75 971 190-1 -1 -1 -1000 -1000 -1000 -10 -0.640839
Pedestrian -1 -1 -10 704 190 823 326-1 -1 -1 -1000 -1000 -1000 -10 -0.710401
Pedestrian -1 -1 -10 945 57 992 144-1 -1 -1 -1000 -1000 -1000 -10 -0.728647
Pedestrian -1 -1 -10 281 217 328 304-1 -1 -1 -1000 -1000 -1000 -10 -0.758849
Pedestrian -1 -1 -10 887 31 925 138-1 -1 -1 -1000 -1000 -1000 -10 -0.773991
Pedestrian -1 -1 -10 1 1 69 189-1 -1 -1 -1000 -1000 -1000 -10 -0.783107
Pedestrian -1 -1 -10 495 118 546 260-1 -1 -1 -1000 -1000 -1000 -10 -0.792642
Pedestrian -1 -1 -10 304 93 367 166-1 -1 -1 -1000 -1000 -1000 -10 -0.796857
Pedestrian -1 -1 -10 277 185 405 331-1 -1 -1 -1000 -1000 -1000 -10 -0.799437
Pedestrian -1 -1 -10 505 1 552 88-1 -1 -1 -1000 -1000 -1000 -10 -0.80971
Pedestrian -1 -1 -10 247 247 305 354-1 -1 -1 -1000 -1000 -1000 -10 -0.847058
Pedestrian -1 -1 -10 1 1 111 306-1 -1 -1 -1000 -1000 -1000 -10 -0.851233
Pedestrian -1 -1 -10 617 297 664 375-1 -1 -1 -1000 -1000 -1000 -10 -0.872224
Pedestrian -1 -1 -10 228 80 286 187-1 -1 -1 -1000 -1000 -1000 -10 -0.907565
Pedestrian -1 -1 -10 599 287 689 375-1 -1 -1 -1000 -1000 -1000 -10 -0.919077
Pedestrian -1 -1 -10 208 149 266 256-1 -1 -1 -1000 -1000 -1000 -10 -0.93522
Pedestrian -1 -1 -10 335 280 432 375-1 -1 -1 -1000 -1000 -1000 -10 -0.966594
Pedestrian -1 -1 -10 454 1 522 79-1 -1 -1 -1000 -1000 -1000 -10 -0.9935
