Pedestrian -1 -1 -10 742 157 793 299-1 -1 -1 -1000 -1000 -1000 -10 2.27601
Pedestrian -1 -1 -10 297 233 352 296-1 -1 -1 -1000 -1000 -1000 -10 -0.274285
Pedestrian -1 -1 -10 736 130 809 331-1 -1 -1 -1000 -1000 -1000 -10 -0.371838
Pedestrian -1 -1 -10 1039 212 1075 312-1 -1 -1 -1000 -1000 -1000 -10 -0.495535
Pedestrian -1 -1 -10 508 274 598 370-1 -1 -1 -1000 -1000 -1000 -10 -0.571143
Pedestrian -1 -1 -10 421 155 480 223-1 -1 -1 -1000 -1000 -1000 -10 -0.747869
Pedestrian -1 -1 -10 1 110 73 242-1 -1 -1 -1000 -1000 -1000 -10 -0.780878
Pedestrian -1 -1 -10 1153 1 1216 176-1 -1 -1 -1000 -1000 -1000 -10 -0.79052
Pedestrian -1 -1 -10 680 159 758 249-1 -1 -1 -1000 -1000 -1000 -10 -0.812237
Pedestrian -1 -1 -10 578 261 645 370-1 -1 -1 -1000 -1000 -1000 -10 -0.829337
Pedestrian -1 -1 -10 153 89 200 176-1 -1 -1 -1000 -1000 -1000 -10 -0.840099
Pedestrian -1 -1 -10 1121 165 1210 328-1 -1 -1 -1000 -1000 -1000 -10 -0.850418
Pedestrian -1 -1 -10 697 29 780 181-1 -1 -1 -1000 -1000 -1000 -10 -0.878549
Pedestrian -1 -1 -10 349 202 422 285-1 -1 -1 -1000 -1000 -1000 -10 -0.921083
Pedestrian -1 -1 -10 396 84 432 184-1 -1 -1 -1000 -1000 -1000 -10 -0.923324
Pedestrian -1 -1 -10 543 1 601 108-1 -1 -1 -1000 -1000 -1000 -10 -0.925566
Pedestrian -1 -1 -10 306 70 344 177-1 -1 -1 -1000 -1000 -1000 -10 -0.954892
Pedestrian -1 -1 -10 634 1 717 232-1 -1 -1 -1000 -1000 -1000 -10 -0.962631
Pedestrian -1 -1 -10 1044 134 1116 266-1 -1 -1 -1000 -1000 -1000 -10 -0.971236
Pedestrian -1 -1 -10 833 129 864 216-1 -1 -1 -1000 -1000 -1000 -10 -0.976021
Pedestrian -1 -1 -10 1132 1 1222 249-1 -1 -1 -1000 -1000 -1000 -10 -0.978667
Pedestrian -1 -1 -10 387 233 446 301-1 -1 -1 -1000 -1000 -1000 -10 -0.983846
