Pedestrian -1 -1 -10 990 43 1045 195-1 -1 -1 -1000 -1000 -1000 -10 -0.0802197
Pedestrian -1 -1 -10 475 57 530 209-1 -1 -1 -1000 -1000 -1000 -10 -0.281382
Pedestrian -1 -1 -10 971 210 1060 373-1 -1 -1 -1000 -1000 -1000 -10 -0.384521
Pedestrian -1 -1 -10 721 17 816 192-1 -1 -1 -1000 -1000 -1000 -10 -0.420905
Pedestrian -1 -1 -10 1033 1 1080 88-1 -1 -1 -1000 -1000 -1000 -10 -0.446579
Pedestrian -1 -1 -10 791 1 864 202-1 -1 -1 -1000 -1000 -1000 -10 -0.453873
Pedestrian -1 -1 -10 397 103 441 226-1 -1 -1 -1000 -1000 -1000 -10 -0.527912
Pedestrian -1 -1 -10 1 99 56 251-1 -1 -1 -1000 -1000 -1000 -10 -0.633906
Pedestrian -1 -1 -10 1009 1 1072 176-1 -1 -1 -1000 -1000 -1000 -10 -0.763173
Pedestrian -1 -1 -10 1038 172 1071 265-1 -1 -1 -1000 -1000 -1000 -10 -0.781889
Pedestrian -1 -1 -10 50 129 118 207-1 -1 -1 -1000 -1000 -1000 -10 -0.783732
Pedestrian -1 -1 -10 1028 209 1118 312-1 -1 -1 -1000 -1000 -1000 -10 -0.78662
Pedestrian -1 -1 -10 113 153 168 216-1 -1 -1 -1000 -1000 -1000 -10 -0.872923
Pedestrian -1 -1 -10 824 318 883 375-1 -1 -1 -1000 -1000 -1000 -10 -0.877316
Pedestrian -1 -1 -10 892 71 989 181-1 -1 -1 -1000 -1000 -1000 -10 -0.896124
Pedestrian -1 -1 -10 335 85 432 195-1 -1 -1 -1000 -1000 -1000 -10 -0.91362
Pedestrian -1 -1 -10 793 24 950 204-1 -1 -1 -1000 -1000 -1000 -10 -0.959709
Pedestrian -1 -1 -10 294 85 349 237-1 -1 -1 -1000 -1000 -1000 -10 -0.962774
Pedestrian -1 -1 -10 1025 81 1088 256-1 -1 -1 -1000 -1000 -1000 -10 -0.987292
