Pedestrian -1 -1 -10 1205 75 1241 175-1 -1 -1 -1000 -1000 -1000 -10 -0.64612
Pedestrian -1 -1 -10 1173 64 1235 179-1 -1 -1 -1000 -1000 -1000 -10 -0.701235
Pedestrian -1 -1 -10 155 198 205 291-1 -1 -1 -1000 -1000 -1000 -10 -0.70916
Pedestrian -1 -1 -10 415 70 453 177-1 -1 -1 -1000 -1000 -1000 -10 -0.730388
Pedestrian -1 -1 -10 1089 321 1144 375-1 -1 -1 -1000 -1000 -1000 -10 -0.803181
Pedestrian -1 -1 -10 335 43 418 195-1 -1 -1 -1000 -1000 -1000 -10 -0.80331
Pedestrian -1 -1 -10 233 170 359 375-1 -1 -1 -1000 -1000 -1000 -10 -0.808469
Pedestrian -1 -1 -10 33 9 80 96-1 -1 -1 -1000 -1000 -1000 -10 -0.815315
Pedestrian -1 -1 -10 1017 313 1072 375-1 -1 -1 -1000 -1000 -1000 -10 -0.894439
Pedestrian -1 -1 -10 584 138 617 231-1 -1 -1 -1000 -1000 -1000 -10 -0.895028
Pedestrian -1 -1 -10 155 190 257 375-1 -1 -1 -1000 -1000 -1000 -10 -0.926319
Pedestrian -1 -1 -10 293 35 361 223-1 -1 -1 -1000 -1000 -1000 -10 -0.961427
Pedestrian -1 -1 -10 513 337 568 375-1 -1 -1 -1000 -1000 -1000 -10 -0.966814
