Pedestrian -1 -1 -10 719 85 760 200-1 -1 -1 -1000 -1000 -1000 -10 -0.478528
Pedestrian -1 -1 -10 849 1 912 176-1 -1 -1 -1000 -1000 -1000 -10 -0.502225
Pedestrian -1 -1 -10 1129 129 1176 216-1 -1 -1 -1000 -1000 -1000 -10 -0.554707
Pedestrian -1 -1 -10 769 121 800 208-1 -1 -1 -1000 -1000 -1000 -10 -0.579828
Pedestrian -1 -1 -10 1141 128 1203 243-1 -1 -1 -1000 -1000 -1000 -10 -0.644702
Pedestrian -1 -1 -10 550 52 609 120-1 -1 -1 -1000 -1000 -1000 -10 -0.65847
Pedestrian -1 -1 -10 203 38 239 138-1 -1 -1 -1000 -1000 -1000 -10 -0.708747
Pedestrian -1 -1 -10 1030 10 1066 110-1 -1 -1 -1000 -1000 -1000 -10 -0.745004
Pedestrian -1 -1 -10 1227 155 1242 248-1 -1 -1 -1000 -1000 -1000 -10 -0.754547
Pedestrian -1 -1 -10 181 18 231 111-1 -1 -1 -1000 -1000 -1000 -10 -0.817752
Pedestrian -1 -1 -10 1084 237 1152 315-1 -1 -1 -1000 -1000 -1000 -10 -0.914942
Pedestrian -1 -1 -10 1129 249 1184 312-1 -1 -1 -1000 -1000 -1000 -10 -0.922879
Pedestrian -1 -1 -10 405 176 441 276-1 -1 -1 -1000 -1000 -1000 -10 -0.927044
Pedestrian -1 -1 -10 800 111 836 211-1 -1 -1 -1000 -1000 -1000 -10 -0.928177
Pedestrian -1 -1 -10 513 65 560 152-1 -1 -1 -1000 -1000 -1000 -10 -0.942493
Pedestrian -1 -1 -10 1115 168 1198 320-1 -1 -1 -1000 -1000 -1000 -10 -0.991733
Pedestrian -1 -1 -10 849 233 896 320-1 -1 -1 -1000 -1000 -1000 -10 -0.999795
