Pedestrian -1 -1 -10 1084 119 1142 226-1 -1 -1 -1000 -1000 -1000 -10 -0.594531
Pedestrian -1 -1 -10 507 293 557 375-1 -1 -1 -1000 -1000 -1000 -10 -0.610647
Pedestrian -1 -1 -10 451 267 505 367-1 -1 -1 -1000 -1000 -1000 -10 -0.663219
Pedestrian -1 -1 -10 119 70 187 148-1 -1 -1 -1000 -1000 -1000 -10 -0.707821
Pedestrian -1 -1 -10 385 57 432 144-1 -1 -1 -1000 -1000 -1000 -10 -0.712986
Pedestrian -1 -1 -10 374 270 477 375-1 -1 -1 -1000 -1000 -1000 -10 -0.777631
Pedestrian -1 -1 -10 672 111 708 211-1 -1 -1 -1000 -1000 -1000 -10 -0.820551
Pedestrian -1 -1 -10 1189 1 1242 267-1 -1 -1 -1000 -1000 -1000 -10 -0.837173
Pedestrian -1 -1 -10 709 148 745 248-1 -1 -1 -1000 -1000 -1000 -10 -0.888867
Pedestrian -1 -1 -10 626 176 680 276-1 -1 -1 -1000 -1000 -1000 -10 -0.88978
Pedestrian -1 -1 -10 313 304 376 375-1 -1 -1 -1000 -1000 -1000 -10 -0.92945
Pedestrian -1 -1 -10 525 47 561 147-1 -1 -1 -1000 -1000 -1000 -10 -0.954956
Pedestrian -1 -1 -10 138 170 200 285-1 -1 -1 -1000 -1000 -1000 -10 -0.965847
