Pedestrian -1 -1 -10 833 121 883 214-1 -1 -1 -1000 -1000 -1000 -10 -0.638477
Pedestrian -1 -1 -10 696 164 729 257-1 -1 -1 -1000 -1000 -1000 -10 -0.658023
Pedestrian -1 -1 -10 1144 306 1212 376-1 -1 -1 -1000 -1000 -1000 -10 -0.716043
Pedestrian -1 -1 -10 75 313 138 376-1 -1 -1 -1000 -1000 -1000 -10 -0.805561
Pedestrian -1 -1 -10 1205 185 1241 285-1 -1 -1 -1000 -1000 -1000 -10 -0.86649
Pedestrian -1 -1 -10 1193 321 1241 376-1 -1 -1 -1000 -1000 -1000 -10 -0.874009
Pedestrian -1 -1 -10 1 157 182 364-1 -1 -1 -1000 -1000 -1000 -10 -0.911967
Pedestrian -1 -1 -10 702 137 746 260-1 -1 -1 -1000 -1000 -1000 -10 -0.927866
Pedestrian -1 -1 -10 876 147 926 240-1 -1 -1 -1000 -1000 -1000 -10 -0.944021
Pedestrian -1 -1 -10 624 275 665 376-1 -1 -1 -1000 -1000 -1000 -10 -0.988249
