Pedestrian -1 -1 -10 1121 1 1242 352-1 -1 -1 -1000 -1000 -1000 -10 -0.505398
Pedestrian -1 -1 -10 1064 121 1097 214-1 -1 -1 -1000 -1000 -1000 -10 -0.505682
Pedestrian -1 -1 -10 769 1 847 217-1 -1 -1 -1000 -1000 -1000 -10 -0.545702
Pedestrian -1 -1 -10 1049 75 1085 175-1 -1 -1 -1000 -1000 -1000 -10 -0.597415
Pedestrian -1 -1 -10 137 205 181 328-1 -1 -1 -1000 -1000 -1000 -10 -0.661857
Pedestrian -1 -1 -10 56 249 119 322-1 -1 -1 -1000 -1000 -1000 -10 -0.688169
Pedestrian -1 -1 -10 985 97 1016 184-1 -1 -1 -1000 -1000 -1000 -10 -0.712826
Pedestrian -1 -1 -10 974 69 1064 317-1 -1 -1 -1000 -1000 -1000 -10 -0.769991
Pedestrian -1 -1 -10 40 248 117 375-1 -1 -1 -1000 -1000 -1000 -10 -0.82384
Pedestrian -1 -1 -10 56 148 184 294-1 -1 -1 -1000 -1000 -1000 -10 -0.876502
Pedestrian -1 -1 -10 912 46 971 209-1 -1 -1 -1000 -1000 -1000 -10 -0.885754
Pedestrian -1 -1 -10 713 44 772 112-1 -1 -1 -1000 -1000 -1000 -10 -0.909619
Pedestrian -1 -1 -10 233 128 295 243-1 -1 -1 -1000 -1000 -1000 -10 -0.921848
Pedestrian -1 -1 -10 465 69 509 192-1 -1 -1 -1000 -1000 -1000 -10 -0.939088
Pedestrian -1 -1 -10 1056 110 1104 242-1 -1 -1 -1000 -1000 -1000 -10 -0.944152
Pedestrian -1 -1 -10 713 129 744 216-1 -1 -1 -1000 -1000 -1000 -10 -0.982456
Pedestrian -1 -1 -10 601 148 679 238-1 -1 -1 -1000 -1000 -1000 -10 -0.990213
Pedestrian -1 -1 -10 1 131 52 273-1 -1 -1 -1000 -1000 -1000 -10 -0.993403
Pedestrian -1 -1 -10 341 74 389 206-1 -1 -1 -1000 -1000 -1000 -10 -0.995433
