Pedestrian -1 -1 -10 913 81 944 168-1 -1 -1 -1000 -1000 -1000 -10 -0.588049
Pedestrian -1 -1 -10 391 1 494 286-1 -1 -1 -1000 -1000 -1000 -10 -0.626692
Pedestrian -1 -1 -10 552 102 588 202-1 -1 -1 -1000 -1000 -1000 -10 -0.664858
Pedestrian -1 -1 -10 1204 75 1242 190-1 -1 -1 -1000 -1000 -1000 -10 -0.768866
Pedestrian -1 -1 -10 1101 71 1184 223-1 -1 -1 -1000 -1000 -1000 -10 -0.769418
Pedestrian -1 -1 -10 883 65 919 165-1 -1 -1 -1000 -1000 -1000 -10 -0.783553
Pedestrian -1 -1 -10 761 73 808 160-1 -1 -1 -1000 -1000 -1000 -10 -0.838893
Pedestrian -1 -1 -10 657 92 701 215-1 -1 -1 -1000 -1000 -1000 -10 -0.943057
Pedestrian -1 -1 -10 1163 1 1242 158-1 -1 -1 -1000 -1000 -1000 -10 -0.957982
Pedestrian -1 -1 -10 861 69 905 192-1 -1 -1 -1000 -1000 -1000 -10 -0.979678
Pedestrian -1 -1 -10 1121 1 1242 256-1 -1 -1 -1000 -1000 -1000 -10 -0.984553
