Pedestrian -1 -1 -10 953 289 984 375-1 -1 -1 -1000 -1000 -1000 -10 -0.534596
Pedestrian -1 -1 -10 464 46 553 209-1 -1 -1 -1000 -1000 -1000 -10 -0.538109
Pedestrian -1 -1 -10 705 1 768 176-1 -1 -1 -1000 -1000 -1000 -10 -0.551606
Pedestrian -1 -1 -10 641 80 679 187-1 -1 -1 -1000 -1000 -1000 -10 -0.558456
Pedestrian -1 -1 -10 210 180 418 375-1 -1 -1 -1000 -1000 -1000 -10 -0.698783
Pedestrian -1 -1 -10 661 130 694 223-1 -1 -1 -1000 -1000 -1000 -10 -0.706846
Pedestrian -1 -1 -10 1201 104 1242 292-1 -1 -1 -1000 -1000 -1000 -10 -0.708933
Pedestrian -1 -1 -10 867 54 929 169-1 -1 -1 -1000 -1000 -1000 -10 -0.754272
Pedestrian -1 -1 -10 793 182 928 375-1 -1 -1 -1000 -1000 -1000 -10 -0.771819
Pedestrian -1 -1 -10 892 238 975 375-1 -1 -1 -1000 -1000 -1000 -10 -0.841811
Pedestrian -1 -1 -10 671 1 788 217-1 -1 -1 -1000 -1000 -1000 -10 -0.848933
Pedestrian -1 -1 -10 1 14 52 156-1 -1 -1 -1000 -1000 -1000 -10 -0.853951
Pedestrian -1 -1 -10 1193 301 1242 369-1 -1 -1 -1000 -1000 -1000 -10 -0.898297
Pedestrian -1 -1 -10 934 43 989 195-1 -1 -1 -1000 -1000 -1000 -10 -0.911452
Pedestrian -1 -1 -10 27 241 60 334-1 -1 -1 -1000 -1000 -1000 -10 -0.916511
Pedestrian -1 -1 -10 171 280 243 375-1 -1 -1 -1000 -1000 -1000 -10 -0.916975
