Pedestrian -1 -1 -10 1210 18 1242 111-1 -1 -1 -1000 -1000 -1000 -10 -0.406595
Pedestrian -1 -1 -10 1002 79 1079 221-1 -1 -1 -1000 -1000 -1000 -10 -0.520363
Pedestrian -1 -1 -10 144 1 195 143-1 -1 -1 -1000 -1000 -1000 -10 -0.572731
Pedestrian -1 -1 -10 313 1 494 208-1 -1 -1 -1000 -1000 -1000 -10 -0.645798
Pedestrian -1 -1 -10 78 10 111 103-1 -1 -1 -1000 -1000 -1000 -10 -0.819498
Pedestrian -1 -1 -10 756 284 806 375-1 -1 -1 -1000 -1000 -1000 -10 -0.83707
Pedestrian -1 -1 -10 696 104 755 172-1 -1 -1 -1000 -1000 -1000 -10 -0.871714
Pedestrian -1 -1 -10 1203 50 1241 157-1 -1 -1 -1000 -1000 -1000 -10 -0.918809
Pedestrian -1 -1 -10 464 119 532 197-1 -1 -1 -1000 -1000 -1000 -10 -0.96397
Pedestrian -1 -1 -10 627 121 686 189-1 -1 -1 -1000 -1000 -1000 -10 -0.993947
