Pedestrian -1 -1 -10 1006 80 1044 187-1 -1 -1 -1000 -1000 -1000 -10 -0.738663
Pedestrian -1 -1 -10 1214 110 1242 242-1 -1 -1 -1000 -1000 -1000 -10 -0.766703
Pedestrian -1 -1 -10 690 119 758 197-1 -1 -1 -1000 -1000 -1000 -10 -0.799377
Pedestrian -1 -1 -10 828 119 896 197-1 -1 -1 -1000 -1000 -1000 -10 -0.807562
Pedestrian -1 -1 -10 321 137 376 200-1 -1 -1 -1000 -1000 -1000 -10 -0.82156
Pedestrian -1 -1 -10 1200 12 1242 135-1 -1 -1 -1000 -1000 -1000 -10 -0.824354
Pedestrian -1 -1 -10 1157 71 1240 223-1 -1 -1 -1000 -1000 -1000 -10 -0.841251
Pedestrian -1 -1 -10 759 50 797 157-1 -1 -1 -1000 -1000 -1000 -10 -0.849561
Pedestrian -1 -1 -10 1197 79 1242 364-1 -1 -1 -1000 -1000 -1000 -10 -0.886923
Pedestrian -1 -1 -10 595 86 643 218-1 -1 -1 -1000 -1000 -1000 -10 -0.90538
Pedestrian -1 -1 -10 306 125 384 215-1 -1 -1 -1000 -1000 -1000 -10 -0.944275
Pedestrian -1 -1 -10 65 111 119 211-1 -1 -1 -1000 -1000 -1000 -10 -0.966266
Pedestrian -1 -1 -10 635 35 685 128-1 -1 -1 -1000 -1000 -1000 -10 -0.975915
