Pedestrian -1 -1 -10 937 287 1027 375-1 -1 -1 -1000 -1000 -1000 -10 -0.613165
Pedestrian -1 -1 -10 881 297 912 375-1 -1 -1 -1000 -1000 -1000 -10 -0.715685
Pedestrian -1 -1 -10 764 121 797 214-1 -1 -1 -1000 -1000 -1000 -10 -0.716058
Pedestrian -1 -1 -10 543 84 597 184-1 -1 -1 -1000 -1000 -1000 -10 -0.771086
Pedestrian -1 -1 -10 318 182 396 272-1 -1 -1 -1000 -1000 -1000 -10 -0.772248
Pedestrian -1 -1 -10 413 207 472 275-1 -1 -1 -1000 -1000 -1000 -10 -0.783082
Pedestrian -1 -1 -10 874 292 958 375-1 -1 -1 -1000 -1000 -1000 -10 -0.791693
Pedestrian -1 -1 -10 801 256 885 352-1 -1 -1 -1000 -1000 -1000 -10 -0.816123
Pedestrian -1 -1 -10 635 138 668 231-1 -1 -1 -1000 -1000 -1000 -10 -0.820669
Pedestrian -1 -1 -10 708 128 781 211-1 -1 -1 -1000 -1000 -1000 -10 -0.900128
Pedestrian -1 -1 -10 881 233 936 296-1 -1 -1 -1000 -1000 -1000 -10 -0.909833
Pedestrian -1 -1 -10 1113 17 1168 80-1 -1 -1 -1000 -1000 -1000 -10 -0.940338
Pedestrian -1 -1 -10 625 1 680 64-1 -1 -1 -1000 -1000 -1000 -10 -0.942617
Pedestrian -1 -1 -10 672 102 708 202-1 -1 -1 -1000 -1000 -1000 -10 -0.980639
Pedestrian -1 -1 -10 513 129 544 216-1 -1 -1 -1000 -1000 -1000 -10 -0.995349
Pedestrian -1 -1 -10 1 46 60 209-1 -1 -1 -1000 -1000 -1000 -10 -0.99662
