Pedestrian -1 -1 -10 442 102 478 202-1 -1 -1 -1000 -1000 -1000 -10 -0.143367
Pedestrian -1 -1 -10 396 130 432 230-1 -1 -1 -1000 -1000 -1000 -10 -0.516105
Pedestrian -1 -1 -10 725 114 769 237-1 -1 -1 -1000 -1000 -1000 -10 -0.542298
Pedestrian -1 -1 -10 1015 157 1066 299-1 -1 -1 -1000 -1000 -1000 -10 -0.59539
Pedestrian -1 -1 -10 481 95 514 188-1 -1 -1 -1000 -1000 -1000 -10 -0.694772
Pedestrian -1 -1 -10 906 182 950 305-1 -1 -1 -1000 -1000 -1000 -10 -0.705051
Pedestrian -1 -1 -10 1046 150 1105 313-1 -1 -1 -1000 -1000 -1000 -10 -0.714889
Pedestrian -1 -1 -10 910 134 982 266-1 -1 -1 -1000 -1000 -1000 -10 -0.719805
Pedestrian -1 -1 -10 344 95 394 188-1 -1 -1 -1000 -1000 -1000 -10 -0.732849
Pedestrian -1 -1 -10 582 85 623 200-1 -1 -1 -1000 -1000 -1000 -10 -0.735675
Pedestrian -1 -1 -10 668 1 716 133-1 -1 -1 -1000 -1000 -1000 -10 -0.774177
Pedestrian -1 -1 -10 885 79 936 221-1 -1 -1 -1000 -1000 -1000 -10 -0.78162
Pedestrian -1 -1 -10 284 69 328 192-1 -1 -1 -1000 -1000 -1000 -10 -0.790857
Pedestrian -1 -1 -10 237 70 295 177-1 -1 -1 -1000 -1000 -1000 -10 -0.814159
Pedestrian -1 -1 -10 430 53 481 195-1 -1 -1 -1000 -1000 -1000 -10 -0.864241
Pedestrian -1 -1 -10 761 97 808 184-1 -1 -1 -1000 -1000 -1000 -10 -0.91472
Pedestrian -1 -1 -10 665 97 712 184-1 -1 -1 -1000 -1000 -1000 -10 -0.935835
Pedestrian -1 -1 -10 850 95 900 188-1 -1 -1 -1000 -1000 -1000 -10 -0.972196
Pedestrian -1 -1 -10 810 75 846 175-1 -1 -1 -1000 -1000 -1000 -10 -0.981388
Pedestrian -1 -1 -10 378 105 429 247-1 -1 -1 -1000 -1000 -1000 -10 -0.986074
Pedestrian -1 -1 -10 1006 99 1084 315-1 -1 -1 -1000 -1000 -1000 -10 -0.98887
Pedestrian -1 -1 -10 464 109 532 187-1 -1 -1 -1000 -1000 -1000 -10 -0.999556
