Pedestrian -1 -1 -10 845 149 886 264-1 -1 -1 -1000 -1000 -1000 -10 0.849515
Pedestrian -1 -1 -10 708 159 749 274-1 -1 -1 -1000 -1000 -1000 -10 0.805012
Pedestrian -1 -1 -10 359 166 413 266-1 -1 -1 -1000 -1000 -1000 -10 -0.175195
Pedestrian -1 -1 -10 984 148 1020 248-1 -1 -1 -1000 -1000 -1000 -10 -0.296829
Pedestrian -1 -1 -10 339 157 416 299-1 -1 -1 -1000 -1000 -1000 -10 -0.348508
Pedestrian -1 -1 -10 1165 31 1224 194-1 -1 -1 -1000 -1000 -1000 -10 -0.527388
Pedestrian -1 -1 -10 948 57 1003 209-1 -1 -1 -1000 -1000 -1000 -10 -0.592826
Pedestrian -1 -1 -10 729 66 780 208-1 -1 -1 -1000 -1000 -1000 -10 -0.670752
Pedestrian -1 -1 -10 460 120 523 193-1 -1 -1 -1000 -1000 -1000 -10 -0.688544
Pedestrian -1 -1 -10 865 111 993 257-1 -1 -1 -1000 -1000 -1000 -10 -0.740117
Pedestrian -1 -1 -10 434 80 709 370-1 -1 -1 -1000 -1000 -1000 -10 -0.74157
Pedestrian -1 -1 -10 261 183 442 370-1 -1 -1 -1000 -1000 -1000 -10 -0.757139
Pedestrian -1 -1 -10 139 40 177 147-1 -1 -1 -1000 -1000 -1000 -10 -0.771215
Pedestrian -1 -1 -10 996 31 1054 138-1 -1 -1 -1000 -1000 -1000 -10 -0.792821
Pedestrian -1 -1 -10 1 66 91 169-1 -1 -1 -1000 -1000 -1000 -10 -0.821597
Pedestrian -1 -1 -10 779 31 817 138-1 -1 -1 -1000 -1000 -1000 -10 -0.887403
Pedestrian -1 -1 -10 741 1 789 133-1 -1 -1 -1000 -1000 -1000 -10 -0.890361
Pedestrian -1 -1 -10 1153 97 1216 272-1 -1 -1 -1000 -1000 -1000 -10 -0.903663
Pedestrian -1 -1 -10 294 85 391 195-1 -1 -1 -1000 -1000 -1000 -10 -0.913471
Pedestrian -1 -1 -10 1098 104 1131 197-1 -1 -1 -1000 -1000 -1000 -10 -0.927284
Pedestrian -1 -1 -10 215 70 248 163-1 -1 -1 -1000 -1000 -1000 -10 -0.948601
Pedestrian -1 -1 -10 1141 1 1224 267-1 -1 -1 -1000 -1000 -1000 -10 -0.95028
Pedestrian -1 -1 -10 1067 1 1224 294-1 -1 -1 -1000 -1000 -1000 -10 -0.96511
Pedestrian -1 -1 -10 134 74 218 170-1 -1 -1 -1000 -1000 -1000 -10 -0.965559
Pedestrian -1 -1 -10 1 105 104 223-1 -1 -1 -1000 -1000 -1000 -10 -0.986688
Pedestrian -1 -1 -10 838 228 906 306-1 -1 -1 -1000 -1000 -1000 -10 -0.989183
Pedestrian -1 -1 -10 756 147 815 215-1 -1 -1 -1000 -1000 -1000 -10 -0.99138
Pedestrian -1 -1 -10 947 40 1025 256-1 -1 -1 -1000 -1000 -1000 -10 -0.993714
