Pedestrian -1 -1 -10 923 147 971 279-1 -1 -1 -1000 -1000 -1000 -10 -0.0941629
Pedestrian -1 -1 -10 1 97 32 184-1 -1 -1 -1000 -1000 -1000 -10 -0.334146
Pedestrian -1 -1 -10 1 114 45 237-1 -1 -1 -1000 -1000 -1000 -10 -0.451702
Pedestrian -1 -1 -10 543 267 601 370-1 -1 -1 -1000 -1000 -1000 -10 -0.529157
Pedestrian -1 -1 -10 910 138 978 326-1 -1 -1 -1000 -1000 -1000 -10 -0.592516
Pedestrian -1 -1 -10 352 159 396 282-1 -1 -1 -1000 -1000 -1000 -10 -0.707479
Pedestrian -1 -1 -10 702 103 746 226-1 -1 -1 -1000 -1000 -1000 -10 -0.747468
Pedestrian -1 -1 -10 470 1 524 101-1 -1 -1 -1000 -1000 -1000 -10 -0.763932
Pedestrian -1 -1 -10 920 85 1086 370-1 -1 -1 -1000 -1000 -1000 -10 -0.79072
Pedestrian -1 -1 -10 387 231 450 304-1 -1 -1 -1000 -1000 -1000 -10 -0.821928
Pedestrian -1 -1 -10 1150 130 1200 223-1 -1 -1 -1000 -1000 -1000 -10 -0.869829
Pedestrian -1 -1 -10 761 153 792 240-1 -1 -1 -1000 -1000 -1000 -10 -0.891897
Pedestrian -1 -1 -10 284 172 317 265-1 -1 -1 -1000 -1000 -1000 -10 -0.903233
Pedestrian -1 -1 -10 634 1 717 232-1 -1 -1 -1000 -1000 -1000 -10 -0.905492
Pedestrian -1 -1 -10 768 105 845 247-1 -1 -1 -1000 -1000 -1000 -10 -0.909749
Pedestrian -1 -1 -10 145 57 200 120-1 -1 -1 -1000 -1000 -1000 -10 -0.915276
Pedestrian -1 -1 -10 580 267 634 367-1 -1 -1 -1000 -1000 -1000 -10 -0.92896
Pedestrian -1 -1 -10 742 92 793 234-1 -1 -1 -1000 -1000 -1000 -10 -0.986649
Pedestrian -1 -1 -10 425 49 456 136-1 -1 -1 -1000 -1000 -1000 -10 -0.987597
