Pedestrian -1 -1 -10 635 84 671 184-1 -1 -1 -1000 -1000 -1000 -10 -0.361453
Pedestrian -1 -1 -10 628 43 711 195-1 -1 -1 -1000 -1000 -1000 -10 -0.477471
Pedestrian -1 -1 -10 577 33 768 375-1 -1 -1 -1000 -1000 -1000 -10 -0.608786
Pedestrian -1 -1 -10 1055 21 1093 128-1 -1 -1 -1000 -1000 -1000 -10 -0.622315
Pedestrian -1 -1 -10 824 297 897 375-1 -1 -1 -1000 -1000 -1000 -10 -0.676614
Pedestrian -1 -1 -10 1081 275 1131 368-1 -1 -1 -1000 -1000 -1000 -10 -0.723932
Pedestrian -1 -1 -10 898 261 988 364-1 -1 -1 -1000 -1000 -1000 -10 -0.783448
Pedestrian -1 -1 -10 502 112 891 375-1 -1 -1 -1000 -1000 -1000 -10 -0.831542
Pedestrian -1 -1 -10 1155 1 1242 249-1 -1 -1 -1000 -1000 -1000 -10 -0.840855
Pedestrian -1 -1 -10 962 265 1024 375-1 -1 -1 -1000 -1000 -1000 -10 -0.892648
