Pedestrian -1 -1 -10 273 1 340 124-1 -1 -1 -1000 -1000 -1000 -10 -0.515023
Pedestrian -1 -1 -10 618 1 686 189-1 -1 -1 -1000 -1000 -1000 -10 -0.662112
Pedestrian -1 -1 -10 157 118 247 221-1 -1 -1 -1000 -1000 -1000 -10 -0.700696
Pedestrian -1 -1 -10 828 119 866 226-1 -1 -1 -1000 -1000 -1000 -10 -0.704496
Pedestrian -1 -1 -10 513 90 571 197-1 -1 -1 -1000 -1000 -1000 -10 -0.728988
Pedestrian -1 -1 -10 1067 148 1130 221-1 -1 -1 -1000 -1000 -1000 -10 -0.762696
Pedestrian -1 -1 -10 1031 1 1090 164-1 -1 -1 -1000 -1000 -1000 -10 -0.800463
Pedestrian -1 -1 -10 121 9 152 96-1 -1 -1 -1000 -1000 -1000 -10 -0.822757
Pedestrian -1 -1 -10 704 121 737 214-1 -1 -1 -1000 -1000 -1000 -10 -0.905788
Pedestrian -1 -1 -10 475 99 530 251-1 -1 -1 -1000 -1000 -1000 -10 -0.945272
Pedestrian -1 -1 -10 86 1 134 133-1 -1 -1 -1000 -1000 -1000 -10 -0.952749
Pedestrian -1 -1 -10 118 1 208 104-1 -1 -1 -1000 -1000 -1000 -10 -0.998061
