Pedestrian -1 -1 -10 105 91 208 209-1 -1 -1 -1000 -1000 -1000 -10 -0.194669
Pedestrian -1 -1 -10 1065 60 1103 167-1 -1 -1 -1000 -1000 -1000 -10 -0.469104
Pedestrian -1 -1 -10 1093 1 1183 104-1 -1 -1 -1000 -1000 -1000 -10 -0.480742
Pedestrian -1 -1 -10 907 21 1044 178-1 -1 -1 -1000 -1000 -1000 -10 -0.570989
Pedestrian -1 -1 -10 586 40 637 182-1 -1 -1 -1000 -1000 -1000 -10 -0.600361
Pedestrian -1 -1 -10 191 75 232 190-1 -1 -1 -1000 -1000 -1000 -10 -0.752909
Pedestrian -1 -1 -10 1067 1 1195 147-1 -1 -1 -1000 -1000 -1000 -10 -0.754688
Pedestrian -1 -1 -10 703 31 762 194-1 -1 -1 -1000 -1000 -1000 -10 -0.765379
Pedestrian -1 -1 -10 250 112 309 180-1 -1 -1 -1000 -1000 -1000 -10 -0.79475
Pedestrian -1 -1 -10 525 29 579 129-1 -1 -1 -1000 -1000 -1000 -10 -0.795518
Pedestrian -1 -1 -10 753 129 784 216-1 -1 -1 -1000 -1000 -1000 -10 -0.808869
Pedestrian -1 -1 -10 828 84 864 184-1 -1 -1 -1000 -1000 -1000 -10 -0.834298
Pedestrian -1 -1 -10 153 177 200 264-1 -1 -1 -1000 -1000 -1000 -10 -0.844591
Pedestrian -1 -1 -10 208 21 246 128-1 -1 -1 -1000 -1000 -1000 -10 -0.896492
Pedestrian -1 -1 -10 634 1 886 375-1 -1 -1 -1000 -1000 -1000 -10 -0.911546
Pedestrian -1 -1 -10 1057 1 1242 375-1 -1 -1 -1000 -1000 -1000 -10 -0.956921
Pedestrian -1 -1 -10 321 105 368 192-1 -1 -1 -1000 -1000 -1000 -10 -0.971424
