Pedestrian -1 -1 -10 663 84 699 184-1 -1 -1 -1000 -1000 -1000 -10 -0.0492115
Pedestrian -1 -1 -10 986 40 1024 147-1 -1 -1 -1000 -1000 -1000 -10 -0.0694752
Pedestrian -1 -1 -10 1017 185 1048 272-1 -1 -1 -1000 -1000 -1000 -10 -0.47036
Pedestrian -1 -1 -10 704 50 752 182-1 -1 -1 -1000 -1000 -1000 -10 -0.480181
Pedestrian -1 -1 -10 1 145 32 232-1 -1 -1 -1000 -1000 -1000 -10 -0.492966
Pedestrian -1 -1 -10 1 65 37 165-1 -1 -1 -1000 -1000 -1000 -10 -0.541074
Pedestrian -1 -1 -10 169 57 200 144-1 -1 -1 -1000 -1000 -1000 -10 -0.552279
Pedestrian -1 -1 -10 129 65 192 240-1 -1 -1 -1000 -1000 -1000 -10 -0.590672
Pedestrian -1 -1 -10 249 84 285 184-1 -1 -1 -1000 -1000 -1000 -10 -0.604645
Pedestrian -1 -1 -10 1009 145 1064 208-1 -1 -1 -1000 -1000 -1000 -10 -0.674776
Pedestrian -1 -1 -10 1008 148 1052 271-1 -1 -1 -1000 -1000 -1000 -10 -0.740702
Pedestrian -1 -1 -10 1025 40 1063 147-1 -1 -1 -1000 -1000 -1000 -10 -0.77048
Pedestrian -1 -1 -10 329 1 376 88-1 -1 -1 -1000 -1000 -1000 -10 -0.831076
Pedestrian -1 -1 -10 976 29 1031 181-1 -1 -1 -1000 -1000 -1000 -10 -0.85436
Pedestrian -1 -1 -10 425 74 509 170-1 -1 -1 -1000 -1000 -1000 -10 -0.925008
Pedestrian -1 -1 -10 233 129 264 216-1 -1 -1 -1000 -1000 -1000 -10 -0.930068
Pedestrian -1 -1 -10 852 1 911 164-1 -1 -1 -1000 -1000 -1000 -10 -0.97632
Pedestrian -1 -1 -10 1 33 64 208-1 -1 -1 -1000 -1000 -1000 -10 -0.996483
Pedestrian -1 -1 -10 85 43 140 195-1 -1 -1 -1000 -1000 -1000 -10 -0.998809
