Pedestrian -1 -1 -10 61 1 269 239-1 -1 -1 -1000 -1000 -1000 -10 -0.33124
Pedestrian -1 -1 -10 641 80 679 187-1 -1 -1 -1000 -1000 -1000 -10 -0.521221
Pedestrian -1 -1 -10 257 33 448 375-1 -1 -1 -1000 -1000 -1000 -10 -0.532659
Pedestrian -1 -1 -10 612 80 679 203-1 -1 -1 -1000 -1000 -1000 -10 -0.668234
Pedestrian -1 -1 -10 929 1 1086 181-1 -1 -1 -1000 -1000 -1000 -10 -0.669832
Pedestrian -1 -1 -10 690 60 768 276-1 -1 -1 -1000 -1000 -1000 -10 -0.68741
Pedestrian -1 -1 -10 395 1 512 217-1 -1 -1 -1000 -1000 -1000 -10 -0.720876
Pedestrian -1 -1 -10 1 1 97 267-1 -1 -1 -1000 -1000 -1000 -10 -0.772911
Pedestrian -1 -1 -10 1 1 296 338-1 -1 -1 -1000 -1000 -1000 -10 -0.774479
Pedestrian -1 -1 -10 1092 171 1176 267-1 -1 -1 -1000 -1000 -1000 -10 -0.854267
Pedestrian -1 -1 -10 505 1 552 88-1 -1 -1 -1000 -1000 -1000 -10 -0.87938
Pedestrian -1 -1 -10 513 49 560 136-1 -1 -1 -1000 -1000 -1000 -10 -0.904529
Pedestrian -1 -1 -10 497 89 544 176-1 -1 -1 -1000 -1000 -1000 -10 -0.965831
Pedestrian -1 -1 -10 997 137 1075 227-1 -1 -1 -1000 -1000 -1000 -10 -0.993194
