Pedestrian -1 -1 -10 1210 155 1242 248-1 -1 -1 -1000 -1000 -1000 -10 -0.109058
Pedestrian -1 -1 -10 781 112 814 205-1 -1 -1 -1000 -1000 -1000 -10 -0.307937
Pedestrian -1 -1 -10 644 293 694 375-1 -1 -1 -1000 -1000 -1000 -10 -0.489846
Pedestrian -1 -1 -10 529 105 560 192-1 -1 -1 -1000 -1000 -1000 -10 -0.741875
Pedestrian -1 -1 -10 1197 118 1242 260-1 -1 -1 -1000 -1000 -1000 -10 -0.765319
Pedestrian -1 -1 -10 1189 231 1237 363-1 -1 -1 -1000 -1000 -1000 -10 -0.864773
Pedestrian -1 -1 -10 341 102 395 202-1 -1 -1 -1000 -1000 -1000 -10 -0.887509
Pedestrian -1 -1 -10 738 138 797 206-1 -1 -1 -1000 -1000 -1000 -10 -0.912349
Pedestrian -1 -1 -10 727 102 763 202-1 -1 -1 -1000 -1000 -1000 -10 -0.916433
Pedestrian -1 -1 -10 543 47 606 120-1 -1 -1 -1000 -1000 -1000 -10 -0.940341
Pedestrian -1 -1 -10 937 233 984 320-1 -1 -1 -1000 -1000 -1000 -10 -0.945839
Pedestrian -1 -1 -10 168 21 206 128-1 -1 -1 -1000 -1000 -1000 -10 -0.97956
