Pedestrian -1 -1 -10 431 171 475 294-1 -1 -1 -1000 -1000 -1000 -10 1.98589
Pedestrian -1 -1 -10 476 159 520 282-1 -1 -1 -1000 -1000 -1000 -10 1.9703
Pedestrian -1 -1 -10 284 10 334 103-1 -1 -1 -1000 -1000 -1000 -10 0.684094
Pedestrian -1 -1 -10 665 145 696 232-1 -1 -1 -1000 -1000 -1000 -10 0.280097
Pedestrian -1 -1 -10 1 241 103 374-1 -1 -1 -1000 -1000 -1000 -10 0.108847
Pedestrian -1 -1 -10 609 153 640 240-1 -1 -1 -1000 -1000 -1000 -10 0.0887575
Pedestrian -1 -1 -10 598 91 657 254-1 -1 -1 -1000 -1000 -1000 -10 0.0657406
Pedestrian -1 -1 -10 1033 297 1080 374-1 -1 -1 -1000 -1000 -1000 -10 -0.189181
Pedestrian -1 -1 -10 1141 98 1237 364-1 -1 -1 -1000 -1000 -1000 -10 -0.302708
Pedestrian -1 -1 -10 417 145 480 320-1 -1 -1 -1000 -1000 -1000 -10 -0.305923
Pedestrian -1 -1 -10 273 1 336 176-1 -1 -1 -1000 -1000 -1000 -10 -0.323406
Pedestrian -1 -1 -10 201 257 232 344-1 -1 -1 -1000 -1000 -1000 -10 -0.345203
Pedestrian -1 -1 -10 1004 280 1101 374-1 -1 -1 -1000 -1000 -1000 -10 -0.378269
Pedestrian -1 -1 -10 705 145 752 232-1 -1 -1 -1000 -1000 -1000 -10 -0.394375
Pedestrian -1 -1 -10 287 53 390 338-1 -1 -1 -1000 -1000 -1000 -10 -0.433467
Pedestrian -1 -1 -10 893 284 943 374-1 -1 -1 -1000 -1000 -1000 -10 -0.515156
Pedestrian -1 -1 -10 1014 85 1238 374-1 -1 -1 -1000 -1000 -1000 -10 -0.536811
Pedestrian -1 -1 -10 803 265 865 374-1 -1 -1 -1000 -1000 -1000 -10 -0.650015
Pedestrian -1 -1 -10 182 238 265 374-1 -1 -1 -1000 -1000 -1000 -10 -0.678336
Pedestrian -1 -1 -10 363 1 543 374-1 -1 -1 -1000 -1000 -1000 -10 -0.711597
Pedestrian -1 -1 -10 1 182 98 292-1 -1 -1 -1000 -1000 -1000 -10 -0.718547
Pedestrian -1 -1 -10 846 222 955 374-1 -1 -1 -1000 -1000 -1000 -10 -0.732044
Pedestrian -1 -1 -10 316 292 400 374-1 -1 -1 -1000 -1000 -1000 -10 -0.764036
Pedestrian -1 -1 -10 716 134 788 266-1 -1 -1 -1000 -1000 -1000 -10 -0.782752
Pedestrian -1 -1 -10 628 61 687 224-1 -1 -1 -1000 -1000 -1000 -10 -0.79238
Pedestrian -1 -1 -10 798 121 848 214-1 -1 -1 -1000 -1000 -1000 -10 -0.848061
Pedestrian -1 -1 -10 748 227 826 317-1 -1 -1 -1000 -1000 -1000 -10 -0.867404
Pedestrian -1 -1 -10 681 153 712 240-1 -1 -1 -1000 -1000 -1000 -10 -0.87831
Pedestrian -1 -1 -10 183 105 338 374-1 -1 -1 -1000 -1000 -1000 -10 -0.882297
Pedestrian -1 -1 -10 753 57 836 209-1 -1 -1 -1000 -1000 -1000 -10 -0.883102
Pedestrian -1 -1 -10 699 222 827 368-1 -1 -1 -1000 -1000 -1000 -10 -0.909535
Pedestrian -1 -1 -10 785 1 896 128-1 -1 -1 -1000 -1000 -1000 -10 -0.954026
Pedestrian -1 -1 -10 897 120 956 283-1 -1 -1 -1000 -1000 -1000 -10 -0.956345
