Pedestrian -1 -1 -10 12 33 53 148-1 -1 -1 -1000 -1000 -1000 -10 -0.476549
Pedestrian -1 -1 -10 121 250 180 318-1 -1 -1 -1000 -1000 -1000 -10 -0.586071
Pedestrian -1 -1 -10 1204 64 1241 179-1 -1 -1 -1000 -1000 -1000 -10 -0.686114
Pedestrian -1 -1 -10 1209 17 1240 104-1 -1 -1 -1000 -1000 -1000 -10 -0.729273
Pedestrian -1 -1 -10 777 297 824 376-1 -1 -1 -1000 -1000 -1000 -10 -0.770362
Pedestrian -1 -1 -10 19 323 82 376-1 -1 -1 -1000 -1000 -1000 -10 -0.817029
Pedestrian -1 -1 -10 172 95 231 163-1 -1 -1 -1000 -1000 -1000 -10 -0.867124
Pedestrian -1 -1 -10 102 84 156 184-1 -1 -1 -1000 -1000 -1000 -10 -0.880525
Pedestrian -1 -1 -10 38 130 92 230-1 -1 -1 -1000 -1000 -1000 -10 -0.905921
Pedestrian -1 -1 -10 1 316 138 376-1 -1 -1 -1000 -1000 -1000 -10 -0.919896
Pedestrian -1 -1 -10 1110 227 1177 350-1 -1 -1 -1000 -1000 -1000 -10 -0.991209
