Pedestrian -1 -1 -10 770 114 837 237-1 -1 -1 -1000 -1000 -1000 -10 -0.453825
Pedestrian -1 -1 -10 799 237 867 315-1 -1 -1 -1000 -1000 -1000 -10 -0.474486
Pedestrian -1 -1 -10 795 154 850 306-1 -1 -1 -1000 -1000 -1000 -10 -0.514459
Pedestrian -1 -1 -10 543 277 597 370-1 -1 -1 -1000 -1000 -1000 -10 -0.621432
Pedestrian -1 -1 -10 352 159 396 282-1 -1 -1 -1000 -1000 -1000 -10 -0.672318
Pedestrian -1 -1 -10 773 138 875 326-1 -1 -1 -1000 -1000 -1000 -10 -0.685525
Pedestrian -1 -1 -10 687 172 737 265-1 -1 -1 -1000 -1000 -1000 -10 -0.714437
Pedestrian -1 -1 -10 1094 129 1152 236-1 -1 -1 -1000 -1000 -1000 -10 -0.741032
Pedestrian -1 -1 -10 996 241 1029 334-1 -1 -1 -1000 -1000 -1000 -10 -0.777526
Pedestrian -1 -1 -10 297 129 352 192-1 -1 -1 -1000 -1000 -1000 -10 -0.802815
Pedestrian -1 -1 -10 387 231 450 304-1 -1 -1 -1000 -1000 -1000 -10 -0.815877
Pedestrian -1 -1 -10 582 267 620 370-1 -1 -1 -1000 -1000 -1000 -10 -0.822155
Pedestrian -1 -1 -10 345 121 400 184-1 -1 -1 -1000 -1000 -1000 -10 -0.838592
Pedestrian -1 -1 -10 425 161 480 224-1 -1 -1 -1000 -1000 -1000 -10 -0.878878
Pedestrian -1 -1 -10 181 35 214 128-1 -1 -1 -1000 -1000 -1000 -10 -0.88246
Pedestrian -1 -1 -10 1183 43 1224 158-1 -1 -1 -1000 -1000 -1000 -10 -0.885005
Pedestrian -1 -1 -10 897 193 928 280-1 -1 -1 -1000 -1000 -1000 -10 -0.902913
Pedestrian -1 -1 -10 393 97 448 160-1 -1 -1 -1000 -1000 -1000 -10 -0.925409
Pedestrian -1 -1 -10 284 172 317 265-1 -1 -1 -1000 -1000 -1000 -10 -0.942307
Pedestrian -1 -1 -10 947 244 1019 370-1 -1 -1 -1000 -1000 -1000 -10 -0.942817
Pedestrian -1 -1 -10 257 178 315 285-1 -1 -1 -1000 -1000 -1000 -10 -0.965478
Pedestrian -1 -1 -10 755 105 910 370-1 -1 -1 -1000 -1000 -1000 -10 -0.982127
Pedestrian -1 -1 -10 1081 1 1114 94-1 -1 -1 -1000 -1000 -1000 -10 -0.99071
