Pedestrian -1 -1 -10 541 112 574 205-1 -1 -1 -1000 -1000 -1000 -10 -0.566967
Pedestrian -1 -1 -10 769 1 896 352-1 -1 -1 -1000 -1000 -1000 -10 -0.689089
Pedestrian -1 -1 -10 321 73 352 160-1 -1 -1 -1000 -1000 -1000 -10 -0.725451
Pedestrian -1 -1 -10 449 105 552 223-1 -1 -1 -1000 -1000 -1000 -10 -0.780925
Pedestrian -1 -1 -10 567 121 600 214-1 -1 -1 -1000 -1000 -1000 -10 -0.841873
Pedestrian -1 -1 -10 417 105 468 247-1 -1 -1 -1000 -1000 -1000 -10 -0.847197
Pedestrian -1 -1 -10 296 188 334 295-1 -1 -1 -1000 -1000 -1000 -10 -0.878784
Pedestrian -1 -1 -10 1065 177 1120 240-1 -1 -1 -1000 -1000 -1000 -10 -0.929546
Pedestrian -1 -1 -10 258 47 321 120-1 -1 -1 -1000 -1000 -1000 -10 -0.961637
Pedestrian -1 -1 -10 1065 1 1222 375-1 -1 -1 -1000 -1000 -1000 -10 -0.969241
Pedestrian -1 -1 -10 1 180 104 298-1 -1 -1 -1000 -1000 -1000 -10 -0.992413
Pedestrian -1 -1 -10 1209 1 1240 88-1 -1 -1 -1000 -1000 -1000 -10 -0.994369
