Pedestrian -1 -1 -10 690 139 726 239-1 -1 -1 -1000 -1000 -1000 -10 0.302924
Pedestrian -1 -1 -10 1 225 48 312-1 -1 -1 -1000 -1000 -1000 -10 -0.286015
Pedestrian -1 -1 -10 729 153 760 240-1 -1 -1 -1000 -1000 -1000 -10 -0.310102
Pedestrian -1 -1 -10 1132 79 1183 221-1 -1 -1 -1000 -1000 -1000 -10 -0.410611
Pedestrian -1 -1 -10 442 29 496 129-1 -1 -1 -1000 -1000 -1000 -10 -0.54429
Pedestrian -1 -1 -10 781 121 814 214-1 -1 -1 -1000 -1000 -1000 -10 -0.678683
Pedestrian -1 -1 -10 1046 1 1164 328-1 -1 -1 -1000 -1000 -1000 -10 -0.702174
Pedestrian -1 -1 -10 241 201 296 264-1 -1 -1 -1000 -1000 -1000 -10 -0.756646
Pedestrian -1 -1 -10 927 159 965 266-1 -1 -1 -1000 -1000 -1000 -10 -0.77566
Pedestrian -1 -1 -10 631 31 689 138-1 -1 -1 -1000 -1000 -1000 -10 -0.794815
Pedestrian -1 -1 -10 589 120 625 220-1 -1 -1 -1000 -1000 -1000 -10 -0.871023
Pedestrian -1 -1 -10 456 27 533 169-1 -1 -1 -1000 -1000 -1000 -10 -0.871739
Pedestrian -1 -1 -10 809 193 840 280-1 -1 -1 -1000 -1000 -1000 -10 -0.888721
Pedestrian -1 -1 -10 493 119 551 226-1 -1 -1 -1000 -1000 -1000 -10 -0.895253
Pedestrian -1 -1 -10 465 129 496 216-1 -1 -1 -1000 -1000 -1000 -10 -0.901631
Pedestrian -1 -1 -10 613 16 702 179-1 -1 -1 -1000 -1000 -1000 -10 -0.919238
Pedestrian -1 -1 -10 518 22 591 105-1 -1 -1 -1000 -1000 -1000 -10 -0.935415
Pedestrian -1 -1 -10 789 74 837 206-1 -1 -1 -1000 -1000 -1000 -10 -0.957983
Pedestrian -1 -1 -10 41 249 96 312-1 -1 -1 -1000 -1000 -1000 -10 -0.965932
Pedestrian -1 -1 -10 729 122 777 254-1 -1 -1 -1000 -1000 -1000 -10 -0.99128
