Pedestrian -1 -1 -10 1205 120 1241 220-1 -1 -1 -1000 -1000 -1000 -10 -0.465888
Pedestrian -1 -1 -10 627 87 660 180-1 -1 -1 -1000 -1000 -1000 -10 -0.619116
Pedestrian -1 -1 -10 1 1 37 101-1 -1 -1 -1000 -1000 -1000 -10 -0.634692
Pedestrian -1 -1 -10 881 25 912 112-1 -1 -1 -1000 -1000 -1000 -10 -0.696993
Pedestrian -1 -1 -10 625 53 702 195-1 -1 -1 -1000 -1000 -1000 -10 -0.701165
Pedestrian -1 -1 -10 1184 35 1234 128-1 -1 -1 -1000 -1000 -1000 -10 -0.713878
Pedestrian -1 -1 -10 568 31 746 358-1 -1 -1 -1000 -1000 -1000 -10 -0.723167
Pedestrian -1 -1 -10 270 31 329 194-1 -1 -1 -1000 -1000 -1000 -10 -0.776091
Pedestrian -1 -1 -10 1124 138 1174 231-1 -1 -1 -1000 -1000 -1000 -10 -0.82401
Pedestrian -1 -1 -10 849 33 880 120-1 -1 -1 -1000 -1000 -1000 -10 -0.831942
Pedestrian -1 -1 -10 1183 70 1241 177-1 -1 -1 -1000 -1000 -1000 -10 -0.865829
Pedestrian -1 -1 -10 1 1 60 164-1 -1 -1 -1000 -1000 -1000 -10 -0.887481
Pedestrian -1 -1 -10 1099 96 1172 179-1 -1 -1 -1000 -1000 -1000 -10 -0.917225
Pedestrian -1 -1 -10 782 46 826 169-1 -1 -1 -1000 -1000 -1000 -10 -0.931233
Pedestrian -1 -1 -10 1194 191 1235 306-1 -1 -1 -1000 -1000 -1000 -10 -0.948588
Pedestrian -1 -1 -10 947 1 1222 315-1 -1 -1 -1000 -1000 -1000 -10 -0.983196
Pedestrian -1 -1 -10 846 47 900 147-1 -1 -1 -1000 -1000 -1000 -10 -0.994401
