Pedestrian -1 -1 -10 1105 297 1152 375-1 -1 -1 -1000 -1000 -1000 -10 -0.0689688
Pedestrian -1 -1 -10 1203 31 1241 138-1 -1 -1 -1000 -1000 -1000 -10 -0.231464
Pedestrian -1 -1 -10 593 10 626 103-1 -1 -1 -1000 -1000 -1000 -10 -0.239252
Pedestrian -1 -1 -10 1203 257 1241 364-1 -1 -1 -1000 -1000 -1000 -10 -0.595325
Pedestrian -1 -1 -10 572 31 640 109-1 -1 -1 -1000 -1000 -1000 -10 -0.608349
Pedestrian -1 -1 -10 1033 89 1064 176-1 -1 -1 -1000 -1000 -1000 -10 -0.613387
Pedestrian -1 -1 -10 1162 1 1242 232-1 -1 -1 -1000 -1000 -1000 -10 -0.64823
Pedestrian -1 -1 -10 265 128 327 243-1 -1 -1 -1000 -1000 -1000 -10 -0.654116
Pedestrian -1 -1 -10 389 50 473 146-1 -1 -1 -1000 -1000 -1000 -10 -0.74448
Pedestrian -1 -1 -10 470 139 506 239-1 -1 -1 -1000 -1000 -1000 -10 -0.749294
Pedestrian -1 -1 -10 1073 318 1132 375-1 -1 -1 -1000 -1000 -1000 -10 -0.767741
Pedestrian -1 -1 -10 456 92 533 234-1 -1 -1 -1000 -1000 -1000 -10 -0.78756
Pedestrian -1 -1 -10 375 40 453 256-1 -1 -1 -1000 -1000 -1000 -10 -0.79722
Pedestrian -1 -1 -10 1209 193 1240 280-1 -1 -1 -1000 -1000 -1000 -10 -0.886021
Pedestrian -1 -1 -10 1141 265 1203 375-1 -1 -1 -1000 -1000 -1000 -10 -0.91676
Pedestrian -1 -1 -10 1098 44 1131 137-1 -1 -1 -1000 -1000 -1000 -10 -0.918675
Pedestrian -1 -1 -10 993 38 1029 138-1 -1 -1 -1000 -1000 -1000 -10 -0.929391
Pedestrian -1 -1 -10 1065 21 1143 237-1 -1 -1 -1000 -1000 -1000 -10 -0.93675
Pedestrian -1 -1 -10 1171 248 1242 375-1 -1 -1 -1000 -1000 -1000 -10 -0.938411
Pedestrian -1 -1 -10 404 135 507 253-1 -1 -1 -1000 -1000 -1000 -10 -0.944862
Pedestrian -1 -1 -10 224 1 446 375-1 -1 -1 -1000 -1000 -1000 -10 -0.988146
Pedestrian -1 -1 -10 907 31 965 138-1 -1 -1 -1000 -1000 -1000 -10 -0.990805
Pedestrian -1 -1 -10 670 1 780 306-1 -1 -1 -1000 -1000 -1000 -10 -0.993826
Pedestrian -1 -1 -10 633 297 680 375-1 -1 -1 -1000 -1000 -1000 -10 -0.997581
