Pedestrian -1 -1 -10 807 270 910 375-1 -1 -1 -1000 -1000 -1000 -10 -0.426165
Pedestrian -1 -1 -10 730 164 763 257-1 -1 -1 -1000 -1000 -1000 -10 -0.500041
Pedestrian -1 -1 -10 266 196 363 306-1 -1 -1 -1000 -1000 -1000 -10 -0.691908
Pedestrian -1 -1 -10 387 138 420 231-1 -1 -1 -1000 -1000 -1000 -10 -0.728932
Pedestrian -1 -1 -10 425 25 456 112-1 -1 -1 -1000 -1000 -1000 -10 -0.739706
Pedestrian -1 -1 -10 626 84 680 184-1 -1 -1 -1000 -1000 -1000 -10 -0.7616
Pedestrian -1 -1 -10 993 305 1024 375-1 -1 -1 -1000 -1000 -1000 -10 -0.814458
Pedestrian -1 -1 -10 725 92 803 182-1 -1 -1 -1000 -1000 -1000 -10 -0.862074
Pedestrian -1 -1 -10 638 92 728 195-1 -1 -1 -1000 -1000 -1000 -10 -0.879161
Pedestrian -1 -1 -10 612 114 656 237-1 -1 -1 -1000 -1000 -1000 -10 -0.883283
Pedestrian -1 -1 -10 716 171 800 267-1 -1 -1 -1000 -1000 -1000 -10 -0.899525
Pedestrian -1 -1 -10 670 99 753 251-1 -1 -1 -1000 -1000 -1000 -10 -0.948318
Pedestrian -1 -1 -10 401 129 456 192-1 -1 -1 -1000 -1000 -1000 -10 -0.979628
Pedestrian -1 -1 -10 387 19 423 119-1 -1 -1 -1000 -1000 -1000 -10 -0.991213
Pedestrian -1 -1 -10 913 1 944 88-1 -1 -1 -1000 -1000 -1000 -10 -0.994418
