Pedestrian -1 -1 -10 599 79 650 221-1 -1 -1 -1000 -1000 -1000 -10 -0.232439
Pedestrian -1 -1 -10 329 180 418 343-1 -1 -1 -1000 -1000 -1000 -10 -0.317846
Pedestrian -1 -1 -10 589 1 679 249-1 -1 -1 -1000 -1000 -1000 -10 -0.458411
Pedestrian -1 -1 -10 1 228 39 335-1 -1 -1 -1000 -1000 -1000 -10 -0.563037
Pedestrian -1 -1 -10 661 80 699 187-1 -1 -1 -1000 -1000 -1000 -10 -0.64419
Pedestrian -1 -1 -10 807 198 840 291-1 -1 -1 -1000 -1000 -1000 -10 -0.652618
Pedestrian -1 -1 -10 419 105 478 268-1 -1 -1 -1000 -1000 -1000 -10 -0.750448
Pedestrian -1 -1 -10 976 131 1027 273-1 -1 -1 -1000 -1000 -1000 -10 -0.834214
Pedestrian -1 -1 -10 318 205 475 375-1 -1 -1 -1000 -1000 -1000 -10 -0.836731
Pedestrian -1 -1 -10 53 196 104 338-1 -1 -1 -1000 -1000 -1000 -10 -0.853278
Pedestrian -1 -1 -10 719 85 845 316-1 -1 -1 -1000 -1000 -1000 -10 -0.908125
Pedestrian -1 -1 -10 473 61 523 154-1 -1 -1 -1000 -1000 -1000 -10 -0.909032
Pedestrian -1 -1 -10 1 207 73 339-1 -1 -1 -1000 -1000 -1000 -10 -0.931129
Pedestrian -1 -1 -10 553 31 612 194-1 -1 -1 -1000 -1000 -1000 -10 -0.976938
