Pedestrian -1 -1 -10 9 265 40 352-1 -1 -1 -1000 -1000 -1000 -10 0.594488
Pedestrian -1 -1 -10 953 112 986 205-1 -1 -1 -1000 -1000 -1000 -10 -0.463223
Pedestrian -1 -1 -10 1 128 42 243-1 -1 -1 -1000 -1000 -1000 -10 -0.467796
Pedestrian -1 -1 -10 1134 80 1192 187-1 -1 -1 -1000 -1000 -1000 -10 -0.479188
Pedestrian -1 -1 -10 196 57 362 362-1 -1 -1 -1000 -1000 -1000 -10 -0.528051
Pedestrian -1 -1 -10 249 9 280 96-1 -1 -1 -1000 -1000 -1000 -10 -0.682247
Pedestrian -1 -1 -10 1 1 111 306-1 -1 -1 -1000 -1000 -1000 -10 -0.707888
Pedestrian -1 -1 -10 50 257 108 364-1 -1 -1 -1000 -1000 -1000 -10 -0.742966
Pedestrian -1 -1 -10 92 1 136 124-1 -1 -1 -1000 -1000 -1000 -10 -0.792874
Pedestrian -1 -1 -10 1183 306 1242 375-1 -1 -1 -1000 -1000 -1000 -10 -0.832659
Pedestrian -1 -1 -10 801 37 873 169-1 -1 -1 -1000 -1000 -1000 -10 -0.841814
Pedestrian -1 -1 -10 976 182 1031 334-1 -1 -1 -1000 -1000 -1000 -10 -0.868287
Pedestrian -1 -1 -10 1 244 49 375-1 -1 -1 -1000 -1000 -1000 -10 -0.871984
Pedestrian -1 -1 -10 837 1 926 164-1 -1 -1 -1000 -1000 -1000 -10 -0.879784
Pedestrian -1 -1 -10 1144 60 1222 276-1 -1 -1 -1000 -1000 -1000 -10 -0.905035
Pedestrian -1 -1 -10 937 92 988 234-1 -1 -1 -1000 -1000 -1000 -10 -0.920514
Pedestrian -1 -1 -10 1030 84 1066 184-1 -1 -1 -1000 -1000 -1000 -10 -0.935202
Pedestrian -1 -1 -10 1009 249 1064 312-1 -1 -1 -1000 -1000 -1000 -10 -0.944721
Pedestrian -1 -1 -10 1104 1 1213 202-1 -1 -1 -1000 -1000 -1000 -10 -0.981653
Pedestrian -1 -1 -10 781 147 840 215-1 -1 -1 -1000 -1000 -1000 -10 -0.985918
Pedestrian -1 -1 -10 1032 112 1198 375-1 -1 -1 -1000 -1000 -1000 -10 -0.986243
