Pedestrian -1 -1 -10 543 90 581 197-1 -1 -1 -1000 -1000 -1000 -10 -0.581218
Pedestrian -1 -1 -10 447 196 530 348-1 -1 -1 -1000 -1000 -1000 -10 -0.6466
Pedestrian -1 -1 -10 1132 69 1199 192-1 -1 -1 -1000 -1000 -1000 -10 -0.686448
Pedestrian -1 -1 -10 451 29 505 129-1 -1 -1 -1000 -1000 -1000 -10 -0.695476
Pedestrian -1 -1 -10 533 69 600 192-1 -1 -1 -1000 -1000 -1000 -10 -0.782289
Pedestrian -1 -1 -10 1155 137 1199 260-1 -1 -1 -1000 -1000 -1000 -10 -0.786943
Pedestrian -1 -1 -10 618 10 668 103-1 -1 -1 -1000 -1000 -1000 -10 -0.852796
Pedestrian -1 -1 -10 130 1 203 202-1 -1 -1 -1000 -1000 -1000 -10 -0.876033
Pedestrian -1 -1 -10 424 1 478 101-1 -1 -1 -1000 -1000 -1000 -10 -0.923311
Pedestrian -1 -1 -10 241 18 300 86-1 -1 -1 -1000 -1000 -1000 -10 -0.923943
Pedestrian -1 -1 -10 1165 13 1213 145-1 -1 -1 -1000 -1000 -1000 -10 -0.946433
Pedestrian -1 -1 -10 696 147 729 240-1 -1 -1 -1000 -1000 -1000 -10 -0.966073
Pedestrian -1 -1 -10 359 1 776 375-1 -1 -1 -1000 -1000 -1000 -10 -0.990671
