Pedestrian -1 -1 -10 465 65 528 240-1 -1 -1 -1000 -1000 -1000 -10 -0.488686
Pedestrian -1 -1 -10 826 134 898 266-1 -1 -1 -1000 -1000 -1000 -10 -0.523932
Pedestrian -1 -1 -10 582 109 620 216-1 -1 -1 -1000 -1000 -1000 -10 -0.591086
Pedestrian -1 -1 -10 1110 92 1154 215-1 -1 -1 -1000 -1000 -1000 -10 -0.613243
Pedestrian -1 -1 -10 1121 57 1168 144-1 -1 -1 -1000 -1000 -1000 -10 -0.625889
Pedestrian -1 -1 -10 112 293 162 375-1 -1 -1 -1000 -1000 -1000 -10 -0.679509
Pedestrian -1 -1 -10 893 61 926 154-1 -1 -1 -1000 -1000 -1000 -10 -0.705629
Pedestrian -1 -1 -10 1054 287 1144 375-1 -1 -1 -1000 -1000 -1000 -10 -0.777796
Pedestrian -1 -1 -10 1 159 136 375-1 -1 -1 -1000 -1000 -1000 -10 -0.779009
Pedestrian -1 -1 -10 985 89 1040 152-1 -1 -1 -1000 -1000 -1000 -10 -0.783252
Pedestrian -1 -1 -10 1132 1 1222 249-1 -1 -1 -1000 -1000 -1000 -10 -0.807567
Pedestrian -1 -1 -10 99 280 196 375-1 -1 -1 -1000 -1000 -1000 -10 -0.826366
Pedestrian -1 -1 -10 1012 148 1066 248-1 -1 -1 -1000 -1000 -1000 -10 -0.836181
Pedestrian -1 -1 -10 1078 64 1140 179-1 -1 -1 -1000 -1000 -1000 -10 -0.871793
Pedestrian -1 -1 -10 666 96 707 211-1 -1 -1 -1000 -1000 -1000 -10 -0.872445
Pedestrian -1 -1 -10 969 121 1016 208-1 -1 -1 -1000 -1000 -1000 -10 -0.878413
Pedestrian -1 -1 -10 972 159 1013 274-1 -1 -1 -1000 -1000 -1000 -10 -0.884277
Pedestrian -1 -1 -10 995 50 1067 182-1 -1 -1 -1000 -1000 -1000 -10 -0.920778
Pedestrian -1 -1 -10 1016 150 1119 268-1 -1 -1 -1000 -1000 -1000 -10 -0.935879
Pedestrian -1 -1 -10 177 257 224 344-1 -1 -1 -1000 -1000 -1000 -10 -0.936555
Pedestrian -1 -1 -10 195 1 388 375-1 -1 -1 -1000 -1000 -1000 -10 -0.96006
