Pedestrian -1 -1 -10 721 321 776 375-1 -1 -1 -1000 -1000 -1000 -10 -0.73576
Pedestrian -1 -1 -10 544 1 634 249-1 -1 -1 -1000 -1000 -1000 -10 -0.772015
Pedestrian -1 -1 -10 353 104 386 197-1 -1 -1 -1000 -1000 -1000 -10 -0.783583
Pedestrian -1 -1 -10 850 112 883 205-1 -1 -1 -1000 -1000 -1000 -10 -0.868148
Pedestrian -1 -1 -10 773 1 827 101-1 -1 -1 -1000 -1000 -1000 -10 -0.872318
Pedestrian -1 -1 -10 740 277 798 375-1 -1 -1 -1000 -1000 -1000 -10 -0.897174
Pedestrian -1 -1 -10 484 90 522 197-1 -1 -1 -1000 -1000 -1000 -10 -0.936333
Pedestrian -1 -1 -10 1201 70 1242 258-1 -1 -1 -1000 -1000 -1000 -10 -0.967864
Pedestrian -1 -1 -10 339 117 380 232-1 -1 -1 -1000 -1000 -1000 -10 -0.983279
Pedestrian -1 -1 -10 653 112 703 205-1 -1 -1 -1000 -1000 -1000 -10 -0.999619
