Pedestrian -1 -1 -10 474 171 522 303-1 -1 -1 -1000 -1000 -1000 -10 2.43252
Pedestrian -1 -1 -10 464 155 532 343-1 -1 -1 -1000 -1000 -1000 -10 0.12833
Pedestrian -1 -1 -10 349 159 411 274-1 -1 -1 -1000 -1000 -1000 -10 -0.578528
Pedestrian -1 -1 -10 1041 217 1072 304-1 -1 -1 -1000 -1000 -1000 -10 -0.597099
Pedestrian -1 -1 -10 65 65 96 152-1 -1 -1 -1000 -1000 -1000 -10 -0.634438
Pedestrian -1 -1 -10 1081 1 1114 94-1 -1 -1 -1000 -1000 -1000 -10 -0.657798
Pedestrian -1 -1 -10 740 85 781 200-1 -1 -1 -1000 -1000 -1000 -10 -0.716115
Pedestrian -1 -1 -10 697 89 744 176-1 -1 -1 -1000 -1000 -1000 -10 -0.747169
Pedestrian -1 -1 -10 297 233 352 296-1 -1 -1 -1000 -1000 -1000 -10 -0.76744
Pedestrian -1 -1 -10 1076 31 1194 358-1 -1 -1 -1000 -1000 -1000 -10 -0.819838
Pedestrian -1 -1 -10 833 118 884 260-1 -1 -1 -1000 -1000 -1000 -10 -0.836618
Pedestrian -1 -1 -10 543 267 601 370-1 -1 -1 -1000 -1000 -1000 -10 -0.83708
Pedestrian -1 -1 -10 228 1 266 108-1 -1 -1 -1000 -1000 -1000 -10 -0.845143
Pedestrian -1 -1 -10 873 105 928 168-1 -1 -1 -1000 -1000 -1000 -10 -0.849463
Pedestrian -1 -1 -10 678 172 711 265-1 -1 -1 -1000 -1000 -1000 -10 -0.874455
Pedestrian -1 -1 -10 425 49 456 136-1 -1 -1 -1000 -1000 -1000 -10 -0.877501
Pedestrian -1 -1 -10 155 95 205 188-1 -1 -1 -1000 -1000 -1000 -10 -0.879713
Pedestrian -1 -1 -10 57 29 140 181-1 -1 -1 -1000 -1000 -1000 -10 -0.880149
Pedestrian -1 -1 -10 578 261 645 370-1 -1 -1 -1000 -1000 -1000 -10 -0.883546
Pedestrian -1 -1 -10 9 89 40 176-1 -1 -1 -1000 -1000 -1000 -10 -0.904723
Pedestrian -1 -1 -10 284 125 362 215-1 -1 -1 -1000 -1000 -1000 -10 -0.912792
Pedestrian -1 -1 -10 837 120 926 283-1 -1 -1 -1000 -1000 -1000 -10 -0.933378
Pedestrian -1 -1 -10 997 216 1064 339-1 -1 -1 -1000 -1000 -1000 -10 -0.938714
Pedestrian -1 -1 -10 507 1 566 69-1 -1 -1 -1000 -1000 -1000 -10 -0.947865
Pedestrian -1 -1 -10 769 137 800 224-1 -1 -1 -1000 -1000 -1000 -10 -0.948016
Pedestrian -1 -1 -10 510 1 577 124-1 -1 -1 -1000 -1000 -1000 -10 -0.977907
Pedestrian -1 -1 -10 873 33 904 120-1 -1 -1 -1000 -1000 -1000 -10 -0.983203
Pedestrian -1 -1 -10 753 122 801 254-1 -1 -1 -1000 -1000 -1000 -10 -0.986593
Pedestrian -1 -1 -10 257 178 315 285-1 -1 -1 -1000 -1000 -1000 -10 -0.994487
