Pedestrian -1 -1 -10 753 177 784 264-1 -1 -1 -1000 -1000 -1000 -10 -0.296482
Pedestrian -1 -1 -10 575 95 625 188-1 -1 -1 -1000 -1000 -1000 -10 -0.599233
Pedestrian -1 -1 -10 768 183 819 325-1 -1 -1 -1000 -1000 -1000 -10 -0.766337
Pedestrian -1 -1 -10 1 1 74 202-1 -1 -1 -1000 -1000 -1000 -10 -0.811871
Pedestrian -1 -1 -10 185 139 221 239-1 -1 -1 -1000 -1000 -1000 -10 -0.815708
Pedestrian -1 -1 -10 515 318 574 375-1 -1 -1 -1000 -1000 -1000 -10 -0.907206
Pedestrian -1 -1 -10 249 65 303 165-1 -1 -1 -1000 -1000 -1000 -10 -0.932479
Pedestrian -1 -1 -10 803 107 844 222-1 -1 -1 -1000 -1000 -1000 -10 -0.943771
Pedestrian -1 -1 -10 739 112 794 264-1 -1 -1 -1000 -1000 -1000 -10 -0.960215
Pedestrian -1 -1 -10 430 293 480 375-1 -1 -1 -1000 -1000 -1000 -10 -0.973608
Pedestrian -1 -1 -10 824 180 886 295-1 -1 -1 -1000 -1000 -1000 -10 -0.981607
Pedestrian -1 -1 -10 651 92 702 234-1 -1 -1 -1000 -1000 -1000 -10 -0.98175
