Pedestrian -1 -1 -10 252 168 307 320-1 -1 -1 -1000 -1000 -1000 -10 1.0578
Pedestrian -1 -1 -10 687 155 720 248-1 -1 -1 -1000 -1000 -1000 -10 -0.107601
Pedestrian -1 -1 -10 861 46 905 169-1 -1 -1 -1000 -1000 -1000 -10 -0.111955
Pedestrian -1 -1 -10 909 1 992 232-1 -1 -1 -1000 -1000 -1000 -10 -0.4532
Pedestrian -1 -1 -10 552 93 588 193-1 -1 -1 -1000 -1000 -1000 -10 -0.542097
Pedestrian -1 -1 -10 65 169 112 256-1 -1 -1 -1000 -1000 -1000 -10 -0.583963
Pedestrian -1 -1 -10 801 1 897 267-1 -1 -1 -1000 -1000 -1000 -10 -0.611053
Pedestrian -1 -1 -10 666 138 707 253-1 -1 -1 -1000 -1000 -1000 -10 -0.688157
Pedestrian -1 -1 -10 789 1 1064 315-1 -1 -1 -1000 -1000 -1000 -10 -0.73242
Pedestrian -1 -1 -10 713 161 760 248-1 -1 -1 -1000 -1000 -1000 -10 -0.802803
Pedestrian -1 -1 -10 507 95 540 188-1 -1 -1 -1000 -1000 -1000 -10 -0.825532
Pedestrian -1 -1 -10 644 104 677 197-1 -1 -1 -1000 -1000 -1000 -10 -0.834352
Pedestrian -1 -1 -10 1084 119 1162 335-1 -1 -1 -1000 -1000 -1000 -10 -0.921709
Pedestrian -1 -1 -10 657 65 712 128-1 -1 -1 -1000 -1000 -1000 -10 -0.950525
Pedestrian -1 -1 -10 1201 17 1242 192-1 -1 -1 -1000 -1000 -1000 -10 -0.965776
Pedestrian -1 -1 -10 404 172 463 240-1 -1 -1 -1000 -1000 -1000 -10 -0.97241
Pedestrian -1 -1 -10 1057 33 1242 288-1 -1 -1 -1000 -1000 -1000 -10 -0.991643
