Pedestrian -1 -1 -10 313 177 344 264-1 -1 -1 -1000 -1000 -1000 -10 -0.459743
Pedestrian -1 -1 -10 687 12 728 127-1 -1 -1 -1000 -1000 -1000 -10 -0.567058
Pedestrian -1 -1 -10 1076 65 1130 165-1 -1 -1 -1000 -1000 -1000 -10 -0.588315
Pedestrian -1 -1 -10 725 57 780 209-1 -1 -1 -1000 -1000 -1000 -10 -0.812821
Pedestrian -1 -1 -10 1068 98 1116 230-1 -1 -1 -1000 -1000 -1000 -10 -0.816454
Pedestrian -1 -1 -10 966 277 1024 375-1 -1 -1 -1000 -1000 -1000 -10 -0.826593
Pedestrian -1 -1 -10 609 113 640 200-1 -1 -1 -1000 -1000 -1000 -10 -0.850616
Pedestrian -1 -1 -10 947 109 1015 187-1 -1 -1 -1000 -1000 -1000 -10 -0.850744
Pedestrian -1 -1 -10 395 35 514 171-1 -1 -1 -1000 -1000 -1000 -10 -0.884277
Pedestrian -1 -1 -10 589 80 633 203-1 -1 -1 -1000 -1000 -1000 -10 -0.89673
Pedestrian -1 -1 -10 1194 96 1235 211-1 -1 -1 -1000 -1000 -1000 -10 -0.93224
Pedestrian -1 -1 -10 1141 102 1204 175-1 -1 -1 -1000 -1000 -1000 -10 -0.95572
