Pedestrian -1 -1 -10 46 150 105 313-1 -1 -1 -1000 -1000 -1000 -10 -0.414941
Pedestrian -1 -1 -10 11 70 49 177-1 -1 -1 -1000 -1000 -1000 -10 -0.666821
Pedestrian -1 -1 -10 543 277 597 370-1 -1 -1 -1000 -1000 -1000 -10 -0.675012
Pedestrian -1 -1 -10 349 159 390 274-1 -1 -1 -1000 -1000 -1000 -10 -0.757812
Pedestrian -1 -1 -10 470 1 524 101-1 -1 -1 -1000 -1000 -1000 -10 -0.781827
Pedestrian -1 -1 -10 705 177 736 264-1 -1 -1 -1000 -1000 -1000 -10 -0.807065
Pedestrian -1 -1 -10 1 1 137 370-1 -1 -1 -1000 -1000 -1000 -10 -0.826
Pedestrian -1 -1 -10 857 41 904 128-1 -1 -1 -1000 -1000 -1000 -10 -0.831477
Pedestrian -1 -1 -10 425 161 480 224-1 -1 -1 -1000 -1000 -1000 -10 -0.843564
Pedestrian -1 -1 -10 1095 130 1149 230-1 -1 -1 -1000 -1000 -1000 -10 -0.847205
Pedestrian -1 -1 -10 653 10 707 110-1 -1 -1 -1000 -1000 -1000 -10 -0.854908
Pedestrian -1 -1 -10 296 168 334 275-1 -1 -1 -1000 -1000 -1000 -10 -0.87299
Pedestrian -1 -1 -10 583 268 667 364-1 -1 -1 -1000 -1000 -1000 -10 -0.883722
Pedestrian -1 -1 -10 385 225 440 288-1 -1 -1 -1000 -1000 -1000 -10 -0.900916
Pedestrian -1 -1 -10 702 92 746 215-1 -1 -1 -1000 -1000 -1000 -10 -0.924239
Pedestrian -1 -1 -10 790 164 823 257-1 -1 -1 -1000 -1000 -1000 -10 -0.948554
Pedestrian -1 -1 -10 1081 1 1112 88-1 -1 -1 -1000 -1000 -1000 -10 -0.957536
Pedestrian -1 -1 -10 1158 1 1209 143-1 -1 -1 -1000 -1000 -1000 -10 -0.96053
Pedestrian -1 -1 -10 479 313 607 370-1 -1 -1 -1000 -1000 -1000 -10 -0.979828
Pedestrian -1 -1 -10 225 135 284 298-1 -1 -1 -1000 -1000 -1000 -10 -0.984897
