Pedestrian -1 -1 -10 1171 131 1222 273-1 -1 -1 -1000 -1000 -1000 -10 -0.278584
Pedestrian -1 -1 -10 966 60 1044 276-1 -1 -1 -1000 -1000 -1000 -10 -0.525808
Pedestrian -1 -1 -10 509 46 568 209-1 -1 -1 -1000 -1000 -1000 -10 -0.687084
Pedestrian -1 -1 -10 940 103 984 226-1 -1 -1 -1000 -1000 -1000 -10 -0.735073
Pedestrian -1 -1 -10 1088 149 1129 264-1 -1 -1 -1000 -1000 -1000 -10 -0.754406
Pedestrian -1 -1 -10 1214 122 1242 254-1 -1 -1 -1000 -1000 -1000 -10 -0.784233
Pedestrian -1 -1 -10 1205 203 1241 303-1 -1 -1 -1000 -1000 -1000 -10 -0.788478
Pedestrian -1 -1 -10 365 74 413 206-1 -1 -1 -1000 -1000 -1000 -10 -0.853599
Pedestrian -1 -1 -10 1 313 64 375-1 -1 -1 -1000 -1000 -1000 -10 -0.8751
Pedestrian -1 -1 -10 1201 1 1242 189-1 -1 -1 -1000 -1000 -1000 -10 -0.885231
Pedestrian -1 -1 -10 474 98 522 230-1 -1 -1 -1000 -1000 -1000 -10 -0.894282
Pedestrian -1 -1 -10 909 159 982 242-1 -1 -1 -1000 -1000 -1000 -10 -0.901946
Pedestrian -1 -1 -10 867 31 926 194-1 -1 -1 -1000 -1000 -1000 -10 -0.902521
Pedestrian -1 -1 -10 1165 1 1242 328-1 -1 -1 -1000 -1000 -1000 -10 -0.927503
Pedestrian -1 -1 -10 710 306 778 375-1 -1 -1 -1000 -1000 -1000 -10 -0.938686
Pedestrian -1 -1 -10 601 87 651 180-1 -1 -1 -1000 -1000 -1000 -10 -0.939067
Pedestrian -1 -1 -10 1020 25 1116 291-1 -1 -1 -1000 -1000 -1000 -10 -0.949078
