Pedestrian -1 -1 -10 1113 129 1160 216-1 -1 -1 -1000 -1000 -1000 -10 -0.645504
Pedestrian -1 -1 -10 73 217 128 280-1 -1 -1 -1000 -1000 -1000 -10 -0.649035
Pedestrian -1 -1 -10 465 85 760 375-1 -1 -1 -1000 -1000 -1000 -10 -0.660768
Pedestrian -1 -1 -10 1162 138 1235 221-1 -1 -1 -1000 -1000 -1000 -10 -0.69593
Pedestrian -1 -1 -10 993 321 1048 375-1 -1 -1 -1000 -1000 -1000 -10 -0.736695
Pedestrian -1 -1 -10 1185 1 1240 153-1 -1 -1 -1000 -1000 -1000 -10 -0.737318
Pedestrian -1 -1 -10 404 105 494 208-1 -1 -1 -1000 -1000 -1000 -10 -0.773812
Pedestrian -1 -1 -10 1153 201 1200 288-1 -1 -1 -1000 -1000 -1000 -10 -0.801578
Pedestrian -1 -1 -10 951 35 1018 158-1 -1 -1 -1000 -1000 -1000 -10 -0.836697
Pedestrian -1 -1 -10 284 164 343 232-1 -1 -1 -1000 -1000 -1000 -10 -0.949843
Pedestrian -1 -1 -10 892 99 975 251-1 -1 -1 -1000 -1000 -1000 -10 -0.952971
Pedestrian -1 -1 -10 114 193 158 316-1 -1 -1 -1000 -1000 -1000 -10 -0.961005
