Pedestrian -1 -1 -10 1084 267 1122 374-1 -1 -1 -1000 -1000 -1000 -10 -0.174479
Pedestrian -1 -1 -10 1183 75 1224 190-1 -1 -1 -1000 -1000 -1000 -10 -0.425915
Pedestrian -1 -1 -10 487 103 531 226-1 -1 -1 -1000 -1000 -1000 -10 -0.588559
Pedestrian -1 -1 -10 1210 61 1242 154-1 -1 -1 -1000 -1000 -1000 -10 -0.714417
Pedestrian -1 -1 -10 696 78 746 171-1 -1 -1 -1000 -1000 -1000 -10 -0.739664
Pedestrian -1 -1 -10 641 113 672 200-1 -1 -1 -1000 -1000 -1000 -10 -0.744141
Pedestrian -1 -1 -10 558 27 591 120-1 -1 -1 -1000 -1000 -1000 -10 -0.752336
Pedestrian -1 -1 -10 550 87 600 180-1 -1 -1 -1000 -1000 -1000 -10 -0.781271
Pedestrian -1 -1 -10 1197 66 1242 208-1 -1 -1 -1000 -1000 -1000 -10 -0.786646
Pedestrian -1 -1 -10 886 25 970 121-1 -1 -1 -1000 -1000 -1000 -10 -0.799576
Pedestrian -1 -1 -10 764 203 827 276-1 -1 -1 -1000 -1000 -1000 -10 -0.809722
Pedestrian -1 -1 -10 1078 191 1119 306-1 -1 -1 -1000 -1000 -1000 -10 -0.809975
Pedestrian -1 -1 -10 415 1 552 158-1 -1 -1 -1000 -1000 -1000 -10 -0.820559
Pedestrian -1 -1 -10 98 1 170 133-1 -1 -1 -1000 -1000 -1000 -10 -0.841729
Pedestrian -1 -1 -10 809 119 877 197-1 -1 -1 -1000 -1000 -1000 -10 -0.903524
Pedestrian -1 -1 -10 635 35 754 171-1 -1 -1 -1000 -1000 -1000 -10 -0.906684
Pedestrian -1 -1 -10 169 1 200 88-1 -1 -1 -1000 -1000 -1000 -10 -0.914077
