Pedestrian -1 -1 -10 702 24 837 272-1 -1 -1 -1000 -1000 -1000 -10 -0.584288
Pedestrian -1 -1 -10 560 75 622 190-1 -1 -1 -1000 -1000 -1000 -10 -0.701711
Pedestrian -1 -1 -10 190 172 223 265-1 -1 -1 -1000 -1000 -1000 -10 -0.706401
Pedestrian -1 -1 -10 430 121 480 214-1 -1 -1 -1000 -1000 -1000 -10 -0.740491
Pedestrian -1 -1 -10 395 35 463 223-1 -1 -1 -1000 -1000 -1000 -10 -0.819144
Pedestrian -1 -1 -10 592 1 827 375-1 -1 -1 -1000 -1000 -1000 -10 -0.832122
Pedestrian -1 -1 -10 413 318 472 375-1 -1 -1 -1000 -1000 -1000 -10 -0.847274
Pedestrian -1 -1 -10 793 24 883 272-1 -1 -1 -1000 -1000 -1000 -10 -0.856285
Pedestrian -1 -1 -10 506 111 542 211-1 -1 -1 -1000 -1000 -1000 -10 -0.896147
Pedestrian -1 -1 -10 209 118 286 260-1 -1 -1 -1000 -1000 -1000 -10 -0.897537
Pedestrian -1 -1 -10 1189 37 1237 169-1 -1 -1 -1000 -1000 -1000 -10 -0.901653
Pedestrian -1 -1 -10 533 58 577 181-1 -1 -1 -1000 -1000 -1000 -10 -0.937663
Pedestrian -1 -1 -10 281 161 312 248-1 -1 -1 -1000 -1000 -1000 -10 -0.93899
Pedestrian -1 -1 -10 207 18 257 111-1 -1 -1 -1000 -1000 -1000 -10 -0.948609
Pedestrian -1 -1 -10 502 43 585 195-1 -1 -1 -1000 -1000 -1000 -10 -0.954201
Pedestrian -1 -1 -10 957 1 1030 202-1 -1 -1 -1000 -1000 -1000 -10 -0.975288
Pedestrian -1 -1 -10 1 240 60 375-1 -1 -1 -1000 -1000 -1000 -10 -0.997541
