Pedestrian -1 -1 -10 1 25 49 157-1 -1 -1 -1000 -1000 -1000 -10 -0.236068
Pedestrian -1 -1 -10 868 198 946 375-1 -1 -1 -1000 -1000 -1000 -10 -0.571396
Pedestrian -1 -1 -10 1173 296 1241 374-1 -1 -1 -1000 -1000 -1000 -10 -0.650855
Pedestrian -1 -1 -10 817 97 864 184-1 -1 -1 -1000 -1000 -1000 -10 -0.718926
Pedestrian -1 -1 -10 828 119 906 335-1 -1 -1 -1000 -1000 -1000 -10 -0.761972
Pedestrian -1 -1 -10 1104 38 1177 239-1 -1 -1 -1000 -1000 -1000 -10 -0.783904
Pedestrian -1 -1 -10 75 47 111 147-1 -1 -1 -1000 -1000 -1000 -10 -0.790193
Pedestrian -1 -1 -10 1 139 39 246-1 -1 -1 -1000 -1000 -1000 -10 -0.799041
Pedestrian -1 -1 -10 644 195 728 291-1 -1 -1 -1000 -1000 -1000 -10 -0.820976
Pedestrian -1 -1 -10 1 1 91 249-1 -1 -1 -1000 -1000 -1000 -10 -0.822761
Pedestrian -1 -1 -10 562 1 620 108-1 -1 -1 -1000 -1000 -1000 -10 -0.826313
Pedestrian -1 -1 -10 716 40 767 182-1 -1 -1 -1000 -1000 -1000 -10 -0.916156
Pedestrian -1 -1 -10 233 112 283 205-1 -1 -1 -1000 -1000 -1000 -10 -0.942324
Pedestrian -1 -1 -10 1203 31 1241 138-1 -1 -1 -1000 -1000 -1000 -10 -0.962408
Pedestrian -1 -1 -10 191 170 264 253-1 -1 -1 -1000 -1000 -1000 -10 -0.964805
Pedestrian -1 -1 -10 558 70 608 163-1 -1 -1 -1000 -1000 -1000 -10 -0.976521
Pedestrian -1 -1 -10 635 75 689 175-1 -1 -1 -1000 -1000 -1000 -10 -0.981203
Pedestrian -1 -1 -10 121 129 176 192-1 -1 -1 -1000 -1000 -1000 -10 -0.989938
