Pedestrian -1 -1 -10 198 104 231 197-1 -1 -1 -1000 -1000 -1000 -10 0.0560169
Pedestrian -1 -1 -10 423 96 464 211-1 -1 -1 -1000 -1000 -1000 -10 -0.67563
Pedestrian -1 -1 -10 966 286 1020 375-1 -1 -1 -1000 -1000 -1000 -10 -0.708832
Pedestrian -1 -1 -10 233 112 266 205-1 -1 -1 -1000 -1000 -1000 -10 -0.71363
Pedestrian -1 -1 -10 868 31 926 138-1 -1 -1 -1000 -1000 -1000 -10 -0.72332
Pedestrian -1 -1 -10 810 139 873 212-1 -1 -1 -1000 -1000 -1000 -10 -0.728817
Pedestrian -1 -1 -10 1153 178 1221 256-1 -1 -1 -1000 -1000 -1000 -10 -0.766935
Pedestrian -1 -1 -10 718 31 777 194-1 -1 -1 -1000 -1000 -1000 -10 -0.776611
Pedestrian -1 -1 -10 35 61 85 154-1 -1 -1 -1000 -1000 -1000 -10 -0.812152
Pedestrian -1 -1 -10 937 321 992 375-1 -1 -1 -1000 -1000 -1000 -10 -0.845963
Pedestrian -1 -1 -10 948 120 984 220-1 -1 -1 -1000 -1000 -1000 -10 -0.847816
Pedestrian -1 -1 -10 195 74 267 206-1 -1 -1 -1000 -1000 -1000 -10 -0.89492
Pedestrian -1 -1 -10 793 289 840 375-1 -1 -1 -1000 -1000 -1000 -10 -0.91032
Pedestrian -1 -1 -10 770 12 814 135-1 -1 -1 -1000 -1000 -1000 -10 -0.93615
Pedestrian -1 -1 -10 617 286 671 375-1 -1 -1 -1000 -1000 -1000 -10 -0.941432
Pedestrian -1 -1 -10 681 90 719 197-1 -1 -1 -1000 -1000 -1000 -10 -0.943394
Pedestrian -1 -1 -10 846 1 882 101-1 -1 -1 -1000 -1000 -1000 -10 -0.978302
