Pedestrian -1 -1 -10 710 1 788 217-1 -1 -1 -1000 -1000 -1000 -10 0.0597887
Pedestrian -1 -1 -10 12 1 53 116-1 -1 -1 -1000 -1000 -1000 -10 0.0234714
Pedestrian -1 -1 -10 770 80 814 203-1 -1 -1 -1000 -1000 -1000 -10 -0.300782
Pedestrian -1 -1 -10 425 247 493 325-1 -1 -1 -1000 -1000 -1000 -10 -0.664827
Pedestrian -1 -1 -10 1 1 60 164-1 -1 -1 -1000 -1000 -1000 -10 -0.665836
Pedestrian -1 -1 -10 292 62 340 194-1 -1 -1 -1000 -1000 -1000 -10 -0.698568
Pedestrian -1 -1 -10 516 84 552 184-1 -1 -1 -1000 -1000 -1000 -10 -0.762649
Pedestrian -1 -1 -10 385 161 480 336-1 -1 -1 -1000 -1000 -1000 -10 -0.871212
Pedestrian -1 -1 -10 884 35 917 128-1 -1 -1 -1000 -1000 -1000 -10 -0.883616
Pedestrian -1 -1 -10 929 129 960 216-1 -1 -1 -1000 -1000 -1000 -10 -0.894482
Pedestrian -1 -1 -10 530 43 585 195-1 -1 -1 -1000 -1000 -1000 -10 -0.913109
Pedestrian -1 -1 -10 762 76 851 239-1 -1 -1 -1000 -1000 -1000 -10 -0.918008
Pedestrian -1 -1 -10 391 1 446 153-1 -1 -1 -1000 -1000 -1000 -10 -0.922138
Pedestrian -1 -1 -10 447 35 506 103-1 -1 -1 -1000 -1000 -1000 -10 -0.969654
Pedestrian -1 -1 -10 1 105 91 208-1 -1 -1 -1000 -1000 -1000 -10 -0.977221
