Pedestrian -1 -1 -10 530 154 585 306-1 -1 -1 -1000 -1000 -1000 -10 0.083868
Pedestrian -1 -1 -10 352 159 396 282-1 -1 -1 -1000 -1000 -1000 -10 -0.648434
Pedestrian -1 -1 -10 387 231 450 304-1 -1 -1 -1000 -1000 -1000 -10 -0.678845
Pedestrian -1 -1 -10 257 178 315 285-1 -1 -1 -1000 -1000 -1000 -10 -0.679867
Pedestrian -1 -1 -10 690 168 748 275-1 -1 -1 -1000 -1000 -1000 -10 -0.78232
Pedestrian -1 -1 -10 768 105 845 247-1 -1 -1 -1000 -1000 -1000 -10 -0.783762
Pedestrian -1 -1 -10 1 97 32 184-1 -1 -1 -1000 -1000 -1000 -10 -0.785009
Pedestrian -1 -1 -10 1124 181 1183 249-1 -1 -1 -1000 -1000 -1000 -10 -0.785921
Pedestrian -1 -1 -10 513 139 591 355-1 -1 -1 -1000 -1000 -1000 -10 -0.811187
Pedestrian -1 -1 -10 897 193 928 280-1 -1 -1 -1000 -1000 -1000 -10 -0.819438
Pedestrian -1 -1 -10 284 125 362 215-1 -1 -1 -1000 -1000 -1000 -10 -0.846979
Pedestrian -1 -1 -10 470 1 524 101-1 -1 -1 -1000 -1000 -1000 -10 -0.872576
Pedestrian -1 -1 -10 425 161 480 224-1 -1 -1 -1000 -1000 -1000 -10 -0.891184
Pedestrian -1 -1 -10 1 99 69 177-1 -1 -1 -1000 -1000 -1000 -10 -0.95817
Pedestrian -1 -1 -10 119 50 187 128-1 -1 -1 -1000 -1000 -1000 -10 -0.959662
Pedestrian -1 -1 -10 153 89 200 176-1 -1 -1 -1000 -1000 -1000 -10 -0.965979
Pedestrian -1 -1 -10 589 258 652 331-1 -1 -1 -1000 -1000 -1000 -10 -0.972312
Pedestrian -1 -1 -10 702 92 746 215-1 -1 -1 -1000 -1000 -1000 -10 -0.980262
Pedestrian -1 -1 -10 345 121 400 184-1 -1 -1 -1000 -1000 -1000 -10 -0.98388
Pedestrian -1 -1 -10 809 57 1003 279-1 -1 -1 -1000 -1000 -1000 -10 -0.984039
