Pedestrian -1 -1 -10 465 105 496 192-1 -1 -1 -1000 -1000 -1000 -10 0.169794
Pedestrian -1 -1 -10 729 1 770 116-1 -1 -1 -1000 -1000 -1000 -10 -0.378414
Pedestrian -1 -1 -10 1130 128 1171 243-1 -1 -1 -1000 -1000 -1000 -10 -0.549689
Pedestrian -1 -1 -10 419 76 522 194-1 -1 -1 -1000 -1000 -1000 -10 -0.553071
Pedestrian -1 -1 -10 833 78 866 171-1 -1 -1 -1000 -1000 -1000 -10 -0.67711
Pedestrian -1 -1 -10 837 61 926 224-1 -1 -1 -1000 -1000 -1000 -10 -0.684718
Pedestrian -1 -1 -10 687 35 737 128-1 -1 -1 -1000 -1000 -1000 -10 -0.708702
Pedestrian -1 -1 -10 865 289 912 375-1 -1 -1 -1000 -1000 -1000 -10 -0.712492
Pedestrian -1 -1 -10 619 98 703 194-1 -1 -1 -1000 -1000 -1000 -10 -0.813288
Pedestrian -1 -1 -10 777 86 825 218-1 -1 -1 -1000 -1000 -1000 -10 -0.856516
Pedestrian -1 -1 -10 285 61 388 179-1 -1 -1 -1000 -1000 -1000 -10 -0.90506
Pedestrian -1 -1 -10 892 71 975 223-1 -1 -1 -1000 -1000 -1000 -10 -0.95553
Pedestrian -1 -1 -10 956 1 1024 79-1 -1 -1 -1000 -1000 -1000 -10 -0.957903
Pedestrian -1 -1 -10 1038 172 1097 240-1 -1 -1 -1000 -1000 -1000 -10 -0.975869
Pedestrian -1 -1 -10 1 86 49 218-1 -1 -1 -1000 -1000 -1000 -10 -0.980542
Pedestrian -1 -1 -10 598 286 652 375-1 -1 -1 -1000 -1000 -1000 -10 -0.982215
Pedestrian -1 -1 -10 892 258 946 358-1 -1 -1 -1000 -1000 -1000 -10 -0.985486
