Pedestrian -1 -1 -10 417 157 468 299-1 -1 -1 -1000 -1000 -1000 -10 0.850143
Pedestrian -1 -1 -10 297 233 352 296-1 -1 -1 -1000 -1000 -1000 -10 -0.273009
Pedestrian -1 -1 -10 665 177 712 264-1 -1 -1 -1000 -1000 -1000 -10 -0.542911
Pedestrian -1 -1 -10 153 89 200 176-1 -1 -1 -1000 -1000 -1000 -10 -0.614125
Pedestrian -1 -1 -10 352 159 396 282-1 -1 -1 -1000 -1000 -1000 -10 -0.713634
Pedestrian -1 -1 -10 543 267 601 370-1 -1 -1 -1000 -1000 -1000 -10 -0.721068
Pedestrian -1 -1 -10 306 70 344 177-1 -1 -1 -1000 -1000 -1000 -10 -0.722495
Pedestrian -1 -1 -10 537 1 592 64-1 -1 -1 -1000 -1000 -1000 -10 -0.787066
Pedestrian -1 -1 -10 489 307 586 370-1 -1 -1 -1000 -1000 -1000 -10 -0.790275
Pedestrian -1 -1 -10 578 261 645 370-1 -1 -1 -1000 -1000 -1000 -10 -0.83232
Pedestrian -1 -1 -10 1039 212 1075 312-1 -1 -1 -1000 -1000 -1000 -10 -0.83688
Pedestrian -1 -1 -10 344 121 463 257-1 -1 -1 -1000 -1000 -1000 -10 -0.847467
Pedestrian -1 -1 -10 833 129 864 216-1 -1 -1 -1000 -1000 -1000 -10 -0.886801
Pedestrian -1 -1 -10 1153 1 1216 176-1 -1 -1 -1000 -1000 -1000 -10 -0.886989
Pedestrian -1 -1 -10 1132 1 1222 249-1 -1 -1 -1000 -1000 -1000 -10 -0.898036
Pedestrian -1 -1 -10 292 195 376 291-1 -1 -1 -1000 -1000 -1000 -10 -0.910429
Pedestrian -1 -1 -10 381 223 454 306-1 -1 -1 -1000 -1000 -1000 -10 -0.937338
Pedestrian -1 -1 -10 635 1 725 249-1 -1 -1 -1000 -1000 -1000 -10 -0.989422
Pedestrian -1 -1 -10 1057 1 1224 370-1 -1 -1 -1000 -1000 -1000 -10 -0.993592
Pedestrian -1 -1 -10 858 1 917 69-1 -1 -1 -1000 -1000 -1000 -10 -0.995722
