Pedestrian -1 -1 -10 180 22 221 137-1 -1 -1 -1000 -1000 -1000 -10 -0.330323
Pedestrian -1 -1 -10 889 297 920 375-1 -1 -1 -1000 -1000 -1000 -10 -0.403602
Pedestrian -1 -1 -10 284 95 317 188-1 -1 -1 -1000 -1000 -1000 -10 -0.44697
Pedestrian -1 -1 -10 1 113 32 200-1 -1 -1 -1000 -1000 -1000 -10 -0.527893
Pedestrian -1 -1 -10 335 71 390 223-1 -1 -1 -1000 -1000 -1000 -10 -0.552752
Pedestrian -1 -1 -10 505 113 536 200-1 -1 -1 -1000 -1000 -1000 -10 -0.554212
Pedestrian -1 -1 -10 1209 129 1242 192-1 -1 -1 -1000 -1000 -1000 -10 -0.558902
Pedestrian -1 -1 -10 1209 161 1240 248-1 -1 -1 -1000 -1000 -1000 -10 -0.679276
Pedestrian -1 -1 -10 1 1 84 232-1 -1 -1 -1000 -1000 -1000 -10 -0.711436
Pedestrian -1 -1 -10 670 95 720 188-1 -1 -1 -1000 -1000 -1000 -10 -0.724423
Pedestrian -1 -1 -10 918 61 977 129-1 -1 -1 -1000 -1000 -1000 -10 -0.724966
Pedestrian -1 -1 -10 369 19 432 92-1 -1 -1 -1000 -1000 -1000 -10 -0.727492
Pedestrian -1 -1 -10 781 183 962 375-1 -1 -1 -1000 -1000 -1000 -10 -0.773515
Pedestrian -1 -1 -10 499 46 815 375-1 -1 -1 -1000 -1000 -1000 -10 -0.774632
Pedestrian -1 -1 -10 1204 43 1242 158-1 -1 -1 -1000 -1000 -1000 -10 -0.811261
Pedestrian -1 -1 -10 89 113 136 200-1 -1 -1 -1000 -1000 -1000 -10 -0.841146
Pedestrian -1 -1 -10 314 1 403 164-1 -1 -1 -1000 -1000 -1000 -10 -0.851132
Pedestrian -1 -1 -10 761 1 808 88-1 -1 -1 -1000 -1000 -1000 -10 -0.860023
Pedestrian -1 -1 -10 1223 205 1242 328-1 -1 -1 -1000 -1000 -1000 -10 -0.924441
Pedestrian -1 -1 -10 258 1 404 375-1 -1 -1 -1000 -1000 -1000 -10 -0.947977
Pedestrian -1 -1 -10 465 97 496 184-1 -1 -1 -1000 -1000 -1000 -10 -0.948335
Pedestrian -1 -1 -10 1144 1 1222 217-1 -1 -1 -1000 -1000 -1000 -10 -0.953671
Pedestrian -1 -1 -10 183 14 273 117-1 -1 -1 -1000 -1000 -1000 -10 -0.978345
