Pedestrian -1 -1 -10 881 81 912 168-1 -1 -1 -1000 -1000 -1000 -10 -0.115828
Pedestrian -1 -1 -10 460 120 496 220-1 -1 -1 -1000 -1000 -1000 -10 -0.455363
Pedestrian -1 -1 -10 49 185 80 272-1 -1 -1 -1000 -1000 -1000 -10 -0.541532
Pedestrian -1 -1 -10 114 92 158 215-1 -1 -1 -1000 -1000 -1000 -10 -0.748813
Pedestrian -1 -1 -10 292 50 461 243-1 -1 -1 -1000 -1000 -1000 -10 -0.775549
Pedestrian -1 -1 -10 553 159 611 266-1 -1 -1 -1000 -1000 -1000 -10 -0.860391
Pedestrian -1 -1 -10 1143 1 1242 306-1 -1 -1 -1000 -1000 -1000 -10 -0.903369
Pedestrian -1 -1 -10 316 119 591 375-1 -1 -1 -1000 -1000 -1000 -10 -0.908363
Pedestrian -1 -1 -10 867 107 940 190-1 -1 -1 -1000 -1000 -1000 -10 -0.929567
Pedestrian -1 -1 -10 31 178 89 285-1 -1 -1 -1000 -1000 -1000 -10 -0.973887
