Pedestrian -1 -1 -10 1186 313 1242 375-1 -1 -1 -1000 -1000 -1000 -10 -0.389645
Pedestrian -1 -1 -10 377 147 449 279-1 -1 -1 -1000 -1000 -1000 -10 -0.499996
Pedestrian -1 -1 -10 680 122 728 254-1 -1 -1 -1000 -1000 -1000 -10 -0.603847
Pedestrian -1 -1 -10 217 49 264 136-1 -1 -1 -1000 -1000 -1000 -10 -0.664272
Pedestrian -1 -1 -10 218 287 286 365-1 -1 -1 -1000 -1000 -1000 -10 -0.717193
Pedestrian -1 -1 -10 1 111 37 211-1 -1 -1 -1000 -1000 -1000 -10 -0.737814
Pedestrian -1 -1 -10 139 198 276 355-1 -1 -1 -1000 -1000 -1000 -10 -0.781698
Pedestrian -1 -1 -10 87 130 146 198-1 -1 -1 -1000 -1000 -1000 -10 -0.876481
Pedestrian -1 -1 -10 61 61 120 129-1 -1 -1 -1000 -1000 -1000 -10 -0.880322
Pedestrian -1 -1 -10 164 95 223 163-1 -1 -1 -1000 -1000 -1000 -10 -0.885239
Pedestrian -1 -1 -10 316 90 374 197-1 -1 -1 -1000 -1000 -1000 -10 -0.893762
Pedestrian -1 -1 -10 198 78 248 171-1 -1 -1 -1000 -1000 -1000 -10 -0.897349
Pedestrian -1 -1 -10 265 201 312 288-1 -1 -1 -1000 -1000 -1000 -10 -0.899668
Pedestrian -1 -1 -10 523 76 626 194-1 -1 -1 -1000 -1000 -1000 -10 -0.908794
Pedestrian -1 -1 -10 40 90 98 197-1 -1 -1 -1000 -1000 -1000 -10 -0.910253
Pedestrian -1 -1 -10 1 29 55 129-1 -1 -1 -1000 -1000 -1000 -10 -0.923699
Pedestrian -1 -1 -10 1014 1 1242 375-1 -1 -1 -1000 -1000 -1000 -10 -0.926018
Pedestrian -1 -1 -10 66 66 143 208-1 -1 -1 -1000 -1000 -1000 -10 -0.930307
Pedestrian -1 -1 -10 1 85 74 168-1 -1 -1 -1000 -1000 -1000 -10 -0.937521
Pedestrian -1 -1 -10 169 9 200 96-1 -1 -1 -1000 -1000 -1000 -10 -0.950398
Pedestrian -1 -1 -10 80 12 158 102-1 -1 -1 -1000 -1000 -1000 -10 -0.953135
Pedestrian -1 -1 -10 464 90 532 168-1 -1 -1 -1000 -1000 -1000 -10 -0.961897
Pedestrian -1 -1 -10 876 95 926 188-1 -1 -1 -1000 -1000 -1000 -10 -0.966765
Pedestrian -1 -1 -10 1 1 358 375-1 -1 -1 -1000 -1000 -1000 -10 -0.967433
