Pedestrian -1 -1 -10 313 130 349 230-1 -1 -1 -1000 -1000 -1000 -10 -0.42146
Pedestrian -1 -1 -10 396 130 432 230-1 -1 -1 -1000 -1000 -1000 -10 -0.766544
Pedestrian -1 -1 -10 1090 293 1140 375-1 -1 -1 -1000 -1000 -1000 -10 -0.78116
Pedestrian -1 -1 -10 474 80 512 187-1 -1 -1 -1000 -1000 -1000 -10 -0.785431
Pedestrian -1 -1 -10 310 52 378 240-1 -1 -1 -1000 -1000 -1000 -10 -0.818756
Pedestrian -1 -1 -10 1184 287 1242 375-1 -1 -1 -1000 -1000 -1000 -10 -0.861935
Pedestrian -1 -1 -10 456 66 507 208-1 -1 -1 -1000 -1000 -1000 -10 -0.881179
Pedestrian -1 -1 -10 671 90 729 197-1 -1 -1 -1000 -1000 -1000 -10 -0.892485
Pedestrian -1 -1 -10 613 85 675 200-1 -1 -1 -1000 -1000 -1000 -10 -0.905551
Pedestrian -1 -1 -10 957 313 1020 375-1 -1 -1 -1000 -1000 -1000 -10 -0.927461
Pedestrian -1 -1 -10 673 1 732 164-1 -1 -1 -1000 -1000 -1000 -10 -0.939793
Pedestrian -1 -1 -10 203 111 331 257-1 -1 -1 -1000 -1000 -1000 -10 -0.963211
Pedestrian -1 -1 -10 297 9 352 72-1 -1 -1 -1000 -1000 -1000 -10 -0.967385
Pedestrian -1 -1 -10 1201 207 1242 339-1 -1 -1 -1000 -1000 -1000 -10 -0.980487
Pedestrian -1 -1 -10 425 119 483 226-1 -1 -1 -1000 -1000 -1000 -10 -0.998632
