Pedestrian -1 -1 -10 887 159 965 374-1 -1 -1 -1000 -1000 -1000 -10 0.541624
Pedestrian -1 -1 -10 567 164 600 257-1 -1 -1 -1000 -1000 -1000 -10 0.538626
Pedestrian -1 -1 -10 845 107 886 222-1 -1 -1 -1000 -1000 -1000 -10 -0.197142
Pedestrian -1 -1 -10 33 49 64 136-1 -1 -1 -1000 -1000 -1000 -10 -0.413775
Pedestrian -1 -1 -10 121 61 171 154-1 -1 -1 -1000 -1000 -1000 -10 -0.430854
Pedestrian -1 -1 -10 1212 277 1238 374-1 -1 -1 -1000 -1000 -1000 -10 -0.623731
Pedestrian -1 -1 -10 1 71 56 223-1 -1 -1 -1000 -1000 -1000 -10 -0.709198
Pedestrian -1 -1 -10 627 44 660 137-1 -1 -1 -1000 -1000 -1000 -10 -0.712828
Pedestrian -1 -1 -10 1203 178 1238 374-1 -1 -1 -1000 -1000 -1000 -10 -0.719409
Pedestrian -1 -1 -10 118 144 195 286-1 -1 -1 -1000 -1000 -1000 -10 -0.724699
Pedestrian -1 -1 -10 1 25 97 291-1 -1 -1 -1000 -1000 -1000 -10 -0.748125
Pedestrian -1 -1 -10 612 114 656 237-1 -1 -1 -1000 -1000 -1000 -10 -0.7602
Pedestrian -1 -1 -10 1167 121 1238 309-1 -1 -1 -1000 -1000 -1000 -10 -0.79257
Pedestrian -1 -1 -10 497 201 552 264-1 -1 -1 -1000 -1000 -1000 -10 -0.797183
Pedestrian -1 -1 -10 510 171 594 267-1 -1 -1 -1000 -1000 -1000 -10 -0.81278
Pedestrian -1 -1 -10 493 90 561 168-1 -1 -1 -1000 -1000 -1000 -10 -0.878056
Pedestrian -1 -1 -10 87 70 120 163-1 -1 -1 -1000 -1000 -1000 -10 -0.880929
Pedestrian -1 -1 -10 318 155 368 248-1 -1 -1 -1000 -1000 -1000 -10 -0.896007
Pedestrian -1 -1 -10 256 86 304 218-1 -1 -1 -1000 -1000 -1000 -10 -0.949818
Pedestrian -1 -1 -10 560 131 611 273-1 -1 -1 -1000 -1000 -1000 -10 -0.987259
Pedestrian -1 -1 -10 841 177 888 264-1 -1 -1 -1000 -1000 -1000 -10 -0.998104
