Pedestrian -1 -1 -10 396 185 450 285-1 -1 -1 -1000 -1000 -1000 -10 -0.345785
Pedestrian -1 -1 -10 697 29 752 181-1 -1 -1 -1000 -1000 -1000 -10 -0.462341
Pedestrian -1 -1 -10 634 1 717 232-1 -1 -1 -1000 -1000 -1000 -10 -0.516376
Pedestrian -1 -1 -10 457 201 488 288-1 -1 -1 -1000 -1000 -1000 -10 -0.604421
Pedestrian -1 -1 -10 449 177 496 264-1 -1 -1 -1000 -1000 -1000 -10 -0.643472
Pedestrian -1 -1 -10 578 69 645 192-1 -1 -1 -1000 -1000 -1000 -10 -0.653714
Pedestrian -1 -1 -10 484 109 552 187-1 -1 -1 -1000 -1000 -1000 -10 -0.779786
Pedestrian -1 -1 -10 920 85 1017 195-1 -1 -1 -1000 -1000 -1000 -10 -0.862232
Pedestrian -1 -1 -10 1110 1 1154 124-1 -1 -1 -1000 -1000 -1000 -10 -0.862743
Pedestrian -1 -1 -10 678 318 737 375-1 -1 -1 -1000 -1000 -1000 -10 -0.867951
Pedestrian -1 -1 -10 593 225 648 288-1 -1 -1 -1000 -1000 -1000 -10 -0.894344
Pedestrian -1 -1 -10 1 233 34 326-1 -1 -1 -1000 -1000 -1000 -10 -0.895292
Pedestrian -1 -1 -10 761 12 834 95-1 -1 -1 -1000 -1000 -1000 -10 -0.930303
Pedestrian -1 -1 -10 1041 1 1092 143-1 -1 -1 -1000 -1000 -1000 -10 -0.936534
Pedestrian -1 -1 -10 1 165 60 328-1 -1 -1 -1000 -1000 -1000 -10 -0.953618
Pedestrian -1 -1 -10 313 1 676 375-1 -1 -1 -1000 -1000 -1000 -10 -0.96725
