Pedestrian -1 -1 -10 1 194 37 294-1 -1 -1 -1000 -1000 -1000 -10 -0.397734
Pedestrian -1 -1 -10 180 105 239 268-1 -1 -1 -1000 -1000 -1000 -10 -0.543136
Pedestrian -1 -1 -10 1 130 64 203-1 -1 -1 -1000 -1000 -1000 -10 -0.611652
Pedestrian -1 -1 -10 790 112 840 205-1 -1 -1 -1000 -1000 -1000 -10 -0.658163
Pedestrian -1 -1 -10 396 130 450 230-1 -1 -1 -1000 -1000 -1000 -10 -0.680354
Pedestrian -1 -1 -10 497 304 560 375-1 -1 -1 -1000 -1000 -1000 -10 -0.701884
Pedestrian -1 -1 -10 318 80 385 203-1 -1 -1 -1000 -1000 -1000 -10 -0.717587
Pedestrian -1 -1 -10 1 29 37 129-1 -1 -1 -1000 -1000 -1000 -10 -0.753226
Pedestrian -1 -1 -10 1 126 56 278-1 -1 -1 -1000 -1000 -1000 -10 -0.754975
Pedestrian -1 -1 -10 307 138 348 253-1 -1 -1 -1000 -1000 -1000 -10 -0.767713
Pedestrian -1 -1 -10 690 10 744 110-1 -1 -1 -1000 -1000 -1000 -10 -0.831783
Pedestrian -1 -1 -10 93 212 156 285-1 -1 -1 -1000 -1000 -1000 -10 -0.832102
Pedestrian -1 -1 -10 534 93 570 193-1 -1 -1 -1000 -1000 -1000 -10 -0.845572
Pedestrian -1 -1 -10 761 1 816 64-1 -1 -1 -1000 -1000 -1000 -10 -0.861732
Pedestrian -1 -1 -10 442 12 509 135-1 -1 -1 -1000 -1000 -1000 -10 -0.875545
Pedestrian -1 -1 -10 494 31 553 194-1 -1 -1 -1000 -1000 -1000 -10 -0.877233
Pedestrian -1 -1 -10 43 182 140 292-1 -1 -1 -1000 -1000 -1000 -10 -0.87887
Pedestrian -1 -1 -10 721 35 789 223-1 -1 -1 -1000 -1000 -1000 -10 -0.884274
Pedestrian -1 -1 -10 391 112 488 222-1 -1 -1 -1000 -1000 -1000 -10 -0.887952
Pedestrian -1 -1 -10 617 1 680 74-1 -1 -1 -1000 -1000 -1000 -10 -0.892256
Pedestrian -1 -1 -10 359 1 413 101-1 -1 -1 -1000 -1000 -1000 -10 -0.994941
Pedestrian -1 -1 -10 589 1 656 124-1 -1 -1 -1000 -1000 -1000 -10 -0.995438
Pedestrian -1 -1 -10 365 131 442 273-1 -1 -1 -1000 -1000 -1000 -10 -0.999096
