Pedestrian -1 -1 -10 273 182 317 305-1 -1 -1 -1000 -1000 -1000 -10 0.478277
Pedestrian -1 -1 -10 929 145 960 232-1 -1 -1 -1000 -1000 -1000 -10 -0.396771
Pedestrian -1 -1 -10 698 159 739 274-1 -1 -1 -1000 -1000 -1000 -10 -0.430437
Pedestrian -1 -1 -10 155 293 205 375-1 -1 -1 -1000 -1000 -1000 -10 -0.520236
Pedestrian -1 -1 -10 258 18 317 86-1 -1 -1 -1000 -1000 -1000 -10 -0.56064
Pedestrian -1 -1 -10 370 61 403 154-1 -1 -1 -1000 -1000 -1000 -10 -0.598779
Pedestrian -1 -1 -10 1159 176 1195 276-1 -1 -1 -1000 -1000 -1000 -10 -0.654687
Pedestrian -1 -1 -10 223 12 296 95-1 -1 -1 -1000 -1000 -1000 -10 -0.71444
Pedestrian -1 -1 -10 721 138 780 206-1 -1 -1 -1000 -1000 -1000 -10 -0.770942
Pedestrian -1 -1 -10 961 153 992 240-1 -1 -1 -1000 -1000 -1000 -10 -0.889886
Pedestrian -1 -1 -10 233 1 316 232-1 -1 -1 -1000 -1000 -1000 -10 -0.89072
Pedestrian -1 -1 -10 70 11 108 118-1 -1 -1 -1000 -1000 -1000 -10 -0.917877
Pedestrian -1 -1 -10 105 270 208 375-1 -1 -1 -1000 -1000 -1000 -10 -0.921978
Pedestrian -1 -1 -10 1116 172 1149 265-1 -1 -1 -1000 -1000 -1000 -10 -0.933898
Pedestrian -1 -1 -10 389 25 437 157-1 -1 -1 -1000 -1000 -1000 -10 -0.937709
Pedestrian -1 -1 -10 287 27 468 234-1 -1 -1 -1000 -1000 -1000 -10 -0.944748
Pedestrian -1 -1 -10 225 1 352 352-1 -1 -1 -1000 -1000 -1000 -10 -0.947828
Pedestrian -1 -1 -10 1033 161 1064 248-1 -1 -1 -1000 -1000 -1000 -10 -0.953662
Pedestrian -1 -1 -10 651 1 689 108-1 -1 -1 -1000 -1000 -1000 -10 -0.962003
