Pedestrian -1 -1 -10 1162 138 1235 221-1 -1 -1 -1000 -1000 -1000 -10 -0.225861
Pedestrian -1 -1 -10 993 111 1029 211-1 -1 -1 -1000 -1000 -1000 -10 -0.797201
Pedestrian -1 -1 -10 841 293 891 375-1 -1 -1 -1000 -1000 -1000 -10 -0.805743
Pedestrian -1 -1 -10 1 191 148 359-1 -1 -1 -1000 -1000 -1000 -10 -0.831223
Pedestrian -1 -1 -10 1180 1 1239 164-1 -1 -1 -1000 -1000 -1000 -10 -0.870481
Pedestrian -1 -1 -10 927 139 995 217-1 -1 -1 -1000 -1000 -1000 -10 -0.873906
Pedestrian -1 -1 -10 114 80 192 170-1 -1 -1 -1000 -1000 -1000 -10 -0.88871
Pedestrian -1 -1 -10 1017 89 1048 176-1 -1 -1 -1000 -1000 -1000 -10 -0.916772
Pedestrian -1 -1 -10 1085 313 1148 375-1 -1 -1 -1000 -1000 -1000 -10 -0.930984
Pedestrian -1 -1 -10 585 145 632 232-1 -1 -1 -1000 -1000 -1000 -10 -0.958082
Pedestrian -1 -1 -10 859 92 910 234-1 -1 -1 -1000 -1000 -1000 -10 -0.970551
Pedestrian -1 -1 -10 1030 318 1089 375-1 -1 -1 -1000 -1000 -1000 -10 -0.982921
Pedestrian -1 -1 -10 567 295 645 375-1 -1 -1 -1000 -1000 -1000 -10 -0.990594
