Pedestrian -1 -1 -10 897 137 944 224-1 -1 -1 -1000 -1000 -1000 -10 -0.299684
Pedestrian -1 -1 -10 306 188 374 266-1 -1 -1 -1000 -1000 -1000 -10 -0.625706
Pedestrian -1 -1 -10 1200 103 1242 226-1 -1 -1 -1000 -1000 -1000 -10 -0.666968
Pedestrian -1 -1 -10 1095 10 1158 83-1 -1 -1 -1000 -1000 -1000 -10 -0.669958
Pedestrian -1 -1 -10 1073 112 1123 205-1 -1 -1 -1000 -1000 -1000 -10 -0.701346
Pedestrian -1 -1 -10 799 70 857 177-1 -1 -1 -1000 -1000 -1000 -10 -0.781513
Pedestrian -1 -1 -10 473 87 506 180-1 -1 -1 -1000 -1000 -1000 -10 -0.787974
Pedestrian -1 -1 -10 415 80 453 187-1 -1 -1 -1000 -1000 -1000 -10 -0.789372
Pedestrian -1 -1 -10 773 104 806 197-1 -1 -1 -1000 -1000 -1000 -10 -0.810626
Pedestrian -1 -1 -10 765 74 813 206-1 -1 -1 -1000 -1000 -1000 -10 -0.817283
Pedestrian -1 -1 -10 810 19 883 220-1 -1 -1 -1000 -1000 -1000 -10 -0.82719
Pedestrian -1 -1 -10 940 64 981 179-1 -1 -1 -1000 -1000 -1000 -10 -0.877318
Pedestrian -1 -1 -10 725 57 808 209-1 -1 -1 -1000 -1000 -1000 -10 -0.877392
Pedestrian -1 -1 -10 897 76 956 239-1 -1 -1 -1000 -1000 -1000 -10 -0.891215
Pedestrian -1 -1 -10 359 16 418 179-1 -1 -1 -1000 -1000 -1000 -10 -0.897942
Pedestrian -1 -1 -10 837 120 940 238-1 -1 -1 -1000 -1000 -1000 -10 -0.908909
Pedestrian -1 -1 -10 1195 1 1242 328-1 -1 -1 -1000 -1000 -1000 -10 -0.924931
Pedestrian -1 -1 -10 1009 81 1040 168-1 -1 -1 -1000 -1000 -1000 -10 -0.9404
Pedestrian -1 -1 -10 1032 98 1080 230-1 -1 -1 -1000 -1000 -1000 -10 -0.9466
