Pedestrian -1 -1 -10 1 295 79 375-1 -1 -1 -1000 -1000 -1000 -10 -0.183105
Pedestrian -1 -1 -10 1 240 37 340-1 -1 -1 -1000 -1000 -1000 -10 -0.353349
Pedestrian -1 -1 -10 385 267 443 374-1 -1 -1 -1000 -1000 -1000 -10 -0.553852
Pedestrian -1 -1 -10 571 25 655 121-1 -1 -1 -1000 -1000 -1000 -10 -0.586739
Pedestrian -1 -1 -10 541 130 600 198-1 -1 -1 -1000 -1000 -1000 -10 -0.641878
Pedestrian -1 -1 -10 19 240 73 340-1 -1 -1 -1000 -1000 -1000 -10 -0.673185
Pedestrian -1 -1 -10 233 121 264 208-1 -1 -1 -1000 -1000 -1000 -10 -0.6761
Pedestrian -1 -1 -10 508 22 655 190-1 -1 -1 -1000 -1000 -1000 -10 -0.726271
Pedestrian -1 -1 -10 300 248 377 375-1 -1 -1 -1000 -1000 -1000 -10 -0.799937
Pedestrian -1 -1 -10 1012 75 1066 175-1 -1 -1 -1000 -1000 -1000 -10 -0.877885
Pedestrian -1 -1 -10 996 1 1132 375-1 -1 -1 -1000 -1000 -1000 -10 -0.949925
Pedestrian -1 -1 -10 1185 1 1242 352-1 -1 -1 -1000 -1000 -1000 -10 -0.967967
