Pedestrian -1 -1 -10 222 93 258 193-1 -1 -1 -1000 -1000 -1000 -10 0.50113
Pedestrian -1 -1 -10 911 196 962 338-1 -1 -1 -1000 -1000 -1000 -10 0.0356183
Pedestrian -1 -1 -10 997 137 1132 375-1 -1 -1 -1000 -1000 -1000 -10 -0.15905
Pedestrian -1 -1 -10 424 194 478 294-1 -1 -1 -1000 -1000 -1000 -10 -0.32341
Pedestrian -1 -1 -10 268 86 316 218-1 -1 -1 -1000 -1000 -1000 -10 -0.327398
Pedestrian -1 -1 -10 848 237 985 375-1 -1 -1 -1000 -1000 -1000 -10 -0.522029
Pedestrian -1 -1 -10 1177 110 1225 242-1 -1 -1 -1000 -1000 -1000 -10 -0.598699
Pedestrian -1 -1 -10 171 62 219 194-1 -1 -1 -1000 -1000 -1000 -10 -0.604526
Pedestrian -1 -1 -10 497 161 544 248-1 -1 -1 -1000 -1000 -1000 -10 -0.625083
Pedestrian -1 -1 -10 1 80 45 203-1 -1 -1 -1000 -1000 -1000 -10 -0.657024
Pedestrian -1 -1 -10 218 1 256 108-1 -1 -1 -1000 -1000 -1000 -10 -0.719378
Pedestrian -1 -1 -10 1 195 85 291-1 -1 -1 -1000 -1000 -1000 -10 -0.730349
Pedestrian -1 -1 -10 216 114 294 204-1 -1 -1 -1000 -1000 -1000 -10 -0.947881
Pedestrian -1 -1 -10 759 188 827 266-1 -1 -1 -1000 -1000 -1000 -10 -0.952657
Pedestrian -1 -1 -10 1 1 169 375-1 -1 -1 -1000 -1000 -1000 -10 -0.960773
Pedestrian -1 -1 -10 669 92 747 182-1 -1 -1 -1000 -1000 -1000 -10 -0.964189
Pedestrian -1 -1 -10 893 104 1132 375-1 -1 -1 -1000 -1000 -1000 -10 -0.980022
Pedestrian -1 -1 -10 641 105 672 192-1 -1 -1 -1000 -1000 -1000 -10 -0.989539
Pedestrian -1 -1 -10 1098 295 1176 375-1 -1 -1 -1000 -1000 -1000 -10 -0.992726
