Pedestrian -1 -1 -10 537 113 568 200-1 -1 -1 -1000 -1000 -1000 -10 -0.543203
Pedestrian -1 -1 -10 33 49 64 136-1 -1 -1 -1000 -1000 -1000 -10 -0.739932
Pedestrian -1 -1 -10 678 1 728 94-1 -1 -1 -1000 -1000 -1000 -10 -0.782532
Pedestrian -1 -1 -10 237 267 295 374-1 -1 -1 -1000 -1000 -1000 -10 -0.794353
Pedestrian -1 -1 -10 644 104 677 197-1 -1 -1 -1000 -1000 -1000 -10 -0.800953
Pedestrian -1 -1 -10 202 12 275 95-1 -1 -1 -1000 -1000 -1000 -10 -0.806759
Pedestrian -1 -1 -10 580 19 616 119-1 -1 -1 -1000 -1000 -1000 -10 -0.858132
Pedestrian -1 -1 -10 861 205 939 295-1 -1 -1 -1000 -1000 -1000 -10 -0.860106
Pedestrian -1 -1 -10 846 1 936 104-1 -1 -1 -1000 -1000 -1000 -10 -0.913119
Pedestrian -1 -1 -10 130 304 184 375-1 -1 -1 -1000 -1000 -1000 -10 -0.949231
Pedestrian -1 -1 -10 346 1 414 79-1 -1 -1 -1000 -1000 -1000 -10 -0.953903
Pedestrian -1 -1 -10 558 15 613 167-1 -1 -1 -1000 -1000 -1000 -10 -0.994524
