Pedestrian -1 -1 -10 1165 1 1242 328-1 -1 -1 -1000 -1000 -1000 -10 0.0314388
Pedestrian -1 -1 -10 293 70 361 258-1 -1 -1 -1000 -1000 -1000 -10 -0.574073
Pedestrian -1 -1 -10 256 86 304 218-1 -1 -1 -1000 -1000 -1000 -10 -0.61001
Pedestrian -1 -1 -10 550 112 583 205-1 -1 -1 -1000 -1000 -1000 -10 -0.714395
Pedestrian -1 -1 -10 555 1 599 124-1 -1 -1 -1000 -1000 -1000 -10 -0.74699
Pedestrian -1 -1 -10 1168 323 1231 375-1 -1 -1 -1000 -1000 -1000 -10 -0.763017
Pedestrian -1 -1 -10 365 105 416 247-1 -1 -1 -1000 -1000 -1000 -10 -0.811195
Pedestrian -1 -1 -10 547 74 595 206-1 -1 -1 -1000 -1000 -1000 -10 -0.814796
Pedestrian -1 -1 -10 513 41 568 104-1 -1 -1 -1000 -1000 -1000 -10 -0.834121
Pedestrian -1 -1 -10 567 1 657 249-1 -1 -1 -1000 -1000 -1000 -10 -0.91107
Pedestrian -1 -1 -10 877 1 939 116-1 -1 -1 -1000 -1000 -1000 -10 -0.918999
Pedestrian -1 -1 -10 691 125 758 248-1 -1 -1 -1000 -1000 -1000 -10 -0.923371
Pedestrian -1 -1 -10 641 99 679 206-1 -1 -1 -1000 -1000 -1000 -10 -0.948705
Pedestrian -1 -1 -10 689 1 720 88-1 -1 -1 -1000 -1000 -1000 -10 -0.965239
Pedestrian -1 -1 -10 1006 11 1064 118-1 -1 -1 -1000 -1000 -1000 -10 -0.980036
Pedestrian -1 -1 -10 1104 198 1162 305-1 -1 -1 -1000 -1000 -1000 -10 -0.983472
Pedestrian -1 -1 -10 470 130 533 203-1 -1 -1 -1000 -1000 -1000 -10 -0.985189
