Pedestrian -1 -1 -10 618 104 651 197-1 -1 -1 -1000 -1000 -1000 -10 0.0354548
Pedestrian -1 -1 -10 798 130 831 223-1 -1 -1 -1000 -1000 -1000 -10 -0.280774
Pedestrian -1 -1 -10 534 111 597 184-1 -1 -1 -1000 -1000 -1000 -10 -0.582896
Pedestrian -1 -1 -10 1210 1 1242 164-1 -1 -1 -1000 -1000 -1000 -10 -0.668655
Pedestrian -1 -1 -10 267 104 300 197-1 -1 -1 -1000 -1000 -1000 -10 -0.783272
Pedestrian -1 -1 -10 336 21 394 128-1 -1 -1 -1000 -1000 -1000 -10 -0.822255
Pedestrian -1 -1 -10 770 80 814 203-1 -1 -1 -1000 -1000 -1000 -10 -0.851025
Pedestrian -1 -1 -10 408 80 475 203-1 -1 -1 -1000 -1000 -1000 -10 -0.912923
Pedestrian -1 -1 -10 209 25 256 112-1 -1 -1 -1000 -1000 -1000 -10 -0.924735
Pedestrian -1 -1 -10 983 37 1031 169-1 -1 -1 -1000 -1000 -1000 -10 -0.934673
Pedestrian -1 -1 -10 434 31 493 194-1 -1 -1 -1000 -1000 -1000 -10 -0.955399
Pedestrian -1 -1 -10 883 75 919 175-1 -1 -1 -1000 -1000 -1000 -10 -0.970318
Pedestrian -1 -1 -10 887 90 955 168-1 -1 -1 -1000 -1000 -1000 -10 -0.974905
Pedestrian -1 -1 -10 793 97 840 184-1 -1 -1 -1000 -1000 -1000 -10 -0.986421
