Pedestrian -1 -1 -10 258 155 360 343-1 -1 -1 -1000 -1000 -1000 -10 -0.216012
Pedestrian -1 -1 -10 580 93 616 193-1 -1 -1 -1000 -1000 -1000 -10 -0.494286
Pedestrian -1 -1 -10 1041 137 1096 200-1 -1 -1 -1000 -1000 -1000 -10 -0.669135
Pedestrian -1 -1 -10 1081 130 1140 198-1 -1 -1 -1000 -1000 -1000 -10 -0.742975
Pedestrian -1 -1 -10 644 120 680 220-1 -1 -1 -1000 -1000 -1000 -10 -0.764153
Pedestrian -1 -1 -10 1209 153 1242 216-1 -1 -1 -1000 -1000 -1000 -10 -0.825542
Pedestrian -1 -1 -10 1012 139 1075 212-1 -1 -1 -1000 -1000 -1000 -10 -0.846745
Pedestrian -1 -1 -10 538 76 641 194-1 -1 -1 -1000 -1000 -1000 -10 -0.850888
Pedestrian -1 -1 -10 404 1 481 143-1 -1 -1 -1000 -1000 -1000 -10 -0.863509
Pedestrian -1 -1 -10 725 205 803 295-1 -1 -1 -1000 -1000 -1000 -10 -0.870041
Pedestrian -1 -1 -10 113 65 168 128-1 -1 -1 -1000 -1000 -1000 -10 -0.870261
Pedestrian -1 -1 -10 78 224 128 317-1 -1 -1 -1000 -1000 -1000 -10 -0.872889
Pedestrian -1 -1 -10 571 1 654 232-1 -1 -1 -1000 -1000 -1000 -10 -0.908232
Pedestrian -1 -1 -10 1189 147 1242 243-1 -1 -1 -1000 -1000 -1000 -10 -0.919824
Pedestrian -1 -1 -10 12 1 56 124-1 -1 -1 -1000 -1000 -1000 -10 -0.932858
Pedestrian -1 -1 -10 257 161 480 375-1 -1 -1 -1000 -1000 -1000 -10 -0.942999
Pedestrian -1 -1 -10 1090 301 1149 369-1 -1 -1 -1000 -1000 -1000 -10 -0.948941
Pedestrian -1 -1 -10 359 1 418 164-1 -1 -1 -1000 -1000 -1000 -10 -0.95007
Pedestrian -1 -1 -10 29 166 83 266-1 -1 -1 -1000 -1000 -1000 -10 -0.96559
Pedestrian -1 -1 -10 740 70 798 177-1 -1 -1 -1000 -1000 -1000 -10 -0.98971
Pedestrian -1 -1 -10 1064 1 1114 94-1 -1 -1 -1000 -1000 -1000 -10 -0.990247
