Pedestrian -1 -1 -10 401 129 432 216-1 -1 -1 -1000 -1000 -1000 -10 -0.244534
Pedestrian -1 -1 -10 721 1 752 88-1 -1 -1 -1000 -1000 -1000 -10 -0.559757
Pedestrian -1 -1 -10 344 87 377 180-1 -1 -1 -1000 -1000 -1000 -10 -0.717506
Pedestrian -1 -1 -10 405 139 473 217-1 -1 -1 -1000 -1000 -1000 -10 -0.73821
Pedestrian -1 -1 -10 791 185 900 375-1 -1 -1 -1000 -1000 -1000 -10 -0.779483
Pedestrian -1 -1 -10 599 235 676 375-1 -1 -1 -1000 -1000 -1000 -10 -0.795721
Pedestrian -1 -1 -10 910 10 969 78-1 -1 -1 -1000 -1000 -1000 -10 -0.824542
Pedestrian -1 -1 -10 1104 62 1152 194-1 -1 -1 -1000 -1000 -1000 -10 -0.831106
Pedestrian -1 -1 -10 1054 144 1131 286-1 -1 -1 -1000 -1000 -1000 -10 -0.86929
Pedestrian -1 -1 -10 730 27 789 95-1 -1 -1 -1000 -1000 -1000 -10 -0.881254
Pedestrian -1 -1 -10 1 1 147 375-1 -1 -1 -1000 -1000 -1000 -10 -0.920351
Pedestrian -1 -1 -10 332 56 368 156-1 -1 -1 -1000 -1000 -1000 -10 -0.924341
Pedestrian -1 -1 -10 233 18 283 111-1 -1 -1 -1000 -1000 -1000 -10 -0.935385
Pedestrian -1 -1 -10 708 1 770 116-1 -1 -1 -1000 -1000 -1000 -10 -0.968132
