Pedestrian -1 -1 -10 250 35 283 128-1 -1 -1 -1000 -1000 -1000 -10 -0.412281
Pedestrian -1 -1 -10 1 62 49 194-1 -1 -1 -1000 -1000 -1000 -10 -0.618041
Pedestrian -1 -1 -10 725 29 919 251-1 -1 -1 -1000 -1000 -1000 -10 -0.724192
Pedestrian -1 -1 -10 680 1 951 375-1 -1 -1 -1000 -1000 -1000 -10 -0.765827
Pedestrian -1 -1 -10 10 1 43 94-1 -1 -1 -1000 -1000 -1000 -10 -0.80371
Pedestrian -1 -1 -10 560 157 650 260-1 -1 -1 -1000 -1000 -1000 -10 -0.820176
Pedestrian -1 -1 -10 473 113 504 200-1 -1 -1 -1000 -1000 -1000 -10 -0.83229
Pedestrian -1 -1 -10 41 129 96 192-1 -1 -1 -1000 -1000 -1000 -10 -0.906772
Pedestrian -1 -1 -10 1 11 69 89-1 -1 -1 -1000 -1000 -1000 -10 -0.923498
Pedestrian -1 -1 -10 1065 81 1112 168-1 -1 -1 -1000 -1000 -1000 -10 -0.93631
Pedestrian -1 -1 -10 310 95 360 188-1 -1 -1 -1000 -1000 -1000 -10 -0.970405
