Pedestrian -1 -1 -10 1 1 104 286-1 -1 -1 -1000 -1000 -1000 -10 -0.234705
Pedestrian -1 -1 -10 628 91 687 254-1 -1 -1 -1000 -1000 -1000 -10 -0.486844
Pedestrian -1 -1 -10 586 105 663 247-1 -1 -1 -1000 -1000 -1000 -10 -0.490938
Pedestrian -1 -1 -10 318 121 351 214-1 -1 -1 -1000 -1000 -1000 -10 -0.596356
Pedestrian -1 -1 -10 219 98 267 230-1 -1 -1 -1000 -1000 -1000 -10 -0.61112
Pedestrian -1 -1 -10 668 62 716 194-1 -1 -1 -1000 -1000 -1000 -10 -0.646578
Pedestrian -1 -1 -10 721 155 780 223-1 -1 -1 -1000 -1000 -1000 -10 -0.678383
Pedestrian -1 -1 -10 168 126 223 278-1 -1 -1 -1000 -1000 -1000 -10 -0.744524
Pedestrian -1 -1 -10 139 11 197 118-1 -1 -1 -1000 -1000 -1000 -10 -0.763981
Pedestrian -1 -1 -10 571 1 654 232-1 -1 -1 -1000 -1000 -1000 -10 -0.79039
Pedestrian -1 -1 -10 307 85 362 237-1 -1 -1 -1000 -1000 -1000 -10 -0.793602
Pedestrian -1 -1 -10 643 31 702 194-1 -1 -1 -1000 -1000 -1000 -10 -0.864515
Pedestrian -1 -1 -10 782 1 860 91-1 -1 -1 -1000 -1000 -1000 -10 -0.958528
Pedestrian -1 -1 -10 508 79 598 182-1 -1 -1 -1000 -1000 -1000 -10 -0.978397
