Pedestrian -1 -1 -10 10 166 46 266-1 -1 -1 -1000 -1000 -1000 -10 1.1649
Pedestrian -1 -1 -10 128 180 169 295-1 -1 -1 -1000 -1000 -1000 -10 0.249833
Pedestrian -1 -1 -10 487 1 570 232-1 -1 -1 -1000 -1000 -1000 -10 -0.184921
Pedestrian -1 -1 -10 1 121 32 208-1 -1 -1 -1000 -1000 -1000 -10 -0.402969
Pedestrian -1 -1 -10 961 201 992 288-1 -1 -1 -1000 -1000 -1000 -10 -0.440976
Pedestrian -1 -1 -10 393 153 424 240-1 -1 -1 -1000 -1000 -1000 -10 -0.453841
Pedestrian -1 -1 -10 1159 224 1218 292-1 -1 -1 -1000 -1000 -1000 -10 -0.595295
Pedestrian -1 -1 -10 966 119 1024 226-1 -1 -1 -1000 -1000 -1000 -10 -0.652977
Pedestrian -1 -1 -10 1131 194 1194 267-1 -1 -1 -1000 -1000 -1000 -10 -0.660112
Pedestrian -1 -1 -10 120 150 179 313-1 -1 -1 -1000 -1000 -1000 -10 -0.687392
Pedestrian -1 -1 -10 856 176 892 276-1 -1 -1 -1000 -1000 -1000 -10 -0.698915
Pedestrian -1 -1 -10 1155 227 1222 350-1 -1 -1 -1000 -1000 -1000 -10 -0.70655
Pedestrian -1 -1 -10 593 130 652 198-1 -1 -1 -1000 -1000 -1000 -10 -0.726925
Pedestrian -1 -1 -10 93 102 129 202-1 -1 -1 -1000 -1000 -1000 -10 -0.74593
Pedestrian -1 -1 -10 27 95 77 188-1 -1 -1 -1000 -1000 -1000 -10 -0.769814
Pedestrian -1 -1 -10 1 1 91 249-1 -1 -1 -1000 -1000 -1000 -10 -0.843875
Pedestrian -1 -1 -10 730 112 763 205-1 -1 -1 -1000 -1000 -1000 -10 -0.873021
Pedestrian -1 -1 -10 1067 183 1157 286-1 -1 -1 -1000 -1000 -1000 -10 -0.87659
Pedestrian -1 -1 -10 365 92 442 234-1 -1 -1 -1000 -1000 -1000 -10 -0.910602
Pedestrian -1 -1 -10 798 147 848 240-1 -1 -1 -1000 -1000 -1000 -10 -0.919982
Pedestrian -1 -1 -10 441 137 472 224-1 -1 -1 -1000 -1000 -1000 -10 -0.939288
