Pedestrian -1 -1 -10 228 90 266 197-1 -1 -1 -1000 -1000 -1000 -10 -0.309688
Pedestrian -1 -1 -10 370 180 411 295-1 -1 -1 -1000 -1000 -1000 -10 -0.392521
Pedestrian -1 -1 -10 608 93 736 239-1 -1 -1 -1000 -1000 -1000 -10 -0.623472
Pedestrian -1 -1 -10 1073 281 1128 344-1 -1 -1 -1000 -1000 -1000 -10 -0.738218
Pedestrian -1 -1 -10 306 12 384 102-1 -1 -1 -1000 -1000 -1000 -10 -0.752971
Pedestrian -1 -1 -10 725 103 803 193-1 -1 -1 -1000 -1000 -1000 -10 -0.756271
Pedestrian -1 -1 -10 1141 50 1242 316-1 -1 -1 -1000 -1000 -1000 -10 -0.847664
Pedestrian -1 -1 -10 1088 286 1161 369-1 -1 -1 -1000 -1000 -1000 -10 -0.862429
Pedestrian -1 -1 -10 975 277 1029 375-1 -1 -1 -1000 -1000 -1000 -10 -0.875004
Pedestrian -1 -1 -10 207 74 279 206-1 -1 -1 -1000 -1000 -1000 -10 -0.881361
Pedestrian -1 -1 -10 313 53 416 338-1 -1 -1 -1000 -1000 -1000 -10 -0.911481
