Pedestrian -1 -1 -10 571 1 643 133-1 -1 -1 -1000 -1000 -1000 -10 -0.349833
Pedestrian -1 -1 -10 1047 130 1080 223-1 -1 -1 -1000 -1000 -1000 -10 -0.527194
Pedestrian -1 -1 -10 1193 267 1242 360-1 -1 -1 -1000 -1000 -1000 -10 -0.637747
Pedestrian -1 -1 -10 249 177 296 264-1 -1 -1 -1000 -1000 -1000 -10 -0.649138
Pedestrian -1 -1 -10 1047 10 1080 103-1 -1 -1 -1000 -1000 -1000 -10 -0.691495
Pedestrian -1 -1 -10 218 198 355 355-1 -1 -1 -1000 -1000 -1000 -10 -0.75725
Pedestrian -1 -1 -10 198 198 231 291-1 -1 -1 -1000 -1000 -1000 -10 -0.777634
Pedestrian -1 -1 -10 1 256 73 375-1 -1 -1 -1000 -1000 -1000 -10 -0.79384
Pedestrian -1 -1 -10 721 217 752 304-1 -1 -1 -1000 -1000 -1000 -10 -0.795495
Pedestrian -1 -1 -10 241 1 309 189-1 -1 -1 -1000 -1000 -1000 -10 -0.855218
Pedestrian -1 -1 -10 341 1 680 375-1 -1 -1 -1000 -1000 -1000 -10 -0.859051
Pedestrian -1 -1 -10 690 21 748 128-1 -1 -1 -1000 -1000 -1000 -10 -0.882471
Pedestrian -1 -1 -10 1210 147 1242 240-1 -1 -1 -1000 -1000 -1000 -10 -0.9299
Pedestrian -1 -1 -10 718 185 772 285-1 -1 -1 -1000 -1000 -1000 -10 -0.93139
Pedestrian -1 -1 -10 742 1 793 143-1 -1 -1 -1000 -1000 -1000 -10 -0.942886
Pedestrian -1 -1 -10 833 225 864 312-1 -1 -1 -1000 -1000 -1000 -10 -0.948269
Pedestrian -1 -1 -10 43 1 126 232-1 -1 -1 -1000 -1000 -1000 -10 -0.989177
