Pedestrian -1 -1 -10 222 170 312 273-1 -1 -1 -1000 -1000 -1000 -10 0.893513
Pedestrian -1 -1 -10 218 178 296 375-1 -1 -1 -1000 -1000 -1000 -10 0.731798
Pedestrian -1 -1 -10 171 147 316 375-1 -1 -1 -1000 -1000 -1000 -10 -0.0718374
Pedestrian -1 -1 -10 687 54 749 169-1 -1 -1 -1000 -1000 -1000 -10 -0.338474
Pedestrian -1 -1 -10 653 65 689 165-1 -1 -1 -1000 -1000 -1000 -10 -0.37918
Pedestrian -1 -1 -10 833 249 888 312-1 -1 -1 -1000 -1000 -1000 -10 -0.528916
Pedestrian -1 -1 -10 876 318 935 375-1 -1 -1 -1000 -1000 -1000 -10 -0.637625
Pedestrian -1 -1 -10 475 1 669 223-1 -1 -1 -1000 -1000 -1000 -10 -0.700439
Pedestrian -1 -1 -10 1090 121 1149 189-1 -1 -1 -1000 -1000 -1000 -10 -0.743365
Pedestrian -1 -1 -10 295 286 349 375-1 -1 -1 -1000 -1000 -1000 -10 -0.758024
Pedestrian -1 -1 -10 819 286 873 375-1 -1 -1 -1000 -1000 -1000 -10 -0.786508
Pedestrian -1 -1 -10 1 112 390 375-1 -1 -1 -1000 -1000 -1000 -10 -0.796991
Pedestrian -1 -1 -10 646 46 713 169-1 -1 -1 -1000 -1000 -1000 -10 -0.861501
Pedestrian -1 -1 -10 911 102 947 202-1 -1 -1 -1000 -1000 -1000 -10 -0.874413
Pedestrian -1 -1 -10 425 40 483 147-1 -1 -1 -1000 -1000 -1000 -10 -0.876908
Pedestrian -1 -1 -10 680 46 770 294-1 -1 -1 -1000 -1000 -1000 -10 -0.892427
Pedestrian -1 -1 -10 641 65 864 320-1 -1 -1 -1000 -1000 -1000 -10 -0.899043
Pedestrian -1 -1 -10 240 29 276 129-1 -1 -1 -1000 -1000 -1000 -10 -0.91158
Pedestrian -1 -1 -10 408 69 475 192-1 -1 -1 -1000 -1000 -1000 -10 -0.935732
