Pedestrian -1 -1 -10 569 105 600 192-1 -1 -1 -1000 -1000 -1000 -10 -0.37712
Pedestrian -1 -1 -10 147 122 219 254-1 -1 -1 -1000 -1000 -1000 -10 -0.493703
Pedestrian -1 -1 -10 825 153 856 240-1 -1 -1 -1000 -1000 -1000 -10 -0.532801
Pedestrian -1 -1 -10 1056 86 1140 182-1 -1 -1 -1000 -1000 -1000 -10 -0.613476
Pedestrian -1 -1 -10 1 85 42 200-1 -1 -1 -1000 -1000 -1000 -10 -0.645804
Pedestrian -1 -1 -10 465 85 760 375-1 -1 -1 -1000 -1000 -1000 -10 -0.685113
Pedestrian -1 -1 -10 801 129 912 256-1 -1 -1 -1000 -1000 -1000 -10 -0.779387
Pedestrian -1 -1 -10 1 43 127 274-1 -1 -1 -1000 -1000 -1000 -10 -0.79634
Pedestrian -1 -1 -10 170 96 243 179-1 -1 -1 -1000 -1000 -1000 -10 -0.836099
Pedestrian -1 -1 -10 117 54 179 169-1 -1 -1 -1000 -1000 -1000 -10 -0.874991
Pedestrian -1 -1 -10 266 71 363 181-1 -1 -1 -1000 -1000 -1000 -10 -0.899525
Pedestrian -1 -1 -10 1 1 240 274-1 -1 -1 -1000 -1000 -1000 -10 -0.912383
Pedestrian -1 -1 -10 897 89 928 176-1 -1 -1 -1000 -1000 -1000 -10 -0.980785
Pedestrian -1 -1 -10 947 109 985 216-1 -1 -1 -1000 -1000 -1000 -10 -0.98486
Pedestrian -1 -1 -10 335 121 394 189-1 -1 -1 -1000 -1000 -1000 -10 -0.989726
