Pedestrian -1 -1 -10 170 170 253 374-1 -1 -1 -1000 -1000 -1000 -10 0.201054
Pedestrian -1 -1 -10 905 153 936 240-1 -1 -1 -1000 -1000 -1000 -10 0.0274668
Pedestrian -1 -1 -10 1120 180 1193 263-1 -1 -1 -1000 -1000 -1000 -10 -0.168796
Pedestrian -1 -1 -10 238 71 293 223-1 -1 -1 -1000 -1000 -1000 -10 -0.26589
Pedestrian -1 -1 -10 1 121 34 214-1 -1 -1 -1000 -1000 -1000 -10 -0.298816
Pedestrian -1 -1 -10 1122 185 1238 331-1 -1 -1 -1000 -1000 -1000 -10 -0.541991
Pedestrian -1 -1 -10 777 201 808 288-1 -1 -1 -1000 -1000 -1000 -10 -0.581862
Pedestrian -1 -1 -10 1030 70 1080 163-1 -1 -1 -1000 -1000 -1000 -10 -0.670765
Pedestrian -1 -1 -10 627 18 660 111-1 -1 -1 -1000 -1000 -1000 -10 -0.683119
Pedestrian -1 -1 -10 498 1 546 133-1 -1 -1 -1000 -1000 -1000 -10 -0.751732
Pedestrian -1 -1 -10 90 218 128 325-1 -1 -1 -1000 -1000 -1000 -10 -0.770715
Pedestrian -1 -1 -10 65 249 112 336-1 -1 -1 -1000 -1000 -1000 -10 -0.797275
Pedestrian -1 -1 -10 521 80 588 203-1 -1 -1 -1000 -1000 -1000 -10 -0.798994
Pedestrian -1 -1 -10 798 198 831 291-1 -1 -1 -1000 -1000 -1000 -10 -0.831583
Pedestrian -1 -1 -10 608 19 644 119-1 -1 -1 -1000 -1000 -1000 -10 -0.849823
Pedestrian -1 -1 -10 1067 157 1144 299-1 -1 -1 -1000 -1000 -1000 -10 -0.879446
Pedestrian -1 -1 -10 889 193 944 256-1 -1 -1 -1000 -1000 -1000 -10 -0.889289
Pedestrian -1 -1 -10 301 250 351 343-1 -1 -1 -1000 -1000 -1000 -10 -0.921335
Pedestrian -1 -1 -10 12 180 74 295-1 -1 -1 -1000 -1000 -1000 -10 -0.971012
