Pedestrian -1 -1 -10 16 255 119 373-1 -1 -1 -1000 -1000 -1000 -10 -0.379425
Pedestrian -1 -1 -10 624 138 686 253-1 -1 -1 -1000 -1000 -1000 -10 -0.397836
Pedestrian -1 -1 -10 89 225 144 288-1 -1 -1 -1000 -1000 -1000 -10 -0.65298
Pedestrian -1 -1 -10 1193 1 1241 94-1 -1 -1 -1000 -1000 -1000 -10 -0.698772
Pedestrian -1 -1 -10 713 284 763 376-1 -1 -1 -1000 -1000 -1000 -10 -0.70193
Pedestrian -1 -1 -10 1193 321 1241 376-1 -1 -1 -1000 -1000 -1000 -10 -0.887571
Pedestrian -1 -1 -10 479 148 533 248-1 -1 -1 -1000 -1000 -1000 -10 -0.920307
Pedestrian -1 -1 -10 1041 281 1096 344-1 -1 -1 -1000 -1000 -1000 -10 -0.947729
Pedestrian -1 -1 -10 972 64 1034 179-1 -1 -1 -1000 -1000 -1000 -10 -0.950214
Pedestrian -1 -1 -10 1213 29 1241 181-1 -1 -1 -1000 -1000 -1000 -10 -0.953618
Pedestrian -1 -1 -10 85 223 147 338-1 -1 -1 -1000 -1000 -1000 -10 -0.957544
