Pedestrian -1 -1 -10 438 74 510 206-1 -1 -1 -1000 -1000 -1000 -10 -0.669246
Pedestrian -1 -1 -10 876 190 935 258-1 -1 -1 -1000 -1000 -1000 -10 -0.779647
Pedestrian -1 -1 -10 697 97 728 184-1 -1 -1 -1000 -1000 -1000 -10 -0.820548
Pedestrian -1 -1 -10 252 15 349 125-1 -1 -1 -1000 -1000 -1000 -10 -0.830855
Pedestrian -1 -1 -10 391 53 468 195-1 -1 -1 -1000 -1000 -1000 -10 -0.871135
Pedestrian -1 -1 -10 800 286 854 375-1 -1 -1 -1000 -1000 -1000 -10 -0.8779
Pedestrian -1 -1 -10 296 80 354 187-1 -1 -1 -1000 -1000 -1000 -10 -0.888888
Pedestrian -1 -1 -10 250 103 317 226-1 -1 -1 -1000 -1000 -1000 -10 -0.928807
Pedestrian -1 -1 -10 140 1 334 223-1 -1 -1 -1000 -1000 -1000 -10 -0.966438
Pedestrian -1 -1 -10 346 1 414 79-1 -1 -1 -1000 -1000 -1000 -10 -0.99118
Pedestrian -1 -1 -10 838 1 905 124-1 -1 -1 -1000 -1000 -1000 -10 -0.99578
