Pedestrian -1 -1 -10 661 80 699 187-1 -1 -1 -1000 -1000 -1000 -10 0.0829201
Pedestrian -1 -1 -10 986 40 1024 147-1 -1 -1 -1000 -1000 -1000 -10 -0.0660114
Pedestrian -1 -1 -10 704 50 752 182-1 -1 -1 -1000 -1000 -1000 -10 -0.378004
Pedestrian -1 -1 -10 1 145 32 232-1 -1 -1 -1000 -1000 -1000 -10 -0.52891
Pedestrian -1 -1 -10 153 177 184 264-1 -1 -1 -1000 -1000 -1000 -10 -0.542216
Pedestrian -1 -1 -10 1007 147 1055 279-1 -1 -1 -1000 -1000 -1000 -10 -0.655421
Pedestrian -1 -1 -10 129 65 192 240-1 -1 -1 -1000 -1000 -1000 -10 -0.69025
Pedestrian -1 -1 -10 1 78 34 171-1 -1 -1 -1000 -1000 -1000 -10 -0.734079
Pedestrian -1 -1 -10 987 87 1037 180-1 -1 -1 -1000 -1000 -1000 -10 -0.749949
Pedestrian -1 -1 -10 250 130 283 223-1 -1 -1 -1000 -1000 -1000 -10 -0.833241
Pedestrian -1 -1 -10 688 31 777 194-1 -1 -1 -1000 -1000 -1000 -10 -0.862663
Pedestrian -1 -1 -10 385 65 440 128-1 -1 -1 -1000 -1000 -1000 -10 -0.873445
Pedestrian -1 -1 -10 92 40 143 182-1 -1 -1 -1000 -1000 -1000 -10 -0.877891
Pedestrian -1 -1 -10 327 1 360 94-1 -1 -1 -1000 -1000 -1000 -10 -0.886761
Pedestrian -1 -1 -10 961 35 1029 223-1 -1 -1 -1000 -1000 -1000 -10 -0.89679
Pedestrian -1 -1 -10 114 24 204 272-1 -1 -1 -1000 -1000 -1000 -10 -0.902242
Pedestrian -1 -1 -10 332 1 386 101-1 -1 -1 -1000 -1000 -1000 -10 -0.928217
Pedestrian -1 -1 -10 852 1 911 164-1 -1 -1 -1000 -1000 -1000 -10 -0.930026
Pedestrian -1 -1 -10 365 66 455 169-1 -1 -1 -1000 -1000 -1000 -10 -0.959679
Pedestrian -1 -1 -10 1 35 206 370-1 -1 -1 -1000 -1000 -1000 -10 -0.9677
Pedestrian -1 -1 -10 765 50 837 182-1 -1 -1 -1000 -1000 -1000 -10 -0.984293
Pedestrian -1 -1 -10 233 129 264 216-1 -1 -1 -1000 -1000 -1000 -10 -0.997675
