Pedestrian -1 -1 -10 1021 130 1054 223-1 -1 -1 -1000 -1000 -1000 -10 0.172661
Pedestrian -1 -1 -10 216 80 260 203-1 -1 -1 -1000 -1000 -1000 -10 -0.319476
Pedestrian -1 -1 -10 608 93 736 239-1 -1 -1 -1000 -1000 -1000 -10 -0.509827
Pedestrian -1 -1 -10 370 180 411 295-1 -1 -1 -1000 -1000 -1000 -10 -0.537168
Pedestrian -1 -1 -10 304 13 388 109-1 -1 -1 -1000 -1000 -1000 -10 -0.698344
Pedestrian -1 -1 -10 725 103 803 193-1 -1 -1 -1000 -1000 -1000 -10 -0.783039
Pedestrian -1 -1 -10 986 99 1024 206-1 -1 -1 -1000 -1000 -1000 -10 -0.82504
Pedestrian -1 -1 -10 301 121 334 214-1 -1 -1 -1000 -1000 -1000 -10 -0.851274
Pedestrian -1 -1 -10 1058 102 1121 175-1 -1 -1 -1000 -1000 -1000 -10 -0.87384
Pedestrian -1 -1 -10 911 92 962 234-1 -1 -1 -1000 -1000 -1000 -10 -0.919391
Pedestrian -1 -1 -10 313 53 416 338-1 -1 -1 -1000 -1000 -1000 -10 -0.950797
Pedestrian -1 -1 -10 190 87 309 223-1 -1 -1 -1000 -1000 -1000 -10 -0.963139
