Pedestrian -1 -1 -10 241 185 288 272-1 -1 -1 -1000 -1000 -1000 -10 0.154405
Pedestrian -1 -1 -10 781 79 832 221-1 -1 -1 -1000 -1000 -1000 -10 -0.319215
Pedestrian -1 -1 -10 464 87 497 180-1 -1 -1 -1000 -1000 -1000 -10 -0.399511
Pedestrian -1 -1 -10 782 43 865 274-1 -1 -1 -1000 -1000 -1000 -10 -0.506207
Pedestrian -1 -1 -10 393 121 424 208-1 -1 -1 -1000 -1000 -1000 -10 -0.562057
Pedestrian -1 -1 -10 241 129 304 304-1 -1 -1 -1000 -1000 -1000 -10 -0.585761
Pedestrian -1 -1 -10 704 74 752 206-1 -1 -1 -1000 -1000 -1000 -10 -0.626343
Pedestrian -1 -1 -10 84 130 120 230-1 -1 -1 -1000 -1000 -1000 -10 -0.672688
Pedestrian -1 -1 -10 295 80 339 203-1 -1 -1 -1000 -1000 -1000 -10 -0.707107
Pedestrian -1 -1 -10 1 193 45 316-1 -1 -1 -1000 -1000 -1000 -10 -0.732881
Pedestrian -1 -1 -10 643 31 732 194-1 -1 -1 -1000 -1000 -1000 -10 -0.744587
Pedestrian -1 -1 -10 974 114 1041 237-1 -1 -1 -1000 -1000 -1000 -10 -0.74879
Pedestrian -1 -1 -10 1133 1 1242 375-1 -1 -1 -1000 -1000 -1000 -10 -0.769124
Pedestrian -1 -1 -10 164 112 197 205-1 -1 -1 -1000 -1000 -1000 -10 -0.817004
Pedestrian -1 -1 -10 1 129 48 216-1 -1 -1 -1000 -1000 -1000 -10 -0.835794
Pedestrian -1 -1 -10 25 177 80 240-1 -1 -1 -1000 -1000 -1000 -10 -0.862304
Pedestrian -1 -1 -10 1004 1 1066 116-1 -1 -1 -1000 -1000 -1000 -10 -0.872551
Pedestrian -1 -1 -10 346 50 384 157-1 -1 -1 -1000 -1000 -1000 -10 -0.874243
Pedestrian -1 -1 -10 393 73 424 160-1 -1 -1 -1000 -1000 -1000 -10 -0.907205
Pedestrian -1 -1 -10 419 16 508 179-1 -1 -1 -1000 -1000 -1000 -10 -0.930239
Pedestrian -1 -1 -10 729 110 777 242-1 -1 -1 -1000 -1000 -1000 -10 -0.939376
Pedestrian -1 -1 -10 193 92 271 182-1 -1 -1 -1000 -1000 -1000 -10 -0.957417
Pedestrian -1 -1 -10 130 95 189 163-1 -1 -1 -1000 -1000 -1000 -10 -0.963296
Pedestrian -1 -1 -10 50 119 118 197-1 -1 -1 -1000 -1000 -1000 -10 -0.984817
Pedestrian -1 -1 -10 378 29 432 129-1 -1 -1 -1000 -1000 -1000 -10 -0.986047
Pedestrian -1 -1 -10 75 149 148 232-1 -1 -1 -1000 -1000 -1000 -10 -0.989398
