Pedestrian -1 -1 -10 612 92 663 234-1 -1 -1 -1000 -1000 -1000 -10 0.199848
Pedestrian -1 -1 -10 577 321 632 375-1 -1 -1 -1000 -1000 -1000 -10 -0.667917
Pedestrian -1 -1 -10 678 172 711 265-1 -1 -1 -1000 -1000 -1000 -10 -0.837433
Pedestrian -1 -1 -10 137 289 192 352-1 -1 -1 -1000 -1000 -1000 -10 -0.847974
Pedestrian -1 -1 -10 129 1 352 256-1 -1 -1 -1000 -1000 -1000 -10 -0.851123
Pedestrian -1 -1 -10 433 137 464 224-1 -1 -1 -1000 -1000 -1000 -10 -0.940856
Pedestrian -1 -1 -10 1 57 48 144-1 -1 -1 -1000 -1000 -1000 -10 -0.953289
Pedestrian -1 -1 -10 489 57 572 209-1 -1 -1 -1000 -1000 -1000 -10 -0.977368
Pedestrian -1 -1 -10 79 1 130 143-1 -1 -1 -1000 -1000 -1000 -10 -0.983933
Pedestrian -1 -1 -10 608 286 662 375-1 -1 -1 -1000 -1000 -1000 -10 -0.996326
