Pedestrian -1 -1 -10 583 159 631 291-1 -1 -1 -1000 -1000 -1000 -10 1.77384
Pedestrian -1 -1 -10 523 159 561 266-1 -1 -1 -1000 -1000 -1000 -10 1.14649
Pedestrian -1 -1 -10 621 168 659 275-1 -1 -1 -1000 -1000 -1000 -10 0.606014
Pedestrian -1 -1 -10 781 157 832 299-1 -1 -1 -1000 -1000 -1000 -10 0.442894
Pedestrian -1 -1 -10 444 149 485 264-1 -1 -1 -1000 -1000 -1000 -10 0.247667
Pedestrian -1 -1 -10 470 157 506 257-1 -1 -1 -1000 -1000 -1000 -10 0.0914717
Pedestrian -1 -1 -10 599 27 702 312-1 -1 -1 -1000 -1000 -1000 -10 -0.0437946
Pedestrian -1 -1 -10 1076 1 1120 124-1 -1 -1 -1000 -1000 -1000 -10 -0.224939
Pedestrian -1 -1 -10 523 135 626 253-1 -1 -1 -1000 -1000 -1000 -10 -0.357661
Pedestrian -1 -1 -10 993 137 1024 224-1 -1 -1 -1000 -1000 -1000 -10 -0.628539
Pedestrian -1 -1 -10 482 144 559 286-1 -1 -1 -1000 -1000 -1000 -10 -0.693246
Pedestrian -1 -1 -10 816 159 860 282-1 -1 -1 -1000 -1000 -1000 -10 -0.730418
Pedestrian -1 -1 -10 761 149 887 370-1 -1 -1 -1000 -1000 -1000 -10 -0.761214
Pedestrian -1 -1 -10 905 121 936 208-1 -1 -1 -1000 -1000 -1000 -10 -0.776365
Pedestrian -1 -1 -10 807 76 896 239-1 -1 -1 -1000 -1000 -1000 -10 -0.831804
Pedestrian -1 -1 -10 736 19 799 92-1 -1 -1 -1000 -1000 -1000 -10 -0.848153
Pedestrian -1 -1 -10 545 33 672 370-1 -1 -1 -1000 -1000 -1000 -10 -0.89975
Pedestrian -1 -1 -10 651 1 754 286-1 -1 -1 -1000 -1000 -1000 -10 -0.901204
Pedestrian -1 -1 -10 447 87 515 275-1 -1 -1 -1000 -1000 -1000 -10 -0.903419
Pedestrian -1 -1 -10 1033 105 1064 192-1 -1 -1 -1000 -1000 -1000 -10 -0.928593
Pedestrian -1 -1 -10 589 1 769 370-1 -1 -1 -1000 -1000 -1000 -10 -0.930898
Pedestrian -1 -1 -10 977 97 1088 224-1 -1 -1 -1000 -1000 -1000 -10 -0.949289
