Pedestrian -1 -1 -10 1085 102 1121 202-1 -1 -1 -1000 -1000 -1000 -10 -0.575355
Pedestrian -1 -1 -10 561 89 608 176-1 -1 -1 -1000 -1000 -1000 -10 -0.735104
Pedestrian -1 -1 -10 677 1 718 116-1 -1 -1 -1000 -1000 -1000 -10 -0.769423
Pedestrian -1 -1 -10 524 138 583 206-1 -1 -1 -1000 -1000 -1000 -10 -0.782395
Pedestrian -1 -1 -10 498 130 548 223-1 -1 -1 -1000 -1000 -1000 -10 -0.797793
Pedestrian -1 -1 -10 1064 1 1132 189-1 -1 -1 -1000 -1000 -1000 -10 -0.814651
Pedestrian -1 -1 -10 592 117 654 232-1 -1 -1 -1000 -1000 -1000 -10 -0.818044
Pedestrian -1 -1 -10 1 150 90 313-1 -1 -1 -1000 -1000 -1000 -10 -0.908835
Pedestrian -1 -1 -10 313 65 367 165-1 -1 -1 -1000 -1000 -1000 -10 -0.936938
Pedestrian -1 -1 -10 1004 1 1238 374-1 -1 -1 -1000 -1000 -1000 -10 -0.946039
Pedestrian -1 -1 -10 401 105 432 192-1 -1 -1 -1000 -1000 -1000 -10 -0.962762
Pedestrian -1 -1 -10 258 65 312 165-1 -1 -1 -1000 -1000 -1000 -10 -0.971206
