Pedestrian -1 -1 -10 377 154 432 306-1 -1 -1 -1000 -1000 -1000 -10 1.77442
Pedestrian -1 -1 -10 543 267 601 370-1 -1 -1 -1000 -1000 -1000 -10 -0.229441
Pedestrian -1 -1 -10 1 78 34 171-1 -1 -1 -1000 -1000 -1000 -10 -0.533737
Pedestrian -1 -1 -10 207 112 240 205-1 -1 -1 -1000 -1000 -1000 -10 -0.63364
Pedestrian -1 -1 -10 346 168 384 275-1 -1 -1 -1000 -1000 -1000 -10 -0.64137
Pedestrian -1 -1 -10 489 307 586 370-1 -1 -1 -1000 -1000 -1000 -10 -0.739192
Pedestrian -1 -1 -10 304 195 388 291-1 -1 -1 -1000 -1000 -1000 -10 -0.774498
Pedestrian -1 -1 -10 1073 164 1132 232-1 -1 -1 -1000 -1000 -1000 -10 -0.839911
Pedestrian -1 -1 -10 845 1 918 84-1 -1 -1 -1000 -1000 -1000 -10 -0.861495
Pedestrian -1 -1 -10 408 205 565 370-1 -1 -1 -1000 -1000 -1000 -10 -0.864801
Pedestrian -1 -1 -10 344 105 433 268-1 -1 -1 -1000 -1000 -1000 -10 -0.864816
Pedestrian -1 -1 -10 709 120 763 220-1 -1 -1 -1000 -1000 -1000 -10 -0.883072
Pedestrian -1 -1 -10 121 10 154 103-1 -1 -1 -1000 -1000 -1000 -10 -0.94365
Pedestrian -1 -1 -10 1157 1 1212 153-1 -1 -1 -1000 -1000 -1000 -10 -0.961688
Pedestrian -1 -1 -10 195 105 254 268-1 -1 -1 -1000 -1000 -1000 -10 -0.965916
Pedestrian -1 -1 -10 1 62 73 194-1 -1 -1 -1000 -1000 -1000 -10 -0.973248
Pedestrian -1 -1 -10 1013 155 1081 343-1 -1 -1 -1000 -1000 -1000 -10 -0.987574
Pedestrian -1 -1 -10 153 89 200 176-1 -1 -1 -1000 -1000 -1000 -10 -0.999149
