Pedestrian -1 -1 -10 255 31 314 194-1 -1 -1 -1000 -1000 -1000 -10 -0.0595927
Pedestrian -1 -1 -10 906 1 996 249-1 -1 -1 -1000 -1000 -1000 -10 -0.162255
Pedestrian -1 -1 -10 465 107 538 190-1 -1 -1 -1000 -1000 -1000 -10 -0.362898
Pedestrian -1 -1 -10 529 85 570 200-1 -1 -1 -1000 -1000 -1000 -10 -0.434675
Pedestrian -1 -1 -10 424 84 460 184-1 -1 -1 -1000 -1000 -1000 -10 -0.465252
Pedestrian -1 -1 -10 759 58 803 181-1 -1 -1 -1000 -1000 -1000 -10 -0.481546
Pedestrian -1 -1 -10 1080 27 1131 169-1 -1 -1 -1000 -1000 -1000 -10 -0.490484
Pedestrian -1 -1 -10 789 40 827 147-1 -1 -1 -1000 -1000 -1000 -10 -0.600286
Pedestrian -1 -1 -10 377 62 449 194-1 -1 -1 -1000 -1000 -1000 -10 -0.612784
Pedestrian -1 -1 -10 1119 27 1170 169-1 -1 -1 -1000 -1000 -1000 -10 -0.627094
Pedestrian -1 -1 -10 777 31 836 194-1 -1 -1 -1000 -1000 -1000 -10 -0.723528
Pedestrian -1 -1 -10 210 43 265 195-1 -1 -1 -1000 -1000 -1000 -10 -0.819534
Pedestrian -1 -1 -10 454 92 770 375-1 -1 -1 -1000 -1000 -1000 -10 -0.910698
Pedestrian -1 -1 -10 1030 1 1132 189-1 -1 -1 -1000 -1000 -1000 -10 -0.91918
Pedestrian -1 -1 -10 856 65 919 138-1 -1 -1 -1000 -1000 -1000 -10 -0.947187
Pedestrian -1 -1 -10 207 18 309 206-1 -1 -1 -1000 -1000 -1000 -10 -0.95207
Pedestrian -1 -1 -10 313 130 376 203-1 -1 -1 -1000 -1000 -1000 -10 -0.9745
Pedestrian -1 -1 -10 632 50 971 375-1 -1 -1 -1000 -1000 -1000 -10 -0.976687
