Pedestrian -1 -1 -10 690 99 768 315-1 -1 -1 -1000 -1000 -1000 -10 -0.269278
Pedestrian -1 -1 -10 764 155 797 248-1 -1 -1 -1000 -1000 -1000 -10 -0.485588
Pedestrian -1 -1 -10 349 159 390 274-1 -1 -1 -1000 -1000 -1000 -10 -0.561224
Pedestrian -1 -1 -10 387 224 446 292-1 -1 -1 -1000 -1000 -1000 -10 -0.645761
Pedestrian -1 -1 -10 494 300 597 370-1 -1 -1 -1000 -1000 -1000 -10 -0.740863
Pedestrian -1 -1 -10 305 105 360 168-1 -1 -1 -1000 -1000 -1000 -10 -0.780078
Pedestrian -1 -1 -10 443 1 546 286-1 -1 -1 -1000 -1000 -1000 -10 -0.799911
Pedestrian -1 -1 -10 985 216 1029 339-1 -1 -1 -1000 -1000 -1000 -10 -0.818923
Pedestrian -1 -1 -10 580 267 634 367-1 -1 -1 -1000 -1000 -1000 -10 -0.845264
Pedestrian -1 -1 -10 273 121 328 184-1 -1 -1 -1000 -1000 -1000 -10 -0.867352
Pedestrian -1 -1 -10 287 168 325 275-1 -1 -1 -1000 -1000 -1000 -10 -0.886635
Pedestrian -1 -1 -10 1150 130 1204 230-1 -1 -1 -1000 -1000 -1000 -10 -0.905144
Pedestrian -1 -1 -10 161 89 208 176-1 -1 -1 -1000 -1000 -1000 -10 -0.982059
Pedestrian -1 -1 -10 823 99 906 251-1 -1 -1 -1000 -1000 -1000 -10 -0.993905
