Pedestrian -1 -1 -10 307 54 348 169-1 -1 -1 -1000 -1000 -1000 -10 -0.42526
Pedestrian -1 -1 -10 46 46 136 294-1 -1 -1 -1000 -1000 -1000 -10 -0.439723
Pedestrian -1 -1 -10 248 27 325 169-1 -1 -1 -1000 -1000 -1000 -10 -0.568508
Pedestrian -1 -1 -10 755 53 806 195-1 -1 -1 -1000 -1000 -1000 -10 -0.598521
Pedestrian -1 -1 -10 633 1 680 88-1 -1 -1 -1000 -1000 -1000 -10 -0.788627
Pedestrian -1 -1 -10 583 86 667 182-1 -1 -1 -1000 -1000 -1000 -10 -0.802113
Pedestrian -1 -1 -10 40 1 197 375-1 -1 -1 -1000 -1000 -1000 -10 -0.806852
Pedestrian -1 -1 -10 936 18 986 111-1 -1 -1 -1000 -1000 -1000 -10 -0.85297
Pedestrian -1 -1 -10 670 85 767 195-1 -1 -1 -1000 -1000 -1000 -10 -0.866998
Pedestrian -1 -1 -10 628 31 687 194-1 -1 -1 -1000 -1000 -1000 -10 -0.910864
Pedestrian -1 -1 -10 451 84 487 184-1 -1 -1 -1000 -1000 -1000 -10 -0.928367
Pedestrian -1 -1 -10 222 38 295 239-1 -1 -1 -1000 -1000 -1000 -10 -0.929244
Pedestrian -1 -1 -10 841 130 900 198-1 -1 -1 -1000 -1000 -1000 -10 -0.934331
Pedestrian -1 -1 -10 892 130 955 203-1 -1 -1 -1000 -1000 -1000 -10 -0.946012
Pedestrian -1 -1 -10 1203 21 1241 128-1 -1 -1 -1000 -1000 -1000 -10 -0.954703
Pedestrian -1 -1 -10 893 52 926 145-1 -1 -1 -1000 -1000 -1000 -10 -0.956954
Pedestrian -1 -1 -10 824 1 943 137-1 -1 -1 -1000 -1000 -1000 -10 -0.965441
Pedestrian -1 -1 -10 377 15 432 167-1 -1 -1 -1000 -1000 -1000 -10 -0.968088
Pedestrian -1 -1 -10 978 44 1037 112-1 -1 -1 -1000 -1000 -1000 -10 -0.973885
Pedestrian -1 -1 -10 818 90 876 197-1 -1 -1 -1000 -1000 -1000 -10 -0.996935
