Pedestrian -1 -1 -10 80 35 124 158-1 -1 -1 -1000 -1000 -1000 -10 -0.287529
Pedestrian -1 -1 -10 1155 46 1242 294-1 -1 -1 -1000 -1000 -1000 -10 -0.321885
Pedestrian -1 -1 -10 1 27 104 312-1 -1 -1 -1000 -1000 -1000 -10 -0.555648
Pedestrian -1 -1 -10 1068 1 1242 375-1 -1 -1 -1000 -1000 -1000 -10 -0.581235
Pedestrian -1 -1 -10 1039 185 1075 285-1 -1 -1 -1000 -1000 -1000 -10 -0.619979
Pedestrian -1 -1 -10 898 122 970 254-1 -1 -1 -1000 -1000 -1000 -10 -0.661057
Pedestrian -1 -1 -10 730 70 788 177-1 -1 -1 -1000 -1000 -1000 -10 -0.671961
Pedestrian -1 -1 -10 118 196 169 338-1 -1 -1 -1000 -1000 -1000 -10 -0.673234
Pedestrian -1 -1 -10 378 87 446 275-1 -1 -1 -1000 -1000 -1000 -10 -0.716443
Pedestrian -1 -1 -10 976 99 1031 251-1 -1 -1 -1000 -1000 -1000 -10 -0.73751
Pedestrian -1 -1 -10 670 87 772 275-1 -1 -1 -1000 -1000 -1000 -10 -0.751373
Pedestrian -1 -1 -10 498 74 582 170-1 -1 -1 -1000 -1000 -1000 -10 -0.779321
Pedestrian -1 -1 -10 737 49 800 224-1 -1 -1 -1000 -1000 -1000 -10 -0.831769
Pedestrian -1 -1 -10 444 191 517 274-1 -1 -1 -1000 -1000 -1000 -10 -0.83931
Pedestrian -1 -1 -10 1033 273 1088 336-1 -1 -1 -1000 -1000 -1000 -10 -0.878086
Pedestrian -1 -1 -10 318 78 351 171-1 -1 -1 -1000 -1000 -1000 -10 -0.885345
Pedestrian -1 -1 -10 441 121 496 184-1 -1 -1 -1000 -1000 -1000 -10 -0.886747
Pedestrian -1 -1 -10 201 153 232 240-1 -1 -1 -1000 -1000 -1000 -10 -0.910525
Pedestrian -1 -1 -10 130 155 180 248-1 -1 -1 -1000 -1000 -1000 -10 -0.925518
Pedestrian -1 -1 -10 474 134 546 266-1 -1 -1 -1000 -1000 -1000 -10 -0.935812
