Pedestrian -1 -1 -10 117 75 179 190-1 -1 -1 -1000 -1000 -1000 -10 -0.599178
Pedestrian -1 -1 -10 837 99 892 251-1 -1 -1 -1000 -1000 -1000 -10 -0.643192
Pedestrian -1 -1 -10 873 81 904 168-1 -1 -1 -1000 -1000 -1000 -10 -0.689273
Pedestrian -1 -1 -10 27 112 77 205-1 -1 -1 -1000 -1000 -1000 -10 -0.698455
Pedestrian -1 -1 -10 809 89 856 176-1 -1 -1 -1000 -1000 -1000 -10 -0.791076
Pedestrian -1 -1 -10 745 41 776 128-1 -1 -1 -1000 -1000 -1000 -10 -0.826433
Pedestrian -1 -1 -10 361 147 420 215-1 -1 -1 -1000 -1000 -1000 -10 -0.82671
Pedestrian -1 -1 -10 17 1 80 176-1 -1 -1 -1000 -1000 -1000 -10 -0.864285
Pedestrian -1 -1 -10 582 99 620 206-1 -1 -1 -1000 -1000 -1000 -10 -0.864395
Pedestrian -1 -1 -10 738 95 771 188-1 -1 -1 -1000 -1000 -1000 -10 -0.88894
Pedestrian -1 -1 -10 171 62 219 194-1 -1 -1 -1000 -1000 -1000 -10 -0.934496
Pedestrian -1 -1 -10 297 149 370 232-1 -1 -1 -1000 -1000 -1000 -10 -0.937924
Pedestrian -1 -1 -10 750 1 812 116-1 -1 -1 -1000 -1000 -1000 -10 -0.962027
Pedestrian -1 -1 -10 46 137 124 227-1 -1 -1 -1000 -1000 -1000 -10 -0.969149
Pedestrian -1 -1 -10 745 201 800 264-1 -1 -1 -1000 -1000 -1000 -10 -0.972255
