Pedestrian -1 -1 -10 737 161 768 248-1 -1 -1 -1000 -1000 -1000 -10 2.28695
Pedestrian -1 -1 -10 777 161 808 248-1 -1 -1 -1000 -1000 -1000 -10 1.99683
Pedestrian -1 -1 -10 352 170 403 312-1 -1 -1 -1000 -1000 -1000 -10 0.870157
Pedestrian -1 -1 -10 389 183 437 315-1 -1 -1 -1000 -1000 -1000 -10 0.558472
Pedestrian -1 -1 -10 321 169 352 256-1 -1 -1 -1000 -1000 -1000 -10 0.461784
Pedestrian -1 -1 -10 901 250 934 343-1 -1 -1 -1000 -1000 -1000 -10 -0.0790281
Pedestrian -1 -1 -10 457 49 488 136-1 -1 -1 -1000 -1000 -1000 -10 -0.401978
Pedestrian -1 -1 -10 884 104 934 197-1 -1 -1 -1000 -1000 -1000 -10 -0.516774
Pedestrian -1 -1 -10 885 157 936 299-1 -1 -1 -1000 -1000 -1000 -10 -0.575959
Pedestrian -1 -1 -10 119 109 157 216-1 -1 -1 -1000 -1000 -1000 -10 -0.599058
Pedestrian -1 -1 -10 666 107 707 222-1 -1 -1 -1000 -1000 -1000 -10 -0.599444
Pedestrian -1 -1 -10 874 240 928 340-1 -1 -1 -1000 -1000 -1000 -10 -0.657778
Pedestrian -1 -1 -10 850 50 922 182-1 -1 -1 -1000 -1000 -1000 -10 -0.736383
Pedestrian -1 -1 -10 809 57 864 209-1 -1 -1 -1000 -1000 -1000 -10 -0.768602
Pedestrian -1 -1 -10 525 93 561 193-1 -1 -1 -1000 -1000 -1000 -10 -0.806491
Pedestrian -1 -1 -10 378 155 446 343-1 -1 -1 -1000 -1000 -1000 -10 -0.832753
Pedestrian -1 -1 -10 490 87 540 180-1 -1 -1 -1000 -1000 -1000 -10 -0.846771
Pedestrian -1 -1 -10 765 147 813 279-1 -1 -1 -1000 -1000 -1000 -10 -0.856045
Pedestrian -1 -1 -10 598 46 657 209-1 -1 -1 -1000 -1000 -1000 -10 -0.86857
Pedestrian -1 -1 -10 773 1 806 94-1 -1 -1 -1000 -1000 -1000 -10 -0.881984
Pedestrian -1 -1 -10 420 80 464 203-1 -1 -1 -1000 -1000 -1000 -10 -0.94523
Pedestrian -1 -1 -10 732 91 791 254-1 -1 -1 -1000 -1000 -1000 -10 -0.956831
Pedestrian -1 -1 -10 765 1 813 133-1 -1 -1 -1000 -1000 -1000 -10 -0.958562
