Pedestrian -1 -1 -10 924 1 975 143-1 -1 -1 -1000 -1000 -1000 -10 -0.355209
Pedestrian -1 -1 -10 646 92 713 215-1 -1 -1 -1000 -1000 -1000 -10 -0.557755
Pedestrian -1 -1 -10 986 139 1024 246-1 -1 -1 -1000 -1000 -1000 -10 -0.714756
Pedestrian -1 -1 -10 27 172 77 265-1 -1 -1 -1000 -1000 -1000 -10 -0.739123
Pedestrian -1 -1 -10 128 1 190 116-1 -1 -1 -1000 -1000 -1000 -10 -0.793057
Pedestrian -1 -1 -10 961 89 1008 176-1 -1 -1 -1000 -1000 -1000 -10 -0.799316
Pedestrian -1 -1 -10 79 144 130 286-1 -1 -1 -1000 -1000 -1000 -10 -0.8102
Pedestrian -1 -1 -10 16 76 75 239-1 -1 -1 -1000 -1000 -1000 -10 -0.827371
Pedestrian -1 -1 -10 602 139 670 217-1 -1 -1 -1000 -1000 -1000 -10 -0.827596
Pedestrian -1 -1 -10 449 49 504 112-1 -1 -1 -1000 -1000 -1000 -10 -0.830216
Pedestrian -1 -1 -10 13 1 61 133-1 -1 -1 -1000 -1000 -1000 -10 -0.870959
Pedestrian -1 -1 -10 93 75 166 276-1 -1 -1 -1000 -1000 -1000 -10 -0.879005
Pedestrian -1 -1 -10 918 147 968 240-1 -1 -1 -1000 -1000 -1000 -10 -0.894871
Pedestrian -1 -1 -10 1121 129 1216 304-1 -1 -1 -1000 -1000 -1000 -10 -0.912268
Pedestrian -1 -1 -10 73 41 128 104-1 -1 -1 -1000 -1000 -1000 -10 -0.919988
Pedestrian -1 -1 -10 907 90 965 197-1 -1 -1 -1000 -1000 -1000 -10 -0.924281
Pedestrian -1 -1 -10 208 149 276 227-1 -1 -1 -1000 -1000 -1000 -10 -0.927862
Pedestrian -1 -1 -10 438 164 497 232-1 -1 -1 -1000 -1000 -1000 -10 -0.948456
Pedestrian -1 -1 -10 359 93 395 193-1 -1 -1 -1000 -1000 -1000 -10 -0.950455
Pedestrian -1 -1 -10 893 27 926 120-1 -1 -1 -1000 -1000 -1000 -10 -0.974596
Pedestrian -1 -1 -10 852 225 941 375-1 -1 -1 -1000 -1000 -1000 -10 -0.97547
Pedestrian -1 -1 -10 404 157 494 260-1 -1 -1 -1000 -1000 -1000 -10 -0.98032
Pedestrian -1 -1 -10 993 138 1055 253-1 -1 -1 -1000 -1000 -1000 -10 -0.985663
