Pedestrian -1 -1 -10 819 111 873 211-1 -1 -1 -1000 -1000 -1000 -10 -0.117763
Pedestrian -1 -1 -10 268 134 316 266-1 -1 -1 -1000 -1000 -1000 -10 -0.323855
Pedestrian -1 -1 -10 1197 66 1242 208-1 -1 -1 -1000 -1000 -1000 -10 -0.34646
Pedestrian -1 -1 -10 1004 99 1087 251-1 -1 -1 -1000 -1000 -1000 -10 -0.465757
Pedestrian -1 -1 -10 935 110 983 242-1 -1 -1 -1000 -1000 -1000 -10 -0.550009
Pedestrian -1 -1 -10 1186 19 1240 119-1 -1 -1 -1000 -1000 -1000 -10 -0.577241
Pedestrian -1 -1 -10 361 129 392 216-1 -1 -1 -1000 -1000 -1000 -10 -0.763027
Pedestrian -1 -1 -10 1 139 64 212-1 -1 -1 -1000 -1000 -1000 -10 -0.768431
Pedestrian -1 -1 -10 327 138 377 231-1 -1 -1 -1000 -1000 -1000 -10 -0.785115
Pedestrian -1 -1 -10 898 105 975 247-1 -1 -1 -1000 -1000 -1000 -10 -0.824824
Pedestrian -1 -1 -10 361 87 411 180-1 -1 -1 -1000 -1000 -1000 -10 -0.844404
Pedestrian -1 -1 -10 336 1 414 217-1 -1 -1 -1000 -1000 -1000 -10 -0.878148
Pedestrian -1 -1 -10 1159 166 1242 312-1 -1 -1 -1000 -1000 -1000 -10 -0.960963
Pedestrian -1 -1 -10 461 266 544 375-1 -1 -1 -1000 -1000 -1000 -10 -0.968156
Pedestrian -1 -1 -10 194 65 230 165-1 -1 -1 -1000 -1000 -1000 -10 -0.970757
Pedestrian -1 -1 -10 1 1 60 164-1 -1 -1 -1000 -1000 -1000 -10 -0.993063
