Pedestrian -1 -1 -10 534 1 607 202-1 -1 -1 -1000 -1000 -1000 -10 -0.440414
Pedestrian -1 -1 -10 50 37 134 133-1 -1 -1 -1000 -1000 -1000 -10 -0.533672
Pedestrian -1 -1 -10 585 297 632 375-1 -1 -1 -1000 -1000 -1000 -10 -0.590997
Pedestrian -1 -1 -10 341 286 395 375-1 -1 -1 -1000 -1000 -1000 -10 -0.686041
Pedestrian -1 -1 -10 534 286 588 375-1 -1 -1 -1000 -1000 -1000 -10 -0.690295
Pedestrian -1 -1 -10 128 85 423 375-1 -1 -1 -1000 -1000 -1000 -10 -0.692024
Pedestrian -1 -1 -10 404 52 454 145-1 -1 -1 -1000 -1000 -1000 -10 -0.73758
Pedestrian -1 -1 -10 1204 1 1242 232-1 -1 -1 -1000 -1000 -1000 -10 -0.781849
Pedestrian -1 -1 -10 700 70 758 177-1 -1 -1 -1000 -1000 -1000 -10 -0.800759
Pedestrian -1 -1 -10 888 107 950 222-1 -1 -1 -1000 -1000 -1000 -10 -0.817402
Pedestrian -1 -1 -10 9 65 40 152-1 -1 -1 -1000 -1000 -1000 -10 -0.899154
Pedestrian -1 -1 -10 828 111 882 211-1 -1 -1 -1000 -1000 -1000 -10 -0.906502
Pedestrian -1 -1 -10 1106 92 1183 234-1 -1 -1 -1000 -1000 -1000 -10 -0.920441
Pedestrian -1 -1 -10 644 74 728 170-1 -1 -1 -1000 -1000 -1000 -10 -0.922363
Pedestrian -1 -1 -10 948 280 1045 375-1 -1 -1 -1000 -1000 -1000 -10 -0.98215
Pedestrian -1 -1 -10 470 313 533 375-1 -1 -1 -1000 -1000 -1000 -10 -0.993158
Pedestrian -1 -1 -10 824 64 950 295-1 -1 -1 -1000 -1000 -1000 -10 -0.993886
