Pedestrian -1 -1 -10 1 202 42 317-1 -1 -1 -1000 -1000 -1000 -10 -0.509842
Pedestrian -1 -1 -10 149 43 190 158-1 -1 -1 -1000 -1000 -1000 -10 -0.559205
Pedestrian -1 -1 -10 120 105 179 268-1 -1 -1 -1000 -1000 -1000 -10 -0.637337
Pedestrian -1 -1 -10 948 1 984 101-1 -1 -1 -1000 -1000 -1000 -10 -0.638387
Pedestrian -1 -1 -10 95 44 154 112-1 -1 -1 -1000 -1000 -1000 -10 -0.669405
Pedestrian -1 -1 -10 985 97 1016 184-1 -1 -1 -1000 -1000 -1000 -10 -0.782778
Pedestrian -1 -1 -10 945 97 976 184-1 -1 -1 -1000 -1000 -1000 -10 -0.78304
Pedestrian -1 -1 -10 40 31 98 138-1 -1 -1 -1000 -1000 -1000 -10 -0.796027
Pedestrian -1 -1 -10 798 112 857 180-1 -1 -1 -1000 -1000 -1000 -10 -0.825451
Pedestrian -1 -1 -10 222 313 285 375-1 -1 -1 -1000 -1000 -1000 -10 -0.825653
Pedestrian -1 -1 -10 837 84 873 184-1 -1 -1 -1000 -1000 -1000 -10 -0.833917
Pedestrian -1 -1 -10 677 75 739 190-1 -1 -1 -1000 -1000 -1000 -10 -0.842628
Pedestrian -1 -1 -10 913 89 960 176-1 -1 -1 -1000 -1000 -1000 -10 -0.857671
Pedestrian -1 -1 -10 289 89 320 176-1 -1 -1 -1000 -1000 -1000 -10 -0.882858
Pedestrian -1 -1 -10 313 47 349 147-1 -1 -1 -1000 -1000 -1000 -10 -0.926001
Pedestrian -1 -1 -10 1 50 39 157-1 -1 -1 -1000 -1000 -1000 -10 -0.928714
Pedestrian -1 -1 -10 79 40 130 182-1 -1 -1 -1000 -1000 -1000 -10 -0.955279
Pedestrian -1 -1 -10 498 112 557 180-1 -1 -1 -1000 -1000 -1000 -10 -0.958319
Pedestrian -1 -1 -10 50 139 88 246-1 -1 -1 -1000 -1000 -1000 -10 -0.98516
