Pedestrian -1 -1 -10 989 53 1040 195-1 -1 -1 -1000 -1000 -1000 -10 -0.569401
Pedestrian -1 -1 -10 1214 122 1242 254-1 -1 -1 -1000 -1000 -1000 -10 -0.610594
Pedestrian -1 -1 -10 1162 1 1242 232-1 -1 -1 -1000 -1000 -1000 -10 -0.645887
Pedestrian -1 -1 -10 800 84 836 184-1 -1 -1 -1000 -1000 -1000 -10 -0.736133
Pedestrian -1 -1 -10 1133 52 1166 145-1 -1 -1 -1000 -1000 -1000 -10 -0.774392
Pedestrian -1 -1 -10 1124 95 1157 188-1 -1 -1 -1000 -1000 -1000 -10 -0.785778
Pedestrian -1 -1 -10 897 159 955 266-1 -1 -1 -1000 -1000 -1000 -10 -0.789767
Pedestrian -1 -1 -10 845 85 886 200-1 -1 -1 -1000 -1000 -1000 -10 -0.859497
Pedestrian -1 -1 -10 756 95 806 188-1 -1 -1 -1000 -1000 -1000 -10 -0.867264
Pedestrian -1 -1 -10 777 41 824 128-1 -1 -1 -1000 -1000 -1000 -10 -0.89305
Pedestrian -1 -1 -10 215 61 248 154-1 -1 -1 -1000 -1000 -1000 -10 -0.919647
Pedestrian -1 -1 -10 1017 137 1072 200-1 -1 -1 -1000 -1000 -1000 -10 -0.94436
Pedestrian -1 -1 -10 195 25 243 157-1 -1 -1 -1000 -1000 -1000 -10 -0.964576
