Pedestrian -1 -1 -10 401 9 448 96-1 -1 -1 -1000 -1000 -1000 -10 -0.184165
Pedestrian -1 -1 -10 62 256 134 375-1 -1 -1 -1000 -1000 -1000 -10 -0.362986
Pedestrian -1 -1 -10 1197 14 1242 156-1 -1 -1 -1000 -1000 -1000 -10 -0.444882
Pedestrian -1 -1 -10 673 61 762 224-1 -1 -1 -1000 -1000 -1000 -10 -0.536635
Pedestrian -1 -1 -10 438 35 471 128-1 -1 -1 -1000 -1000 -1000 -10 -0.554856
Pedestrian -1 -1 -10 41 17 72 104-1 -1 -1 -1000 -1000 -1000 -10 -0.682469
Pedestrian -1 -1 -10 1041 9 1088 96-1 -1 -1 -1000 -1000 -1000 -10 -0.775981
Pedestrian -1 -1 -10 1025 209 1120 375-1 -1 -1 -1000 -1000 -1000 -10 -0.793025
Pedestrian -1 -1 -10 1 1 56 64-1 -1 -1 -1000 -1000 -1000 -10 -0.808678
Pedestrian -1 -1 -10 1 31 69 109-1 -1 -1 -1000 -1000 -1000 -10 -0.839869
Pedestrian -1 -1 -10 393 49 440 136-1 -1 -1 -1000 -1000 -1000 -10 -0.855064
Pedestrian -1 -1 -10 318 104 351 197-1 -1 -1 -1000 -1000 -1000 -10 -0.855476
Pedestrian -1 -1 -10 18 275 77 343-1 -1 -1 -1000 -1000 -1000 -10 -0.86549
Pedestrian -1 -1 -10 203 75 331 221-1 -1 -1 -1000 -1000 -1000 -10 -0.875931
Pedestrian -1 -1 -10 800 157 836 257-1 -1 -1 -1000 -1000 -1000 -10 -0.903684
Pedestrian -1 -1 -10 972 85 1013 200-1 -1 -1 -1000 -1000 -1000 -10 -0.936748
Pedestrian -1 -1 -10 578 103 622 226-1 -1 -1 -1000 -1000 -1000 -10 -0.938728
Pedestrian -1 -1 -10 425 1 493 79-1 -1 -1 -1000 -1000 -1000 -10 -0.947739
Pedestrian -1 -1 -10 35 35 171 375-1 -1 -1 -1000 -1000 -1000 -10 -0.951516
Pedestrian -1 -1 -10 1113 102 1167 202-1 -1 -1 -1000 -1000 -1000 -10 -0.957328
Pedestrian -1 -1 -10 139 1 207 79-1 -1 -1 -1000 -1000 -1000 -10 -0.980053
