Pedestrian -1 -1 -10 1104 159 1142 266-1 -1 -1 -1000 -1000 -1000 -10 -0.622325
Pedestrian -1 -1 -10 1141 180 1214 263-1 -1 -1 -1000 -1000 -1000 -10 -0.633645
Pedestrian -1 -1 -10 1098 121 1131 214-1 -1 -1 -1000 -1000 -1000 -10 -0.685598
Pedestrian -1 -1 -10 417 185 464 272-1 -1 -1 -1000 -1000 -1000 -10 -0.750818
Pedestrian -1 -1 -10 1049 1 1085 101-1 -1 -1 -1000 -1000 -1000 -10 -0.794782
Pedestrian -1 -1 -10 898 149 971 232-1 -1 -1 -1000 -1000 -1000 -10 -0.855522
Pedestrian -1 -1 -10 910 310 969 375-1 -1 -1 -1000 -1000 -1000 -10 -0.870584
Pedestrian -1 -1 -10 336 119 394 226-1 -1 -1 -1000 -1000 -1000 -10 -0.9131
Pedestrian -1 -1 -10 1105 321 1160 375-1 -1 -1 -1000 -1000 -1000 -10 -0.915279
Pedestrian -1 -1 -10 881 65 928 152-1 -1 -1 -1000 -1000 -1000 -10 -0.939669
Pedestrian -1 -1 -10 993 307 1066 375-1 -1 -1 -1000 -1000 -1000 -10 -0.965655
Pedestrian -1 -1 -10 244 117 317 200-1 -1 -1 -1000 -1000 -1000 -10 -0.97201
Pedestrian -1 -1 -10 828 277 882 375-1 -1 -1 -1000 -1000 -1000 -10 -0.991342
