Pedestrian -1 -1 -10 1021 130 1057 230-1 -1 -1 -1000 -1000 -1000 -10 -0.215097
Pedestrian -1 -1 -10 216 80 260 203-1 -1 -1 -1000 -1000 -1000 -10 -0.392198
Pedestrian -1 -1 -10 370 180 411 295-1 -1 -1 -1000 -1000 -1000 -10 -0.446051
Pedestrian -1 -1 -10 730 178 788 285-1 -1 -1 -1000 -1000 -1000 -10 -0.578732
Pedestrian -1 -1 -10 608 93 736 239-1 -1 -1 -1000 -1000 -1000 -10 -0.624019
Pedestrian -1 -1 -10 725 103 803 193-1 -1 -1 -1000 -1000 -1000 -10 -0.62492
Pedestrian -1 -1 -10 747 120 806 283-1 -1 -1 -1000 -1000 -1000 -10 -0.681116
Pedestrian -1 -1 -10 306 12 384 102-1 -1 -1 -1000 -1000 -1000 -10 -0.720881
Pedestrian -1 -1 -10 190 87 309 223-1 -1 -1 -1000 -1000 -1000 -10 -0.823744
Pedestrian -1 -1 -10 313 53 416 338-1 -1 -1 -1000 -1000 -1000 -10 -0.897569
Pedestrian -1 -1 -10 917 92 961 215-1 -1 -1 -1000 -1000 -1000 -10 -0.983701
Pedestrian -1 -1 -10 625 105 806 312-1 -1 -1 -1000 -1000 -1000 -10 -0.997364
