Pedestrian -1 -1 -10 464 76 523 239-1 -1 -1 -1000 -1000 -1000 -10 -0.168513
Pedestrian -1 -1 -10 87 112 120 205-1 -1 -1 -1000 -1000 -1000 -10 -0.250533
Pedestrian -1 -1 -10 286 56 322 156-1 -1 -1 -1000 -1000 -1000 -10 -0.331658
Pedestrian -1 -1 -10 978 104 1046 292-1 -1 -1 -1000 -1000 -1000 -10 -0.624964
Pedestrian -1 -1 -10 1203 149 1241 256-1 -1 -1 -1000 -1000 -1000 -10 -0.768178
Pedestrian -1 -1 -10 43 1 126 232-1 -1 -1 -1000 -1000 -1000 -10 -0.778828
Pedestrian -1 -1 -10 730 293 780 375-1 -1 -1 -1000 -1000 -1000 -10 -0.77901
Pedestrian -1 -1 -10 951 69 1086 317-1 -1 -1 -1000 -1000 -1000 -10 -0.800657
Pedestrian -1 -1 -10 518 85 591 168-1 -1 -1 -1000 -1000 -1000 -10 -0.822064
Pedestrian -1 -1 -10 1 49 32 136-1 -1 -1 -1000 -1000 -1000 -10 -0.88327
Pedestrian -1 -1 -10 850 130 883 223-1 -1 -1 -1000 -1000 -1000 -10 -0.92297
Pedestrian -1 -1 -10 1076 166 1139 239-1 -1 -1 -1000 -1000 -1000 -10 -0.941493
Pedestrian -1 -1 -10 305 49 368 224-1 -1 -1 -1000 -1000 -1000 -10 -0.941783
Pedestrian -1 -1 -10 601 89 648 176-1 -1 -1 -1000 -1000 -1000 -10 -0.970918
Pedestrian -1 -1 -10 957 111 1213 375-1 -1 -1 -1000 -1000 -1000 -10 -0.974058
Pedestrian -1 -1 -10 901 112 951 205-1 -1 -1 -1000 -1000 -1000 -10 -0.978555
Pedestrian -1 -1 -10 917 1 984 124-1 -1 -1 -1000 -1000 -1000 -10 -0.984499
