Pedestrian -1 -1 -10 341 65 377 165-1 -1 -1 -1000 -1000 -1000 -10 0.157627
Pedestrian -1 -1 -10 318 70 351 163-1 -1 -1 -1000 -1000 -1000 -10 -0.128738
Pedestrian -1 -1 -10 673 91 762 254-1 -1 -1 -1000 -1000 -1000 -10 -0.578176
Pedestrian -1 -1 -10 1 1 79 91-1 -1 -1 -1000 -1000 -1000 -10 -0.585621
Pedestrian -1 -1 -10 112 250 171 318-1 -1 -1 -1000 -1000 -1000 -10 -0.593124
Pedestrian -1 -1 -10 313 66 390 208-1 -1 -1 -1000 -1000 -1000 -10 -0.615206
Pedestrian -1 -1 -10 1 35 45 158-1 -1 -1 -1000 -1000 -1000 -10 -0.621529
Pedestrian -1 -1 -10 375 198 413 305-1 -1 -1 -1000 -1000 -1000 -10 -0.659404
Pedestrian -1 -1 -10 653 93 689 193-1 -1 -1 -1000 -1000 -1000 -10 -0.663349
Pedestrian -1 -1 -10 507 44 566 112-1 -1 -1 -1000 -1000 -1000 -10 -0.832648
Pedestrian -1 -1 -10 510 37 582 169-1 -1 -1 -1000 -1000 -1000 -10 -0.863221
Pedestrian -1 -1 -10 284 52 317 145-1 -1 -1 -1000 -1000 -1000 -10 -0.942259
Pedestrian -1 -1 -10 369 161 416 248-1 -1 -1 -1000 -1000 -1000 -10 -0.994754
