Pedestrian -1 -1 -10 378 131 429 273-1 -1 -1 -1000 -1000 -1000 -10 0.0184507
Pedestrian -1 -1 -10 1049 148 1122 349-1 -1 -1 -1000 -1000 -1000 -10 -0.34751
Pedestrian -1 -1 -10 70 155 120 248-1 -1 -1 -1000 -1000 -1000 -10 -0.515671
Pedestrian -1 -1 -10 610 104 660 197-1 -1 -1 -1000 -1000 -1000 -10 -0.622374
Pedestrian -1 -1 -10 1 241 32 328-1 -1 -1 -1000 -1000 -1000 -10 -0.647938
Pedestrian -1 -1 -10 1012 240 1075 313-1 -1 -1 -1000 -1000 -1000 -10 -0.666814
Pedestrian -1 -1 -10 1 169 32 256-1 -1 -1 -1000 -1000 -1000 -10 -0.676421
Pedestrian -1 -1 -10 1 138 69 326-1 -1 -1 -1000 -1000 -1000 -10 -0.688635
Pedestrian -1 -1 -10 1 1 111 306-1 -1 -1 -1000 -1000 -1000 -10 -0.694837
Pedestrian -1 -1 -10 361 201 392 288-1 -1 -1 -1000 -1000 -1000 -10 -0.791122
Pedestrian -1 -1 -10 1214 157 1238 257-1 -1 -1 -1000 -1000 -1000 -10 -0.79771
Pedestrian -1 -1 -10 1153 134 1201 266-1 -1 -1 -1000 -1000 -1000 -10 -0.806409
Pedestrian -1 -1 -10 800 203 854 303-1 -1 -1 -1000 -1000 -1000 -10 -0.91537
Pedestrian -1 -1 -10 233 138 274 253-1 -1 -1 -1000 -1000 -1000 -10 -0.93517
Pedestrian -1 -1 -10 529 128 602 211-1 -1 -1 -1000 -1000 -1000 -10 -0.939536
Pedestrian -1 -1 -10 258 147 308 240-1 -1 -1 -1000 -1000 -1000 -10 -0.969608
Pedestrian -1 -1 -10 593 153 624 240-1 -1 -1 -1000 -1000 -1000 -10 -0.971376
