Pedestrian -1 -1 -10 618 104 651 197-1 -1 -1 -1000 -1000 -1000 -10 -0.321308
Pedestrian -1 -1 -10 892 71 947 223-1 -1 -1 -1000 -1000 -1000 -10 -0.419
Pedestrian -1 -1 -10 772 75 813 190-1 -1 -1 -1000 -1000 -1000 -10 -0.459413
Pedestrian -1 -1 -10 976 40 1027 182-1 -1 -1 -1000 -1000 -1000 -10 -0.61453
Pedestrian -1 -1 -10 328 74 400 206-1 -1 -1 -1000 -1000 -1000 -10 -0.751093
Pedestrian -1 -1 -10 789 86 837 218-1 -1 -1 -1000 -1000 -1000 -10 -0.767575
Pedestrian -1 -1 -10 865 99 920 251-1 -1 -1 -1000 -1000 -1000 -10 -0.818738
Pedestrian -1 -1 -10 529 107 602 190-1 -1 -1 -1000 -1000 -1000 -10 -0.847566
Pedestrian -1 -1 -10 888 1 971 232-1 -1 -1 -1000 -1000 -1000 -10 -0.871092
Pedestrian -1 -1 -10 430 18 498 206-1 -1 -1 -1000 -1000 -1000 -10 -0.895653
Pedestrian -1 -1 -10 196 79 247 221-1 -1 -1 -1000 -1000 -1000 -10 -0.93117
Pedestrian -1 -1 -10 375 1 492 217-1 -1 -1 -1000 -1000 -1000 -10 -0.937661
Pedestrian -1 -1 -10 634 107 707 190-1 -1 -1 -1000 -1000 -1000 -10 -0.940138
Pedestrian -1 -1 -10 301 104 334 197-1 -1 -1 -1000 -1000 -1000 -10 -0.94659
Pedestrian -1 -1 -10 516 111 772 375-1 -1 -1 -1000 -1000 -1000 -10 -0.977984
