Pedestrian -1 -1 -10 1 10 34 103-1 -1 -1 -1000 -1000 -1000 -10 -0.24786
Pedestrian -1 -1 -10 1 76 60 239-1 -1 -1 -1000 -1000 -1000 -10 -0.592506
Pedestrian -1 -1 -10 513 31 571 138-1 -1 -1 -1000 -1000 -1000 -10 -0.641841
Pedestrian -1 -1 -10 318 61 351 154-1 -1 -1 -1000 -1000 -1000 -10 -0.684906
Pedestrian -1 -1 -10 868 306 936 375-1 -1 -1 -1000 -1000 -1000 -10 -0.694722
Pedestrian -1 -1 -10 1 217 32 304-1 -1 -1 -1000 -1000 -1000 -10 -0.714781
Pedestrian -1 -1 -10 1 203 74 375-1 -1 -1 -1000 -1000 -1000 -10 -0.753057
Pedestrian -1 -1 -10 533 104 566 197-1 -1 -1 -1000 -1000 -1000 -10 -0.767994
Pedestrian -1 -1 -10 1 1 111 306-1 -1 -1 -1000 -1000 -1000 -10 -0.821661
Pedestrian -1 -1 -10 552 102 615 175-1 -1 -1 -1000 -1000 -1000 -10 -0.823452
Pedestrian -1 -1 -10 959 62 1031 194-1 -1 -1 -1000 -1000 -1000 -10 -0.825161
Pedestrian -1 -1 -10 684 43 739 195-1 -1 -1 -1000 -1000 -1000 -10 -0.881167
Pedestrian -1 -1 -10 172 87 205 180-1 -1 -1 -1000 -1000 -1000 -10 -0.888462
Pedestrian -1 -1 -10 258 112 291 205-1 -1 -1 -1000 -1000 -1000 -10 -0.895355
Pedestrian -1 -1 -10 489 43 572 195-1 -1 -1 -1000 -1000 -1000 -10 -0.943412
Pedestrian -1 -1 -10 721 321 776 375-1 -1 -1 -1000 -1000 -1000 -10 -0.944356
Pedestrian -1 -1 -10 241 1 274 94-1 -1 -1 -1000 -1000 -1000 -10 -0.966763
