Pedestrian -1 -1 -10 1145 27 1242 312-1 -1 -1 -1000 -1000 -1000 -10 -0.149607
Pedestrian -1 -1 -10 1 61 119 375-1 -1 -1 -1000 -1000 -1000 -10 -0.311099
Pedestrian -1 -1 -10 131 196 182 338-1 -1 -1 -1000 -1000 -1000 -10 -0.560557
Pedestrian -1 -1 -10 339 212 486 375-1 -1 -1 -1000 -1000 -1000 -10 -0.613972
Pedestrian -1 -1 -10 76 180 165 343-1 -1 -1 -1000 -1000 -1000 -10 -0.735252
Pedestrian -1 -1 -10 523 50 581 157-1 -1 -1 -1000 -1000 -1000 -10 -0.745656
Pedestrian -1 -1 -10 1004 1 1054 94-1 -1 -1 -1000 -1000 -1000 -10 -0.806472
Pedestrian -1 -1 -10 131 66 221 169-1 -1 -1 -1000 -1000 -1000 -10 -0.813615
Pedestrian -1 -1 -10 677 105 754 247-1 -1 -1 -1000 -1000 -1000 -10 -0.838421
Pedestrian -1 -1 -10 1 1 221 375-1 -1 -1 -1000 -1000 -1000 -10 -0.841198
Pedestrian -1 -1 -10 370 1 420 94-1 -1 -1 -1000 -1000 -1000 -10 -0.846268
Pedestrian -1 -1 -10 644 112 694 205-1 -1 -1 -1000 -1000 -1000 -10 -0.860538
Pedestrian -1 -1 -10 1013 44 1063 137-1 -1 -1 -1000 -1000 -1000 -10 -0.877771
Pedestrian -1 -1 -10 515 130 548 223-1 -1 -1 -1000 -1000 -1000 -10 -0.897756
Pedestrian -1 -1 -10 961 1 1008 88-1 -1 -1 -1000 -1000 -1000 -10 -0.924985
Pedestrian -1 -1 -10 508 85 549 200-1 -1 -1 -1000 -1000 -1000 -10 -0.932462
Pedestrian -1 -1 -10 971 300 1074 375-1 -1 -1 -1000 -1000 -1000 -10 -0.954384
