Pedestrian -1 -1 -10 248 170 299 312-1 -1 -1 -1000 -1000 -1000 -10 0.367082
Pedestrian -1 -1 -10 159 159 237 370-1 -1 -1 -1000 -1000 -1000 -10 -0.126786
Pedestrian -1 -1 -10 281 145 312 232-1 -1 -1 -1000 -1000 -1000 -10 -0.304442
Pedestrian -1 -1 -10 1 24 45 147-1 -1 -1 -1000 -1000 -1000 -10 -0.506269
Pedestrian -1 -1 -10 361 138 394 231-1 -1 -1 -1000 -1000 -1000 -10 -0.589604
Pedestrian -1 -1 -10 828 1 906 217-1 -1 -1 -1000 -1000 -1000 -10 -0.608081
Pedestrian -1 -1 -10 476 80 543 203-1 -1 -1 -1000 -1000 -1000 -10 -0.643179
Pedestrian -1 -1 -10 902 75 975 276-1 -1 -1 -1000 -1000 -1000 -10 -0.667114
Pedestrian -1 -1 -10 369 209 464 370-1 -1 -1 -1000 -1000 -1000 -10 -0.700215
Pedestrian -1 -1 -10 1107 112 1140 205-1 -1 -1 -1000 -1000 -1000 -10 -0.758532
Pedestrian -1 -1 -10 465 149 612 317-1 -1 -1 -1000 -1000 -1000 -10 -0.760113
Pedestrian -1 -1 -10 1080 244 1152 370-1 -1 -1 -1000 -1000 -1000 -10 -0.771527
Pedestrian -1 -1 -10 454 92 498 215-1 -1 -1 -1000 -1000 -1000 -10 -0.794371
Pedestrian -1 -1 -10 191 64 274 295-1 -1 -1 -1000 -1000 -1000 -10 -0.816166
Pedestrian -1 -1 -10 1019 24 1063 147-1 -1 -1 -1000 -1000 -1000 -10 -0.826067
Pedestrian -1 -1 -10 562 84 616 184-1 -1 -1 -1000 -1000 -1000 -10 -0.834434
Pedestrian -1 -1 -10 157 105 312 370-1 -1 -1 -1000 -1000 -1000 -10 -0.842502
Pedestrian -1 -1 -10 753 15 808 167-1 -1 -1 -1000 -1000 -1000 -10 -0.854882
Pedestrian -1 -1 -10 318 46 634 370-1 -1 -1 -1000 -1000 -1000 -10 -0.855522
Pedestrian -1 -1 -10 996 1 1098 189-1 -1 -1 -1000 -1000 -1000 -10 -0.880983
Pedestrian -1 -1 -10 665 81 696 168-1 -1 -1 -1000 -1000 -1000 -10 -0.980688
Pedestrian -1 -1 -10 956 1 1074 328-1 -1 -1 -1000 -1000 -1000 -10 -0.986866
