Pedestrian -1 -1 -10 544 43 599 195-1 -1 -1 -1000 -1000 -1000 -10 0.00924492
Pedestrian -1 -1 -10 1046 43 1101 195-1 -1 -1 -1000 -1000 -1000 -10 -0.126236
Pedestrian -1 -1 -10 571 1 680 202-1 -1 -1 -1000 -1000 -1000 -10 -0.394216
Pedestrian -1 -1 -10 732 76 791 239-1 -1 -1 -1000 -1000 -1000 -10 -0.45935
Pedestrian -1 -1 -10 1009 49 1104 224-1 -1 -1 -1000 -1000 -1000 -10 -0.46334
Pedestrian -1 -1 -10 1203 99 1242 315-1 -1 -1 -1000 -1000 -1000 -10 -0.478926
Pedestrian -1 -1 -10 684 99 739 251-1 -1 -1 -1000 -1000 -1000 -10 -0.479621
Pedestrian -1 -1 -10 953 193 1008 256-1 -1 -1 -1000 -1000 -1000 -10 -0.608939
Pedestrian -1 -1 -10 975 75 1029 175-1 -1 -1 -1000 -1000 -1000 -10 -0.634276
Pedestrian -1 -1 -10 720 277 788 355-1 -1 -1 -1000 -1000 -1000 -10 -0.718942
Pedestrian -1 -1 -10 292 1 388 267-1 -1 -1 -1000 -1000 -1000 -10 -0.795901
Pedestrian -1 -1 -10 1150 120 1239 283-1 -1 -1 -1000 -1000 -1000 -10 -0.80865
Pedestrian -1 -1 -10 779 267 837 374-1 -1 -1 -1000 -1000 -1000 -10 -0.823985
Pedestrian -1 -1 -10 704 258 823 375-1 -1 -1 -1000 -1000 -1000 -10 -0.831078
Pedestrian -1 -1 -10 971 1 1116 267-1 -1 -1 -1000 -1000 -1000 -10 -0.847669
Pedestrian -1 -1 -10 18 1 86 189-1 -1 -1 -1000 -1000 -1000 -10 -0.859747
Pedestrian -1 -1 -10 81 249 136 312-1 -1 -1 -1000 -1000 -1000 -10 -0.934162
Pedestrian -1 -1 -10 741 37 813 169-1 -1 -1 -1000 -1000 -1000 -10 -0.973475
Pedestrian -1 -1 -10 920 295 983 368-1 -1 -1 -1000 -1000 -1000 -10 -0.985036
Pedestrian -1 -1 -10 661 1 720 69-1 -1 -1 -1000 -1000 -1000 -10 -0.986379
Pedestrian -1 -1 -10 385 113 416 200-1 -1 -1 -1000 -1000 -1000 -10 -0.987174
Pedestrian -1 -1 -10 415 84 451 184-1 -1 -1 -1000 -1000 -1000 -10 -0.997681
