Pedestrian -1 -1 -10 1200 46 1242 169-1 -1 -1 -1000 -1000 -1000 -10 -0.197
Pedestrian -1 -1 -10 872 114 916 237-1 -1 -1 -1000 -1000 -1000 -10 -0.548767
Pedestrian -1 -1 -10 438 130 497 198-1 -1 -1 -1000 -1000 -1000 -10 -0.585653
Pedestrian -1 -1 -10 1088 128 1161 211-1 -1 -1 -1000 -1000 -1000 -10 -0.613823
Pedestrian -1 -1 -10 305 121 336 208-1 -1 -1 -1000 -1000 -1000 -10 -0.68929
Pedestrian -1 -1 -10 194 222 257 295-1 -1 -1 -1000 -1000 -1000 -10 -0.73759
Pedestrian -1 -1 -10 801 89 832 176-1 -1 -1 -1000 -1000 -1000 -10 -0.761419
Pedestrian -1 -1 -10 837 93 873 193-1 -1 -1 -1000 -1000 -1000 -10 -0.802051
Pedestrian -1 -1 -10 927 78 960 171-1 -1 -1 -1000 -1000 -1000 -10 -0.937292
Pedestrian -1 -1 -10 1173 54 1214 169-1 -1 -1 -1000 -1000 -1000 -10 -0.953678
Pedestrian -1 -1 -10 809 112 892 264-1 -1 -1 -1000 -1000 -1000 -10 -0.956793
Pedestrian -1 -1 -10 1145 1 1242 286-1 -1 -1 -1000 -1000 -1000 -10 -0.957603
