Pedestrian -1 -1 -10 748 69 792 192-1 -1 -1 -1000 -1000 -1000 -10 -0.0755162
Pedestrian -1 -1 -10 883 19 956 220-1 -1 -1 -1000 -1000 -1000 -10 -0.347516
Pedestrian -1 -1 -10 742 196 819 338-1 -1 -1 -1000 -1000 -1000 -10 -0.628972
Pedestrian -1 -1 -10 442 92 486 215-1 -1 -1 -1000 -1000 -1000 -10 -0.644856
Pedestrian -1 -1 -10 1 148 37 248-1 -1 -1 -1000 -1000 -1000 -10 -0.673229
Pedestrian -1 -1 -10 704 74 752 206-1 -1 -1 -1000 -1000 -1000 -10 -0.693676
Pedestrian -1 -1 -10 558 138 591 231-1 -1 -1 -1000 -1000 -1000 -10 -0.71245
Pedestrian -1 -1 -10 545 105 576 192-1 -1 -1 -1000 -1000 -1000 -10 -0.718053
Pedestrian -1 -1 -10 1057 1 1184 352-1 -1 -1 -1000 -1000 -1000 -10 -0.721677
Pedestrian -1 -1 -10 901 293 951 375-1 -1 -1 -1000 -1000 -1000 -10 -0.723573
Pedestrian -1 -1 -10 267 1 303 101-1 -1 -1 -1000 -1000 -1000 -10 -0.736184
Pedestrian -1 -1 -10 447 1 836 375-1 -1 -1 -1000 -1000 -1000 -10 -0.762731
Pedestrian -1 -1 -10 1025 137 1056 224-1 -1 -1 -1000 -1000 -1000 -10 -0.778557
Pedestrian -1 -1 -10 1 70 51 163-1 -1 -1 -1000 -1000 -1000 -10 -0.817966
Pedestrian -1 -1 -10 239 46 283 169-1 -1 -1 -1000 -1000 -1000 -10 -0.833559
Pedestrian -1 -1 -10 363 80 407 203-1 -1 -1 -1000 -1000 -1000 -10 -0.901477
Pedestrian -1 -1 -10 892 1 1242 375-1 -1 -1 -1000 -1000 -1000 -10 -0.924913
Pedestrian -1 -1 -10 244 1 316 133-1 -1 -1 -1000 -1000 -1000 -10 -0.93979
Pedestrian -1 -1 -10 339 33 401 148-1 -1 -1 -1000 -1000 -1000 -10 -0.985004
Pedestrian -1 -1 -10 396 102 432 202-1 -1 -1 -1000 -1000 -1000 -10 -0.990101
Pedestrian -1 -1 -10 25 1 73 133-1 -1 -1 -1000 -1000 -1000 -10 -0.998875
