Pedestrian -1 -1 -10 1 61 60 224-1 -1 -1 -1000 -1000 -1000 -10 -0.136766
Pedestrian -1 -1 -10 329 76 388 239-1 -1 -1 -1000 -1000 -1000 -10 -0.384513
Pedestrian -1 -1 -10 1 1 91 249-1 -1 -1 -1000 -1000 -1000 -10 -0.62781
Pedestrian -1 -1 -10 120 10 174 110-1 -1 -1 -1000 -1000 -1000 -10 -0.718586
Pedestrian -1 -1 -10 454 24 498 147-1 -1 -1 -1000 -1000 -1000 -10 -0.723226
Pedestrian -1 -1 -10 572 119 630 226-1 -1 -1 -1000 -1000 -1000 -10 -0.825746
Pedestrian -1 -1 -10 281 97 328 184-1 -1 -1 -1000 -1000 -1000 -10 -0.844411
Pedestrian -1 -1 -10 96 22 158 137-1 -1 -1 -1000 -1000 -1000 -10 -0.912047
Pedestrian -1 -1 -10 257 90 295 197-1 -1 -1 -1000 -1000 -1000 -10 -0.937703
Pedestrian -1 -1 -10 455 104 505 197-1 -1 -1 -1000 -1000 -1000 -10 -0.975022
Pedestrian -1 -1 -10 261 79 338 221-1 -1 -1 -1000 -1000 -1000 -10 -0.996502
