Pedestrian -1 -1 -10 1180 1 1239 164-1 -1 -1 -1000 -1000 -1000 -10 0.103038
Pedestrian -1 -1 -10 128 1 211 232-1 -1 -1 -1000 -1000 -1000 -10 -0.403607
Pedestrian -1 -1 -10 1 1 111 306-1 -1 -1 -1000 -1000 -1000 -10 -0.522042
Pedestrian -1 -1 -10 1155 1 1242 249-1 -1 -1 -1000 -1000 -1000 -10 -0.66138
Pedestrian -1 -1 -10 809 177 840 264-1 -1 -1 -1000 -1000 -1000 -10 -0.69426
Pedestrian -1 -1 -10 773 224 832 292-1 -1 -1 -1000 -1000 -1000 -10 -0.746906
Pedestrian -1 -1 -10 1205 212 1241 312-1 -1 -1 -1000 -1000 -1000 -10 -0.749408
Pedestrian -1 -1 -10 1097 161 1144 248-1 -1 -1 -1000 -1000 -1000 -10 -0.757455
Pedestrian -1 -1 -10 736 75 790 175-1 -1 -1 -1000 -1000 -1000 -10 -0.762173
Pedestrian -1 -1 -10 936 138 969 231-1 -1 -1 -1000 -1000 -1000 -10 -0.880866
Pedestrian -1 -1 -10 705 121 736 208-1 -1 -1 -1000 -1000 -1000 -10 -0.904463
Pedestrian -1 -1 -10 241 201 296 264-1 -1 -1 -1000 -1000 -1000 -10 -0.904964
Pedestrian -1 -1 -10 677 40 754 182-1 -1 -1 -1000 -1000 -1000 -10 -0.905
Pedestrian -1 -1 -10 545 1 576 88-1 -1 -1 -1000 -1000 -1000 -10 -0.964508
