Pedestrian -1 -1 -10 1 121 32 208-1 -1 -1 -1000 -1000 -1000 -10 -0.543554
Pedestrian -1 -1 -10 553 267 611 374-1 -1 -1 -1000 -1000 -1000 -10 -0.560618
Pedestrian -1 -1 -10 697 137 728 224-1 -1 -1 -1000 -1000 -1000 -10 -0.662631
Pedestrian -1 -1 -10 361 105 392 192-1 -1 -1 -1000 -1000 -1000 -10 -0.671885
Pedestrian -1 -1 -10 277 90 335 197-1 -1 -1 -1000 -1000 -1000 -10 -0.68229
Pedestrian -1 -1 -10 455 121 514 189-1 -1 -1 -1000 -1000 -1000 -10 -0.821347
Pedestrian -1 -1 -10 545 105 576 192-1 -1 -1 -1000 -1000 -1000 -10 -0.896763
Pedestrian -1 -1 -10 560 128 633 211-1 -1 -1 -1000 -1000 -1000 -10 -0.929137
Pedestrian -1 -1 -10 803 43 876 126-1 -1 -1 -1000 -1000 -1000 -10 -0.950418
Pedestrian -1 -1 -10 882 91 971 254-1 -1 -1 -1000 -1000 -1000 -10 -0.962927
