Pedestrian -1 -1 -10 1064 1 1200 375-1 -1 -1 -1000 -1000 -1000 -10 -0.237746
Pedestrian -1 -1 -10 22 1 95 84-1 -1 -1 -1000 -1000 -1000 -10 -0.386034
Pedestrian -1 -1 -10 135 16 238 134-1 -1 -1 -1000 -1000 -1000 -10 -0.497174
Pedestrian -1 -1 -10 361 57 408 144-1 -1 -1 -1000 -1000 -1000 -10 -0.546904
Pedestrian -1 -1 -10 1177 1 1225 133-1 -1 -1 -1000 -1000 -1000 -10 -0.570385
Pedestrian -1 -1 -10 1 172 60 240-1 -1 -1 -1000 -1000 -1000 -10 -0.753861
Pedestrian -1 -1 -10 909 107 950 222-1 -1 -1 -1000 -1000 -1000 -10 -0.757457
Pedestrian -1 -1 -10 212 47 275 120-1 -1 -1 -1000 -1000 -1000 -10 -0.768341
Pedestrian -1 -1 -10 1 1 42 116-1 -1 -1 -1000 -1000 -1000 -10 -0.772961
Pedestrian -1 -1 -10 119 1 236 217-1 -1 -1 -1000 -1000 -1000 -10 -0.773292
Pedestrian -1 -1 -10 617 56 653 156-1 -1 -1 -1000 -1000 -1000 -10 -0.78823
Pedestrian -1 -1 -10 85 12 147 127-1 -1 -1 -1000 -1000 -1000 -10 -0.791111
Pedestrian -1 -1 -10 1205 93 1241 193-1 -1 -1 -1000 -1000 -1000 -10 -0.799479
Pedestrian -1 -1 -10 318 130 368 223-1 -1 -1 -1000 -1000 -1000 -10 -0.834095
Pedestrian -1 -1 -10 878 80 916 187-1 -1 -1 -1000 -1000 -1000 -10 -0.838946
Pedestrian -1 -1 -10 876 104 944 292-1 -1 -1 -1000 -1000 -1000 -10 -0.839618
Pedestrian -1 -1 -10 267 27 317 120-1 -1 -1 -1000 -1000 -1000 -10 -0.841431
Pedestrian -1 -1 -10 487 117 549 232-1 -1 -1 -1000 -1000 -1000 -10 -0.846517
Pedestrian -1 -1 -10 1 76 104 194-1 -1 -1 -1000 -1000 -1000 -10 -0.878879
Pedestrian -1 -1 -10 543 93 579 193-1 -1 -1 -1000 -1000 -1000 -10 -0.884035
Pedestrian -1 -1 -10 1006 129 1074 207-1 -1 -1 -1000 -1000 -1000 -10 -0.88681
Pedestrian -1 -1 -10 1017 57 1072 120-1 -1 -1 -1000 -1000 -1000 -10 -0.910231
Pedestrian -1 -1 -10 1 1 128 352-1 -1 -1 -1000 -1000 -1000 -10 -0.912144
Pedestrian -1 -1 -10 985 65 1016 152-1 -1 -1 -1000 -1000 -1000 -10 -0.935981
Pedestrian -1 -1 -10 265 137 296 224-1 -1 -1 -1000 -1000 -1000 -10 -0.944517
Pedestrian -1 -1 -10 816 125 894 215-1 -1 -1 -1000 -1000 -1000 -10 -0.948137
