Pedestrian -1 -1 -10 819 286 855 375-1 -1 -1 -1000 -1000 -1000 -10 -0.0618668
Pedestrian -1 -1 -10 856 75 897 190-1 -1 -1 -1000 -1000 -1000 -10 -0.227125
Pedestrian -1 -1 -10 881 137 912 224-1 -1 -1 -1000 -1000 -1000 -10 -0.37063
Pedestrian -1 -1 -10 569 137 616 224-1 -1 -1 -1000 -1000 -1000 -10 -0.575026
Pedestrian -1 -1 -10 170 287 260 375-1 -1 -1 -1000 -1000 -1000 -10 -0.611847
Pedestrian -1 -1 -10 1057 297 1104 375-1 -1 -1 -1000 -1000 -1000 -10 -0.748845
Pedestrian -1 -1 -10 769 1 992 256-1 -1 -1 -1000 -1000 -1000 -10 -0.800999
Pedestrian -1 -1 -10 275 121 308 214-1 -1 -1 -1000 -1000 -1000 -10 -0.802959
Pedestrian -1 -1 -10 552 93 680 239-1 -1 -1 -1000 -1000 -1000 -10 -0.811226
Pedestrian -1 -1 -10 1189 147 1237 279-1 -1 -1 -1000 -1000 -1000 -10 -0.827578
Pedestrian -1 -1 -10 727 10 781 110-1 -1 -1 -1000 -1000 -1000 -10 -0.83653
Pedestrian -1 -1 -10 1173 11 1231 118-1 -1 -1 -1000 -1000 -1000 -10 -0.891792
Pedestrian -1 -1 -10 737 121 768 208-1 -1 -1 -1000 -1000 -1000 -10 -0.899773
Pedestrian -1 -1 -10 170 233 317 375-1 -1 -1 -1000 -1000 -1000 -10 -0.91518
Pedestrian -1 -1 -10 1095 286 1149 375-1 -1 -1 -1000 -1000 -1000 -10 -0.935689
Pedestrian -1 -1 -10 1106 118 1183 260-1 -1 -1 -1000 -1000 -1000 -10 -0.944884
Pedestrian -1 -1 -10 1163 237 1201 344-1 -1 -1 -1000 -1000 -1000 -10 -0.96391
Pedestrian -1 -1 -10 711 1 794 153-1 -1 -1 -1000 -1000 -1000 -10 -0.965995
Pedestrian -1 -1 -10 425 129 493 207-1 -1 -1 -1000 -1000 -1000 -10 -0.966669
Pedestrian -1 -1 -10 1014 128 1055 243-1 -1 -1 -1000 -1000 -1000 -10 -0.994406
Pedestrian -1 -1 -10 966 38 1020 138-1 -1 -1 -1000 -1000 -1000 -10 -0.998164
Pedestrian -1 -1 -10 1184 293 1234 375-1 -1 -1 -1000 -1000 -1000 -10 -0.999719
