Pedestrian -1 -1 -10 809 153 840 240-1 -1 -1 -1000 -1000 -1000 -10 -0.261822
Pedestrian -1 -1 -10 901 78 934 171-1 -1 -1 -1000 -1000 -1000 -10 -0.679409
Pedestrian -1 -1 -10 344 91 433 254-1 -1 -1 -1000 -1000 -1000 -10 -0.730637
Pedestrian -1 -1 -10 1223 125 1242 248-1 -1 -1 -1000 -1000 -1000 -10 -0.852058
Pedestrian -1 -1 -10 859 27 949 130-1 -1 -1 -1000 -1000 -1000 -10 -0.874686
Pedestrian -1 -1 -10 490 318 549 375-1 -1 -1 -1000 -1000 -1000 -10 -0.879236
Pedestrian -1 -1 -10 169 145 224 208-1 -1 -1 -1000 -1000 -1000 -10 -0.889403
Pedestrian -1 -1 -10 244 25 413 218-1 -1 -1 -1000 -1000 -1000 -10 -0.926667
Pedestrian -1 -1 -10 1 145 56 208-1 -1 -1 -1000 -1000 -1000 -10 -0.933173
Pedestrian -1 -1 -10 381 22 528 190-1 -1 -1 -1000 -1000 -1000 -10 -0.953282
