Pedestrian -1 -1 -10 18 130 51 223-1 -1 -1 -1000 -1000 -1000 -10 -0.130439
Pedestrian -1 -1 -10 233 117 274 232-1 -1 -1 -1000 -1000 -1000 -10 -0.199595
Pedestrian -1 -1 -10 119 149 187 227-1 -1 -1 -1000 -1000 -1000 -10 -0.328245
Pedestrian -1 -1 -10 698 117 739 232-1 -1 -1 -1000 -1000 -1000 -10 -0.33646
Pedestrian -1 -1 -10 1184 105 1235 247-1 -1 -1 -1000 -1000 -1000 -10 -0.410508
Pedestrian -1 -1 -10 409 113 440 200-1 -1 -1 -1000 -1000 -1000 -10 -0.60057
Pedestrian -1 -1 -10 713 161 760 248-1 -1 -1 -1000 -1000 -1000 -10 -0.710968
Pedestrian -1 -1 -10 370 121 420 214-1 -1 -1 -1000 -1000 -1000 -10 -0.725068
Pedestrian -1 -1 -10 1 21 79 237-1 -1 -1 -1000 -1000 -1000 -10 -0.857361
Pedestrian -1 -1 -10 118 144 195 286-1 -1 -1 -1000 -1000 -1000 -10 -0.884644
Pedestrian -1 -1 -10 989 105 1170 312-1 -1 -1 -1000 -1000 -1000 -10 -0.917277
Pedestrian -1 -1 -10 207 147 240 240-1 -1 -1 -1000 -1000 -1000 -10 -0.92086
Pedestrian -1 -1 -10 936 147 986 240-1 -1 -1 -1000 -1000 -1000 -10 -0.945001
Pedestrian -1 -1 -10 209 17 256 104-1 -1 -1 -1000 -1000 -1000 -10 -0.947135
Pedestrian -1 -1 -10 742 14 819 156-1 -1 -1 -1000 -1000 -1000 -10 -0.969959
Pedestrian -1 -1 -10 750 107 791 222-1 -1 -1 -1000 -1000 -1000 -10 -0.976638
Pedestrian -1 -1 -10 929 209 984 272-1 -1 -1 -1000 -1000 -1000 -10 -0.983899
Pedestrian -1 -1 -10 989 1 1196 375-1 -1 -1 -1000 -1000 -1000 -10 -0.995978
