Pedestrian -1 -1 -10 653 130 686 223-1 -1 -1 -1000 -1000 -1000 -10 -0.323558
Pedestrian -1 -1 -10 508 117 549 232-1 -1 -1 -1000 -1000 -1000 -10 -0.380858
Pedestrian -1 -1 -10 494 91 553 254-1 -1 -1 -1000 -1000 -1000 -10 -0.522204
Pedestrian -1 -1 -10 413 1 509 267-1 -1 -1 -1000 -1000 -1000 -10 -0.533929
Pedestrian -1 -1 -10 1015 248 1105 351-1 -1 -1 -1000 -1000 -1000 -10 -0.574755
Pedestrian -1 -1 -10 966 208 1004 315-1 -1 -1 -1000 -1000 -1000 -10 -0.591756
Pedestrian -1 -1 -10 972 149 1034 264-1 -1 -1 -1000 -1000 -1000 -10 -0.684731
Pedestrian -1 -1 -10 750 40 808 147-1 -1 -1 -1000 -1000 -1000 -10 -0.690012
Pedestrian -1 -1 -10 740 64 823 295-1 -1 -1 -1000 -1000 -1000 -10 -0.691852
Pedestrian -1 -1 -10 1064 239 1142 329-1 -1 -1 -1000 -1000 -1000 -10 -0.703156
Pedestrian -1 -1 -10 1209 257 1240 344-1 -1 -1 -1000 -1000 -1000 -10 -0.720691
Pedestrian -1 -1 -10 623 92 667 215-1 -1 -1 -1000 -1000 -1000 -10 -0.749837
Pedestrian -1 -1 -10 681 113 712 200-1 -1 -1 -1000 -1000 -1000 -10 -0.755236
Pedestrian -1 -1 -10 898 202 960 317-1 -1 -1 -1000 -1000 -1000 -10 -0.76327
Pedestrian -1 -1 -10 983 202 1045 317-1 -1 -1 -1000 -1000 -1000 -10 -0.766457
Pedestrian -1 -1 -10 530 1 640 306-1 -1 -1 -1000 -1000 -1000 -10 -0.771922
Pedestrian -1 -1 -10 625 49 688 224-1 -1 -1 -1000 -1000 -1000 -10 -0.795759
Pedestrian -1 -1 -10 29 1 139 306-1 -1 -1 -1000 -1000 -1000 -10 -0.808282
Pedestrian -1 -1 -10 254 1 549 338-1 -1 -1 -1000 -1000 -1000 -10 -0.848475
Pedestrian -1 -1 -10 1 1 208 375-1 -1 -1 -1000 -1000 -1000 -10 -0.853336
Pedestrian -1 -1 -10 641 33 864 288-1 -1 -1 -1000 -1000 -1000 -10 -0.934333
Pedestrian -1 -1 -10 537 321 592 375-1 -1 -1 -1000 -1000 -1000 -10 -0.957563
