Pedestrian -1 -1 -10 1141 61 1200 129-1 -1 -1 -1000 -1000 -1000 -10 -0.0546184
Pedestrian -1 -1 -10 1210 233 1242 326-1 -1 -1 -1000 -1000 -1000 -10 -0.44597
Pedestrian -1 -1 -10 1193 33 1240 120-1 -1 -1 -1000 -1000 -1000 -10 -0.711184
Pedestrian -1 -1 -10 913 321 968 375-1 -1 -1 -1000 -1000 -1000 -10 -0.736163
Pedestrian -1 -1 -10 1161 1 1216 64-1 -1 -1 -1000 -1000 -1000 -10 -0.771699
Pedestrian -1 -1 -10 878 306 946 375-1 -1 -1 -1000 -1000 -1000 -10 -0.8225
Pedestrian -1 -1 -10 884 18 943 86-1 -1 -1 -1000 -1000 -1000 -10 -0.829178
Pedestrian -1 -1 -10 1025 129 1093 207-1 -1 -1 -1000 -1000 -1000 -10 -0.832975
Pedestrian -1 -1 -10 1185 43 1240 195-1 -1 -1 -1000 -1000 -1000 -10 -0.841277
Pedestrian -1 -1 -10 1013 18 1046 111-1 -1 -1 -1000 -1000 -1000 -10 -0.859317
Pedestrian -1 -1 -10 1204 149 1242 375-1 -1 -1 -1000 -1000 -1000 -10 -0.939433
Pedestrian -1 -1 -10 37 183 121 279-1 -1 -1 -1000 -1000 -1000 -10 -0.943636
Pedestrian -1 -1 -10 1065 31 1123 138-1 -1 -1 -1000 -1000 -1000 -10 -0.957123
Pedestrian -1 -1 -10 1157 224 1240 375-1 -1 -1 -1000 -1000 -1000 -10 -0.976099
Pedestrian -1 -1 -10 1078 85 1140 200-1 -1 -1 -1000 -1000 -1000 -10 -0.982975
Pedestrian -1 -1 -10 1132 80 1199 203-1 -1 -1 -1000 -1000 -1000 -10 -0.995328
