Pedestrian -1 -1 -10 1033 73 1064 160-1 -1 -1 -1000 -1000 -1000 -10 -0.287975
Pedestrian -1 -1 -10 978 70 1046 258-1 -1 -1 -1000 -1000 -1000 -10 -0.666129
Pedestrian -1 -1 -10 341 120 377 220-1 -1 -1 -1000 -1000 -1000 -10 -0.675805
Pedestrian -1 -1 -10 773 111 809 211-1 -1 -1 -1000 -1000 -1000 -10 -0.717384
Pedestrian -1 -1 -10 1044 37 1092 169-1 -1 -1 -1000 -1000 -1000 -10 -0.720354
Pedestrian -1 -1 -10 198 104 248 197-1 -1 -1 -1000 -1000 -1000 -10 -0.754386
Pedestrian -1 -1 -10 207 155 240 248-1 -1 -1 -1000 -1000 -1000 -10 -0.770115
Pedestrian -1 -1 -10 397 103 441 226-1 -1 -1 -1000 -1000 -1000 -10 -0.77276
Pedestrian -1 -1 -10 250 70 283 163-1 -1 -1 -1000 -1000 -1000 -10 -0.791424
Pedestrian -1 -1 -10 592 109 660 187-1 -1 -1 -1000 -1000 -1000 -10 -0.803764
Pedestrian -1 -1 -10 1141 37 1189 169-1 -1 -1 -1000 -1000 -1000 -10 -0.823425
Pedestrian -1 -1 -10 419 16 478 179-1 -1 -1 -1000 -1000 -1000 -10 -0.839662
Pedestrian -1 -1 -10 1 1 42 116-1 -1 -1 -1000 -1000 -1000 -10 -0.847935
Pedestrian -1 -1 -10 927 1 1045 328-1 -1 -1 -1000 -1000 -1000 -10 -0.853925
Pedestrian -1 -1 -10 295 1 385 249-1 -1 -1 -1000 -1000 -1000 -10 -0.854439
Pedestrian -1 -1 -10 130 93 258 239-1 -1 -1 -1000 -1000 -1000 -10 -0.877702
Pedestrian -1 -1 -10 1030 313 1093 375-1 -1 -1 -1000 -1000 -1000 -10 -0.893077
Pedestrian -1 -1 -10 782 33 855 116-1 -1 -1 -1000 -1000 -1000 -10 -0.895105
Pedestrian -1 -1 -10 560 75 601 190-1 -1 -1 -1000 -1000 -1000 -10 -0.937571
Pedestrian -1 -1 -10 756 1 806 94-1 -1 -1 -1000 -1000 -1000 -10 -0.958026
Pedestrian -1 -1 -10 1014 1 1097 232-1 -1 -1 -1000 -1000 -1000 -10 -0.962566
