Pedestrian -1 -1 -10 927 172 995 360-1 -1 -1 -1000 -1000 -1000 -10 3.00831
Pedestrian -1 -1 -10 623 137 667 260-1 -1 -1 -1000 -1000 -1000 -10 1.28032
Pedestrian -1 -1 -10 848 178 926 370-1 -1 -1 -1000 -1000 -1000 -10 0.835867
Pedestrian -1 -1 -10 580 148 616 248-1 -1 -1 -1000 -1000 -1000 -10 0.704831
Pedestrian -1 -1 -10 543 139 581 246-1 -1 -1 -1000 -1000 -1000 -10 0.492218
Pedestrian -1 -1 -10 505 137 536 224-1 -1 -1 -1000 -1000 -1000 -10 -0.377542
Pedestrian -1 -1 -10 850 122 995 370-1 -1 -1 -1000 -1000 -1000 -10 -0.450623
Pedestrian -1 -1 -10 474 1 532 108-1 -1 -1 -1000 -1000 -1000 -10 -0.565917
Pedestrian -1 -1 -10 524 1 557 94-1 -1 -1 -1000 -1000 -1000 -10 -0.605236
Pedestrian -1 -1 -10 104 1 137 94-1 -1 -1 -1000 -1000 -1000 -10 -0.61795
Pedestrian -1 -1 -10 653 52 686 145-1 -1 -1 -1000 -1000 -1000 -10 -0.636153
Pedestrian -1 -1 -10 374 261 418 370-1 -1 -1 -1000 -1000 -1000 -10 -0.700559
Pedestrian -1 -1 -10 391 126 474 278-1 -1 -1 -1000 -1000 -1000 -10 -0.731104
Pedestrian -1 -1 -10 286 130 349 203-1 -1 -1 -1000 -1000 -1000 -10 -0.755836
Pedestrian -1 -1 -10 572 112 627 264-1 -1 -1 -1000 -1000 -1000 -10 -0.817184
Pedestrian -1 -1 -10 473 137 504 224-1 -1 -1 -1000 -1000 -1000 -10 -0.817831
Pedestrian -1 -1 -10 545 9 592 96-1 -1 -1 -1000 -1000 -1000 -10 -0.836728
Pedestrian -1 -1 -10 773 1 809 101-1 -1 -1 -1000 -1000 -1000 -10 -0.84117
Pedestrian -1 -1 -10 267 120 321 220-1 -1 -1 -1000 -1000 -1000 -10 -0.853084
Pedestrian -1 -1 -10 544 126 599 278-1 -1 -1 -1000 -1000 -1000 -10 -0.859704
Pedestrian -1 -1 -10 846 1 897 143-1 -1 -1 -1000 -1000 -1000 -10 -0.867244
Pedestrian -1 -1 -10 138 138 377 370-1 -1 -1 -1000 -1000 -1000 -10 -0.919513
Pedestrian -1 -1 -10 568 1 686 328-1 -1 -1 -1000 -1000 -1000 -10 -0.921564
Pedestrian -1 -1 -10 326 14 377 156-1 -1 -1 -1000 -1000 -1000 -10 -0.947521
Pedestrian -1 -1 -10 516 112 613 222-1 -1 -1 -1000 -1000 -1000 -10 -0.950065
Pedestrian -1 -1 -10 27 147 86 215-1 -1 -1 -1000 -1000 -1000 -10 -0.973168
