Pedestrian -1 -1 -10 21 139 99 355-1 -1 -1 -1000 -1000 -1000 -10 0.952518
Pedestrian -1 -1 -10 479 185 515 285-1 -1 -1 -1000 -1000 -1000 -10 0.337145
Pedestrian -1 -1 -10 396 176 432 276-1 -1 -1 -1000 -1000 -1000 -10 0.237526
Pedestrian -1 -1 -10 1 159 39 266-1 -1 -1 -1000 -1000 -1000 -10 -0.274483
Pedestrian -1 -1 -10 386 171 464 261-1 -1 -1 -1000 -1000 -1000 -10 -0.288981
Pedestrian -1 -1 -10 345 41 376 128-1 -1 -1 -1000 -1000 -1000 -10 -0.442991
Pedestrian -1 -1 -10 718 46 777 209-1 -1 -1 -1000 -1000 -1000 -10 -0.44864
Pedestrian -1 -1 -10 583 110 631 242-1 -1 -1 -1000 -1000 -1000 -10 -0.505449
Pedestrian -1 -1 -10 598 91 657 254-1 -1 -1 -1000 -1000 -1000 -10 -0.525015
Pedestrian -1 -1 -10 972 85 1238 374-1 -1 -1 -1000 -1000 -1000 -10 -0.527424
Pedestrian -1 -1 -10 510 74 558 206-1 -1 -1 -1000 -1000 -1000 -10 -0.530817
Pedestrian -1 -1 -10 756 215 815 283-1 -1 -1 -1000 -1000 -1000 -10 -0.551577
Pedestrian -1 -1 -10 689 113 720 200-1 -1 -1 -1000 -1000 -1000 -10 -0.557372
Pedestrian -1 -1 -10 795 168 892 278-1 -1 -1 -1000 -1000 -1000 -10 -0.599458
Pedestrian -1 -1 -10 881 209 976 374-1 -1 -1 -1000 -1000 -1000 -10 -0.680517
Pedestrian -1 -1 -10 395 112 445 205-1 -1 -1 -1000 -1000 -1000 -10 -0.728534
Pedestrian -1 -1 -10 505 169 536 256-1 -1 -1 -1000 -1000 -1000 -10 -0.763971
Pedestrian -1 -1 -10 327 35 386 103-1 -1 -1 -1000 -1000 -1000 -10 -0.781004
Pedestrian -1 -1 -10 417 170 507 273-1 -1 -1 -1000 -1000 -1000 -10 -0.781257
Pedestrian -1 -1 -10 729 195 813 291-1 -1 -1 -1000 -1000 -1000 -10 -0.786636
Pedestrian -1 -1 -10 479 120 538 283-1 -1 -1 -1000 -1000 -1000 -10 -0.821317
Pedestrian -1 -1 -10 691 137 758 260-1 -1 -1 -1000 -1000 -1000 -10 -0.841952
Pedestrian -1 -1 -10 218 306 286 374-1 -1 -1 -1000 -1000 -1000 -10 -0.861308
Pedestrian -1 -1 -10 487 64 613 295-1 -1 -1 -1000 -1000 -1000 -10 -0.894092
Pedestrian -1 -1 -10 441 89 472 176-1 -1 -1 -1000 -1000 -1000 -10 -0.903286
Pedestrian -1 -1 -10 732 120 821 283-1 -1 -1 -1000 -1000 -1000 -10 -0.943364
Pedestrian -1 -1 -10 442 1 515 202-1 -1 -1 -1000 -1000 -1000 -10 -0.944643
Pedestrian -1 -1 -10 50 1 243 374-1 -1 -1 -1000 -1000 -1000 -10 -0.969143
Pedestrian -1 -1 -10 601 305 632 374-1 -1 -1 -1000 -1000 -1000 -10 -0.980074
Pedestrian -1 -1 -10 353 1 401 133-1 -1 -1 -1000 -1000 -1000 -10 -0.99949
