Pedestrian -1 -1 -10 1145 27 1242 312-1 -1 -1 -1000 -1000 -1000 -10 -0.348688
Pedestrian -1 -1 -10 240 1 303 74-1 -1 -1 -1000 -1000 -1000 -10 -0.623533
Pedestrian -1 -1 -10 183 27 234 169-1 -1 -1 -1000 -1000 -1000 -10 -0.641468
Pedestrian -1 -1 -10 170 223 232 338-1 -1 -1 -1000 -1000 -1000 -10 -0.645837
Pedestrian -1 -1 -10 389 25 437 157-1 -1 -1 -1000 -1000 -1000 -10 -0.741696
Pedestrian -1 -1 -10 567 44 626 112-1 -1 -1 -1000 -1000 -1000 -10 -0.750739
Pedestrian -1 -1 -10 145 57 200 120-1 -1 -1 -1000 -1000 -1000 -10 -0.786676
Pedestrian -1 -1 -10 54 180 95 295-1 -1 -1 -1000 -1000 -1000 -10 -0.818469
Pedestrian -1 -1 -10 673 193 896 375-1 -1 -1 -1000 -1000 -1000 -10 -0.830027
Pedestrian -1 -1 -10 181 310 240 375-1 -1 -1 -1000 -1000 -1000 -10 -0.860617
Pedestrian -1 -1 -10 490 310 549 375-1 -1 -1 -1000 -1000 -1000 -10 -0.861743
Pedestrian -1 -1 -10 361 185 408 272-1 -1 -1 -1000 -1000 -1000 -10 -0.878854
Pedestrian -1 -1 -10 121 209 152 296-1 -1 -1 -1000 -1000 -1000 -10 -0.913873
Pedestrian -1 -1 -10 470 56 524 156-1 -1 -1 -1000 -1000 -1000 -10 -0.917833
Pedestrian -1 -1 -10 297 265 359 375-1 -1 -1 -1000 -1000 -1000 -10 -0.917911
Pedestrian -1 -1 -10 65 1 320 375-1 -1 -1 -1000 -1000 -1000 -10 -0.918817
Pedestrian -1 -1 -10 996 138 1029 231-1 -1 -1 -1000 -1000 -1000 -10 -0.956881
Pedestrian -1 -1 -10 461 43 558 153-1 -1 -1 -1000 -1000 -1000 -10 -0.97789
Pedestrian -1 -1 -10 442 176 505 249-1 -1 -1 -1000 -1000 -1000 -10 -0.980388
Pedestrian -1 -1 -10 21 228 79 335-1 -1 -1 -1000 -1000 -1000 -10 -0.999464
