Pedestrian -1 -1 -10 755 157 818 230-1 -1 -1 -1000 -1000 -1000 -10 -0.598615
Pedestrian -1 -1 -10 1 43 84 274-1 -1 -1 -1000 -1000 -1000 -10 -0.643965
Pedestrian -1 -1 -10 1089 1 1216 352-1 -1 -1 -1000 -1000 -1000 -10 -0.645885
Pedestrian -1 -1 -10 1 318 60 375-1 -1 -1 -1000 -1000 -1000 -10 -0.750816
Pedestrian -1 -1 -10 111 185 174 258-1 -1 -1 -1000 -1000 -1000 -10 -0.838818
Pedestrian -1 -1 -10 365 109 403 216-1 -1 -1 -1000 -1000 -1000 -10 -0.841576
Pedestrian -1 -1 -10 729 22 802 105-1 -1 -1 -1000 -1000 -1000 -10 -0.849159
Pedestrian -1 -1 -10 516 1 613 111-1 -1 -1 -1000 -1000 -1000 -10 -0.859434
Pedestrian -1 -1 -10 889 257 944 320-1 -1 -1 -1000 -1000 -1000 -10 -0.870827
Pedestrian -1 -1 -10 713 70 772 138-1 -1 -1 -1000 -1000 -1000 -10 -0.886881
Pedestrian -1 -1 -10 313 19 386 220-1 -1 -1 -1000 -1000 -1000 -10 -0.887068
Pedestrian -1 -1 -10 392 107 454 222-1 -1 -1 -1000 -1000 -1000 -10 -0.893513
Pedestrian -1 -1 -10 84 313 147 375-1 -1 -1 -1000 -1000 -1000 -10 -0.902589
Pedestrian -1 -1 -10 425 1 480 64-1 -1 -1 -1000 -1000 -1000 -10 -0.902763
Pedestrian -1 -1 -10 374 105 463 268-1 -1 -1 -1000 -1000 -1000 -10 -0.90999
Pedestrian -1 -1 -10 1047 293 1080 375-1 -1 -1 -1000 -1000 -1000 -10 -0.918293
Pedestrian -1 -1 -10 476 92 554 182-1 -1 -1 -1000 -1000 -1000 -10 -0.960284
Pedestrian -1 -1 -10 732 16 835 134-1 -1 -1 -1000 -1000 -1000 -10 -0.969265
Pedestrian -1 -1 -10 49 1 96 88-1 -1 -1 -1000 -1000 -1000 -10 -0.987689
Pedestrian -1 -1 -10 625 79 702 221-1 -1 -1 -1000 -1000 -1000 -10 -0.992732
Pedestrian -1 -1 -10 713 10 746 103-1 -1 -1 -1000 -1000 -1000 -10 -0.998275
