Pedestrian -1 -1 -10 360 85 422 200-1 -1 -1 -1000 -1000 -1000 -10 -0.28677
Pedestrian -1 -1 -10 1 112 56 264-1 -1 -1 -1000 -1000 -1000 -10 -0.50426
Pedestrian -1 -1 -10 350 93 423 294-1 -1 -1 -1000 -1000 -1000 -10 -0.508296
Pedestrian -1 -1 -10 1098 61 1148 154-1 -1 -1 -1000 -1000 -1000 -10 -0.572193
Pedestrian -1 -1 -10 1144 119 1212 197-1 -1 -1 -1000 -1000 -1000 -10 -0.692437
Pedestrian -1 -1 -10 1 85 84 316-1 -1 -1 -1000 -1000 -1000 -10 -0.71622
Pedestrian -1 -1 -10 318 64 465 232-1 -1 -1 -1000 -1000 -1000 -10 -0.736127
Pedestrian -1 -1 -10 454 109 492 216-1 -1 -1 -1000 -1000 -1000 -10 -0.776073
Pedestrian -1 -1 -10 273 145 304 232-1 -1 -1 -1000 -1000 -1000 -10 -0.78704
Pedestrian -1 -1 -10 166 10 202 110-1 -1 -1 -1000 -1000 -1000 -10 -0.804235
Pedestrian -1 -1 -10 1157 126 1212 278-1 -1 -1 -1000 -1000 -1000 -10 -0.857905
Pedestrian -1 -1 -10 257 9 288 96-1 -1 -1 -1000 -1000 -1000 -10 -0.860965
Pedestrian -1 -1 -10 231 1 267 101-1 -1 -1 -1000 -1000 -1000 -10 -0.897045
Pedestrian -1 -1 -10 46 46 135 209-1 -1 -1 -1000 -1000 -1000 -10 -0.903244
Pedestrian -1 -1 -10 680 292 764 375-1 -1 -1 -1000 -1000 -1000 -10 -0.920643
Pedestrian -1 -1 -10 1073 89 1120 176-1 -1 -1 -1000 -1000 -1000 -10 -0.933753
Pedestrian -1 -1 -10 833 1 866 94-1 -1 -1 -1000 -1000 -1000 -10 -0.949037
Pedestrian -1 -1 -10 281 97 328 184-1 -1 -1 -1000 -1000 -1000 -10 -0.955328
Pedestrian -1 -1 -10 690 75 726 175-1 -1 -1 -1000 -1000 -1000 -10 -0.959209
Pedestrian -1 -1 -10 678 121 711 214-1 -1 -1 -1000 -1000 -1000 -10 -0.96235
Pedestrian -1 -1 -10 157 131 234 273-1 -1 -1 -1000 -1000 -1000 -10 -0.965161
Pedestrian -1 -1 -10 972 159 1013 274-1 -1 -1 -1000 -1000 -1000 -10 -0.984494
Pedestrian -1 -1 -10 598 16 657 179-1 -1 -1 -1000 -1000 -1000 -10 -0.991426
