Pedestrian -1 -1 -10 807 27 857 120-1 -1 -1 -1000 -1000 -1000 -10 -0.363209
Pedestrian -1 -1 -10 1076 46 1135 209-1 -1 -1 -1000 -1000 -1000 -10 -0.604711
Pedestrian -1 -1 -10 1210 181 1242 274-1 -1 -1 -1000 -1000 -1000 -10 -0.609088
Pedestrian -1 -1 -10 957 267 1020 340-1 -1 -1 -1000 -1000 -1000 -10 -0.628015
Pedestrian -1 -1 -10 1141 212 1204 285-1 -1 -1 -1000 -1000 -1000 -10 -0.632764
Pedestrian -1 -1 -10 859 53 910 195-1 -1 -1 -1000 -1000 -1000 -10 -0.655356
Pedestrian -1 -1 -10 807 18 875 206-1 -1 -1 -1000 -1000 -1000 -10 -0.656117
Pedestrian -1 -1 -10 628 57 711 209-1 -1 -1 -1000 -1000 -1000 -10 -0.677869
Pedestrian -1 -1 -10 1227 233 1242 326-1 -1 -1 -1000 -1000 -1000 -10 -0.75151
Pedestrian -1 -1 -10 881 65 992 192-1 -1 -1 -1000 -1000 -1000 -10 -0.755912
Pedestrian -1 -1 -10 1178 193 1242 316-1 -1 -1 -1000 -1000 -1000 -10 -0.77079
Pedestrian -1 -1 -10 1012 38 1085 239-1 -1 -1 -1000 -1000 -1000 -10 -0.802672
Pedestrian -1 -1 -10 993 257 1048 320-1 -1 -1 -1000 -1000 -1000 -10 -0.803784
Pedestrian -1 -1 -10 524 70 583 138-1 -1 -1 -1000 -1000 -1000 -10 -0.850431
Pedestrian -1 -1 -10 1183 129 1241 236-1 -1 -1 -1000 -1000 -1000 -10 -0.883934
Pedestrian -1 -1 -10 1064 24 1154 272-1 -1 -1 -1000 -1000 -1000 -10 -0.891252
Pedestrian -1 -1 -10 571 85 612 200-1 -1 -1 -1000 -1000 -1000 -10 -0.991354
