Pedestrian -1 -1 -10 680 159 724 282-1 -1 -1 -1000 -1000 -1000 -10 0.145594
Pedestrian -1 -1 -10 396 84 432 184-1 -1 -1 -1000 -1000 -1000 -10 -0.572466
Pedestrian -1 -1 -10 70 70 103 163-1 -1 -1 -1000 -1000 -1000 -10 -0.647046
Pedestrian -1 -1 -10 677 64 760 295-1 -1 -1 -1000 -1000 -1000 -10 -0.668053
Pedestrian -1 -1 -10 297 233 352 296-1 -1 -1 -1000 -1000 -1000 -10 -0.70942
Pedestrian -1 -1 -10 1141 181 1174 274-1 -1 -1 -1000 -1000 -1000 -10 -0.736978
Pedestrian -1 -1 -10 510 268 594 364-1 -1 -1 -1000 -1000 -1000 -10 -0.770123
Pedestrian -1 -1 -10 306 70 344 177-1 -1 -1 -1000 -1000 -1000 -10 -0.774672
Pedestrian -1 -1 -10 1039 212 1075 312-1 -1 -1 -1000 -1000 -1000 -10 -0.854819
Pedestrian -1 -1 -10 370 159 411 274-1 -1 -1 -1000 -1000 -1000 -10 -0.864027
Pedestrian -1 -1 -10 567 261 645 351-1 -1 -1 -1000 -1000 -1000 -10 -0.876369
Pedestrian -1 -1 -10 1153 1 1216 176-1 -1 -1 -1000 -1000 -1000 -10 -0.878331
Pedestrian -1 -1 -10 10 139 64 239-1 -1 -1 -1000 -1000 -1000 -10 -0.883115
Pedestrian -1 -1 -10 224 140 307 292-1 -1 -1 -1000 -1000 -1000 -10 -0.901914
Pedestrian -1 -1 -10 1132 1 1222 249-1 -1 -1 -1000 -1000 -1000 -10 -0.9038
Pedestrian -1 -1 -10 421 155 480 223-1 -1 -1 -1000 -1000 -1000 -10 -0.914135
Pedestrian -1 -1 -10 996 241 1029 334-1 -1 -1 -1000 -1000 -1000 -10 -0.927134
Pedestrian -1 -1 -10 833 129 864 216-1 -1 -1 -1000 -1000 -1000 -10 -0.930969
Pedestrian -1 -1 -10 378 222 468 325-1 -1 -1 -1000 -1000 -1000 -10 -0.978253
Pedestrian -1 -1 -10 153 89 200 176-1 -1 -1 -1000 -1000 -1000 -10 -0.985325
Pedestrian -1 -1 -10 113 9 144 96-1 -1 -1 -1000 -1000 -1000 -10 -0.994617
Pedestrian -1 -1 -10 207 112 240 205-1 -1 -1 -1000 -1000 -1000 -10 -0.997714
