Pedestrian -1 -1 -10 52 215 102 308-1 -1 -1 -1000 -1000 -1000 -10 0.102758
Pedestrian -1 -1 -10 341 194 377 294-1 -1 -1 -1000 -1000 -1000 -10 0.0303812
Pedestrian -1 -1 -10 139 203 193 303-1 -1 -1 -1000 -1000 -1000 -10 -0.270947
Pedestrian -1 -1 -10 340 193 418 283-1 -1 -1 -1000 -1000 -1000 -10 -0.469887
Pedestrian -1 -1 -10 12 107 53 222-1 -1 -1 -1000 -1000 -1000 -10 -0.56031
Pedestrian -1 -1 -10 40 209 117 351-1 -1 -1 -1000 -1000 -1000 -10 -0.670994
Pedestrian -1 -1 -10 1032 168 1087 320-1 -1 -1 -1000 -1000 -1000 -10 -0.730162
Pedestrian -1 -1 -10 1193 137 1241 200-1 -1 -1 -1000 -1000 -1000 -10 -0.790782
Pedestrian -1 -1 -10 1223 47 1241 147-1 -1 -1 -1000 -1000 -1000 -10 -0.790848
Pedestrian -1 -1 -10 1 35 69 223-1 -1 -1 -1000 -1000 -1000 -10 -0.837603
Pedestrian -1 -1 -10 1 166 129 312-1 -1 -1 -1000 -1000 -1000 -10 -0.884748
Pedestrian -1 -1 -10 57 49 88 136-1 -1 -1 -1000 -1000 -1000 -10 -0.905066
Pedestrian -1 -1 -10 1162 107 1235 190-1 -1 -1 -1000 -1000 -1000 -10 -0.914088
Pedestrian -1 -1 -10 1196 38 1241 111-1 -1 -1 -1000 -1000 -1000 -10 -0.966447
