Pedestrian -1 -1 -10 1209 25 1240 112-1 -1 -1 -1000 -1000 -1000 -10 -0.191108
Pedestrian -1 -1 -10 702 137 780 227-1 -1 -1 -1000 -1000 -1000 -10 -0.314941
Pedestrian -1 -1 -10 1210 78 1242 171-1 -1 -1 -1000 -1000 -1000 -10 -0.389011
Pedestrian -1 -1 -10 1 89 56 152-1 -1 -1 -1000 -1000 -1000 -10 -0.466207
Pedestrian -1 -1 -10 791 203 919 349-1 -1 -1 -1000 -1000 -1000 -10 -0.638602
Pedestrian -1 -1 -10 740 90 798 197-1 -1 -1 -1000 -1000 -1000 -10 -0.765359
Pedestrian -1 -1 -10 1064 130 1123 198-1 -1 -1 -1000 -1000 -1000 -10 -0.786572
Pedestrian -1 -1 -10 1076 1 1112 101-1 -1 -1 -1000 -1000 -1000 -10 -0.804412
Pedestrian -1 -1 -10 1196 1 1232 101-1 -1 -1 -1000 -1000 -1000 -10 -0.805753
Pedestrian -1 -1 -10 865 280 962 375-1 -1 -1 -1000 -1000 -1000 -10 -0.80945
Pedestrian -1 -1 -10 1001 121 1032 208-1 -1 -1 -1000 -1000 -1000 -10 -0.872721
Pedestrian -1 -1 -10 31 1 149 328-1 -1 -1 -1000 -1000 -1000 -10 -0.878994
Pedestrian -1 -1 -10 592 85 887 375-1 -1 -1 -1000 -1000 -1000 -10 -0.891489
Pedestrian -1 -1 -10 1161 1 1208 88-1 -1 -1 -1000 -1000 -1000 -10 -0.917449
