Pedestrian -1 -1 -10 730 90 768 197-1 -1 -1 -1000 -1000 -1000 -10 -0.36819
Pedestrian -1 -1 -10 777 1 922 267-1 -1 -1 -1000 -1000 -1000 -10 -0.487643
Pedestrian -1 -1 -10 112 29 195 181-1 -1 -1 -1000 -1000 -1000 -10 -0.712425
Pedestrian -1 -1 -10 537 97 584 184-1 -1 -1 -1000 -1000 -1000 -10 -0.766066
Pedestrian -1 -1 -10 670 95 703 188-1 -1 -1 -1000 -1000 -1000 -10 -0.771466
Pedestrian -1 -1 -10 907 1 975 79-1 -1 -1 -1000 -1000 -1000 -10 -0.787532
Pedestrian -1 -1 -10 417 1 472 64-1 -1 -1 -1000 -1000 -1000 -10 -0.811409
Pedestrian -1 -1 -10 185 113 232 200-1 -1 -1 -1000 -1000 -1000 -10 -0.824597
Pedestrian -1 -1 -10 906 99 1003 209-1 -1 -1 -1000 -1000 -1000 -10 -0.835481
Pedestrian -1 -1 -10 725 71 780 223-1 -1 -1 -1000 -1000 -1000 -10 -0.839075
Pedestrian -1 -1 -10 1114 90 1182 168-1 -1 -1 -1000 -1000 -1000 -10 -0.86738
Pedestrian -1 -1 -10 449 113 480 200-1 -1 -1 -1000 -1000 -1000 -10 -0.877083
Pedestrian -1 -1 -10 578 114 645 237-1 -1 -1 -1000 -1000 -1000 -10 -0.877324
Pedestrian -1 -1 -10 736 1 956 375-1 -1 -1 -1000 -1000 -1000 -10 -0.938833
Pedestrian -1 -1 -10 224 87 274 180-1 -1 -1 -1000 -1000 -1000 -10 -0.953136
Pedestrian -1 -1 -10 1021 148 1084 221-1 -1 -1 -1000 -1000 -1000 -10 -0.972493
Pedestrian -1 -1 -10 671 80 729 187-1 -1 -1 -1000 -1000 -1000 -10 -0.97311
Pedestrian -1 -1 -10 297 1 328 88-1 -1 -1 -1000 -1000 -1000 -10 -0.982373
Pedestrian -1 -1 -10 498 87 531 180-1 -1 -1 -1000 -1000 -1000 -10 -0.990713
