Pedestrian -1 -1 -10 71 71 126 223-1 -1 -1 -1000 -1000 -1000 -10 0.33417
Pedestrian -1 -1 -10 756 78 806 171-1 -1 -1 -1000 -1000 -1000 -10 -0.517142
Pedestrian -1 -1 -10 313 27 390 169-1 -1 -1 -1000 -1000 -1000 -10 -0.616204
Pedestrian -1 -1 -10 1 201 32 288-1 -1 -1 -1000 -1000 -1000 -10 -0.664158
Pedestrian -1 -1 -10 473 147 506 240-1 -1 -1 -1000 -1000 -1000 -10 -0.729527
Pedestrian -1 -1 -10 878 80 946 158-1 -1 -1 -1000 -1000 -1000 -10 -0.7768
Pedestrian -1 -1 -10 718 1 791 202-1 -1 -1 -1000 -1000 -1000 -10 -0.807303
Pedestrian -1 -1 -10 273 137 317 260-1 -1 -1 -1000 -1000 -1000 -10 -0.808504
Pedestrian -1 -1 -10 1 147 49 279-1 -1 -1 -1000 -1000 -1000 -10 -0.863237
Pedestrian -1 -1 -10 1 33 224 288-1 -1 -1 -1000 -1000 -1000 -10 -0.868383
