Pedestrian -1 -1 -10 1141 244 1213 376-1 -1 -1 -1000 -1000 -1000 -10 -0.45326
Pedestrian -1 -1 -10 1030 75 1241 376-1 -1 -1 -1000 -1000 -1000 -10 -0.510523
Pedestrian -1 -1 -10 938 56 992 156-1 -1 -1 -1000 -1000 -1000 -10 -0.544791
Pedestrian -1 -1 -10 714 114 792 204-1 -1 -1 -1000 -1000 -1000 -10 -0.682084
Pedestrian -1 -1 -10 241 193 288 280-1 -1 -1 -1000 -1000 -1000 -10 -0.705148
Pedestrian -1 -1 -10 951 114 1018 237-1 -1 -1 -1000 -1000 -1000 -10 -0.713147
Pedestrian -1 -1 -10 1204 1 1241 116-1 -1 -1 -1000 -1000 -1000 -10 -0.715155
Pedestrian -1 -1 -10 905 97 952 184-1 -1 -1 -1000 -1000 -1000 -10 -0.721362
Pedestrian -1 -1 -10 961 313 1016 376-1 -1 -1 -1000 -1000 -1000 -10 -0.746486
Pedestrian -1 -1 -10 956 257 1024 335-1 -1 -1 -1000 -1000 -1000 -10 -0.871082
Pedestrian -1 -1 -10 736 258 772 358-1 -1 -1 -1000 -1000 -1000 -10 -0.894215
Pedestrian -1 -1 -10 38 148 294 376-1 -1 -1 -1000 -1000 -1000 -10 -0.903362
Pedestrian -1 -1 -10 1144 1 1212 79-1 -1 -1 -1000 -1000 -1000 -10 -0.907396
Pedestrian -1 -1 -10 897 49 928 136-1 -1 -1 -1000 -1000 -1000 -10 -0.918712
Pedestrian -1 -1 -10 927 277 985 376-1 -1 -1 -1000 -1000 -1000 -10 -0.92938
Pedestrian -1 -1 -10 976 21 1014 128-1 -1 -1 -1000 -1000 -1000 -10 -0.978991
Pedestrian -1 -1 -10 790 121 849 189-1 -1 -1 -1000 -1000 -1000 -10 -0.985907
Pedestrian -1 -1 -10 937 177 984 264-1 -1 -1 -1000 -1000 -1000 -10 -0.990588
Pedestrian -1 -1 -10 392 138 465 221-1 -1 -1 -1000 -1000 -1000 -10 -0.997781
