Pedestrian -1 -1 -10 505 161 536 248-1 -1 -1 -1000 -1000 -1000 -10 0.0657406
Pedestrian -1 -1 -10 202 85 243 200-1 -1 -1 -1000 -1000 -1000 -10 -0.100799
Pedestrian -1 -1 -10 505 137 552 224-1 -1 -1 -1000 -1000 -1000 -10 -0.167962
Pedestrian -1 -1 -10 1 121 32 208-1 -1 -1 -1000 -1000 -1000 -10 -0.627165
Pedestrian -1 -1 -10 874 1 970 267-1 -1 -1 -1000 -1000 -1000 -10 -0.642328
Pedestrian -1 -1 -10 433 111 496 184-1 -1 -1 -1000 -1000 -1000 -10 -0.699531
Pedestrian -1 -1 -10 248 92 338 195-1 -1 -1 -1000 -1000 -1000 -10 -0.733569
Pedestrian -1 -1 -10 385 105 416 192-1 -1 -1 -1000 -1000 -1000 -10 -0.748136
Pedestrian -1 -1 -10 474 147 558 243-1 -1 -1 -1000 -1000 -1000 -10 -0.86497
Pedestrian -1 -1 -10 46 239 113 362-1 -1 -1 -1000 -1000 -1000 -10 -0.920267
Pedestrian -1 -1 -10 326 90 364 197-1 -1 -1 -1000 -1000 -1000 -10 -0.929036
Pedestrian -1 -1 -10 664 79 715 221-1 -1 -1 -1000 -1000 -1000 -10 -0.974192
Pedestrian -1 -1 -10 1129 129 1184 192-1 -1 -1 -1000 -1000 -1000 -10 -0.994448
