Pedestrian -1 -1 -10 1185 43 1240 195-1 -1 -1 -1000 -1000 -1000 -10 -0.504569
Pedestrian -1 -1 -10 1058 185 1121 258-1 -1 -1 -1000 -1000 -1000 -10 -0.631892
Pedestrian -1 -1 -10 867 96 908 211-1 -1 -1 -1000 -1000 -1000 -10 -0.671525
Pedestrian -1 -1 -10 1088 75 1150 190-1 -1 -1 -1000 -1000 -1000 -10 -0.673989
Pedestrian -1 -1 -10 1015 90 1073 197-1 -1 -1 -1000 -1000 -1000 -10 -0.72528
Pedestrian -1 -1 -10 249 93 312 166-1 -1 -1 -1000 -1000 -1000 -10 -0.815879
Pedestrian -1 -1 -10 1200 137 1241 260-1 -1 -1 -1000 -1000 -1000 -10 -0.817599
Pedestrian -1 -1 -10 1210 250 1241 343-1 -1 -1 -1000 -1000 -1000 -10 -0.826644
Pedestrian -1 -1 -10 1121 91 1224 209-1 -1 -1 -1000 -1000 -1000 -10 -0.826846
Pedestrian -1 -1 -10 16 16 75 179-1 -1 -1 -1000 -1000 -1000 -10 -0.872158
Pedestrian -1 -1 -10 665 137 720 200-1 -1 -1 -1000 -1000 -1000 -10 -0.879748
Pedestrian -1 -1 -10 1030 75 1241 376-1 -1 -1 -1000 -1000 -1000 -10 -0.902048
Pedestrian -1 -1 -10 800 130 863 203-1 -1 -1 -1000 -1000 -1000 -10 -0.908115
Pedestrian -1 -1 -10 277 90 345 168-1 -1 -1 -1000 -1000 -1000 -10 -0.921307
Pedestrian -1 -1 -10 1081 27 1140 95-1 -1 -1 -1000 -1000 -1000 -10 -0.976351
Pedestrian -1 -1 -10 976 105 1053 247-1 -1 -1 -1000 -1000 -1000 -10 -0.978532
Pedestrian -1 -1 -10 753 65 784 152-1 -1 -1 -1000 -1000 -1000 -10 -0.986614
Pedestrian -1 -1 -10 902 130 965 203-1 -1 -1 -1000 -1000 -1000 -10 -0.998608
