Pedestrian -1 -1 -10 635 10 694 78-1 -1 -1 -1000 -1000 -1000 -10 -0.757536
Pedestrian -1 -1 -10 740 119 778 226-1 -1 -1 -1000 -1000 -1000 -10 -0.769843
Pedestrian -1 -1 -10 793 159 928 375-1 -1 -1 -1000 -1000 -1000 -10 -0.786181
Pedestrian -1 -1 -10 709 166 763 266-1 -1 -1 -1000 -1000 -1000 -10 -0.793255
Pedestrian -1 -1 -10 486 50 534 182-1 -1 -1 -1000 -1000 -1000 -10 -0.911334
Pedestrian -1 -1 -10 1012 139 1048 239-1 -1 -1 -1000 -1000 -1000 -10 -0.93361
Pedestrian -1 -1 -10 721 112 754 205-1 -1 -1 -1000 -1000 -1000 -10 -0.954472
Pedestrian -1 -1 -10 50 1 243 375-1 -1 -1 -1000 -1000 -1000 -10 -0.959878
Pedestrian -1 -1 -10 377 159 425 291-1 -1 -1 -1000 -1000 -1000 -10 -0.989125
Pedestrian -1 -1 -10 631 109 669 216-1 -1 -1 -1000 -1000 -1000 -10 -0.995758
Pedestrian -1 -1 -10 953 129 1008 192-1 -1 -1 -1000 -1000 -1000 -10 -0.997689
