Pedestrian -1 -1 -10 961 1 1024 176-1 -1 -1 -1000 -1000 -1000 -10 0.155697
Pedestrian -1 -1 -10 558 95 608 188-1 -1 -1 -1000 -1000 -1000 -10 -0.368767
Pedestrian -1 -1 -10 275 33 316 148-1 -1 -1 -1000 -1000 -1000 -10 -0.381705
Pedestrian -1 -1 -10 764 185 800 285-1 -1 -1 -1000 -1000 -1000 -10 -0.50032
Pedestrian -1 -1 -10 147 280 219 375-1 -1 -1 -1000 -1000 -1000 -10 -0.549748
Pedestrian -1 -1 -10 270 165 373 283-1 -1 -1 -1000 -1000 -1000 -10 -0.638502
Pedestrian -1 -1 -10 464 112 497 205-1 -1 -1 -1000 -1000 -1000 -10 -0.757084
Pedestrian -1 -1 -10 447 181 497 274-1 -1 -1 -1000 -1000 -1000 -10 -0.776648
Pedestrian -1 -1 -10 473 138 523 231-1 -1 -1 -1000 -1000 -1000 -10 -0.812922
Pedestrian -1 -1 -10 387 29 450 102-1 -1 -1 -1000 -1000 -1000 -10 -0.84152
Pedestrian -1 -1 -10 38 166 166 312-1 -1 -1 -1000 -1000 -1000 -10 -0.869898
Pedestrian -1 -1 -10 450 62 498 194-1 -1 -1 -1000 -1000 -1000 -10 -0.883853
Pedestrian -1 -1 -10 256 74 304 206-1 -1 -1 -1000 -1000 -1000 -10 -0.888331
Pedestrian -1 -1 -10 137 129 184 216-1 -1 -1 -1000 -1000 -1000 -10 -0.953427
Pedestrian -1 -1 -10 335 1 529 223-1 -1 -1 -1000 -1000 -1000 -10 -0.964197
Pedestrian -1 -1 -10 703 150 806 268-1 -1 -1 -1000 -1000 -1000 -10 -0.988163
Pedestrian -1 -1 -10 713 87 746 180-1 -1 -1 -1000 -1000 -1000 -10 -0.998423
