Pedestrian -1 -1 -10 489 161 520 248-1 -1 -1 -1000 -1000 -1000 -10 0.347646
Pedestrian -1 -1 -10 1158 144 1209 286-1 -1 -1 -1000 -1000 -1000 -10 -0.0324087
Pedestrian -1 -1 -10 137 169 192 232-1 -1 -1 -1000 -1000 -1000 -10 -0.0401073
Pedestrian -1 -1 -10 138 170 200 285-1 -1 -1 -1000 -1000 -1000 -10 -0.335175
Pedestrian -1 -1 -10 1122 267 1158 367-1 -1 -1 -1000 -1000 -1000 -10 -0.339096
Pedestrian -1 -1 -10 1116 190 1184 375-1 -1 -1 -1000 -1000 -1000 -10 -0.51875
Pedestrian -1 -1 -10 265 257 296 344-1 -1 -1 -1000 -1000 -1000 -10 -0.565986
Pedestrian -1 -1 -10 486 122 534 254-1 -1 -1 -1000 -1000 -1000 -10 -0.579988
Pedestrian -1 -1 -10 533 139 571 246-1 -1 -1 -1000 -1000 -1000 -10 -0.696451
Pedestrian -1 -1 -10 1144 139 1222 355-1 -1 -1 -1000 -1000 -1000 -10 -0.770853
Pedestrian -1 -1 -10 550 138 609 206-1 -1 -1 -1000 -1000 -1000 -10 -0.839222
Pedestrian -1 -1 -10 321 154 404 306-1 -1 -1 -1000 -1000 -1000 -10 -0.858482
Pedestrian -1 -1 -10 920 231 983 304-1 -1 -1 -1000 -1000 -1000 -10 -0.861753
Pedestrian -1 -1 -10 945 161 976 248-1 -1 -1 -1000 -1000 -1000 -10 -0.871278
Pedestrian -1 -1 -10 1084 159 1142 266-1 -1 -1 -1000 -1000 -1000 -10 -0.87715
Pedestrian -1 -1 -10 385 65 576 375-1 -1 -1 -1000 -1000 -1000 -10 -0.890356
Pedestrian -1 -1 -10 1217 97 1242 184-1 -1 -1 -1000 -1000 -1000 -10 -0.895637
Pedestrian -1 -1 -10 1 198 34 291-1 -1 -1 -1000 -1000 -1000 -10 -0.958448
Pedestrian -1 -1 -10 544 137 611 260-1 -1 -1 -1000 -1000 -1000 -10 -0.972153
