Pedestrian -1 -1 -10 614 15 669 167-1 -1 -1 -1000 -1000 -1000 -10 -0.0145149
Pedestrian -1 -1 -10 196 209 286 312-1 -1 -1 -1000 -1000 -1000 -10 -0.56903
Pedestrian -1 -1 -10 1197 79 1242 364-1 -1 -1 -1000 -1000 -1000 -10 -0.59779
Pedestrian -1 -1 -10 129 297 184 360-1 -1 -1 -1000 -1000 -1000 -10 -0.644977
Pedestrian -1 -1 -10 599 79 650 221-1 -1 -1 -1000 -1000 -1000 -10 -0.743538
Pedestrian -1 -1 -10 898 122 946 254-1 -1 -1 -1000 -1000 -1000 -10 -0.775391
Pedestrian -1 -1 -10 736 12 803 135-1 -1 -1 -1000 -1000 -1000 -10 -0.777125
Pedestrian -1 -1 -10 1167 78 1217 171-1 -1 -1 -1000 -1000 -1000 -10 -0.788127
Pedestrian -1 -1 -10 688 61 747 224-1 -1 -1 -1000 -1000 -1000 -10 -0.798037
Pedestrian -1 -1 -10 661 99 699 206-1 -1 -1 -1000 -1000 -1000 -10 -0.862849
Pedestrian -1 -1 -10 90 277 148 375-1 -1 -1 -1000 -1000 -1000 -10 -0.875019
Pedestrian -1 -1 -10 1093 40 1170 182-1 -1 -1 -1000 -1000 -1000 -10 -0.960422
Pedestrian -1 -1 -10 29 313 92 375-1 -1 -1 -1000 -1000 -1000 -10 -0.96104
Pedestrian -1 -1 -10 699 19 808 220-1 -1 -1 -1000 -1000 -1000 -10 -0.970705
Pedestrian -1 -1 -10 313 93 422 294-1 -1 -1 -1000 -1000 -1000 -10 -0.98567
