Pedestrian -1 -1 -10 792 31 851 194-1 -1 -1 -1000 -1000 -1000 -10 -0.257367
Pedestrian -1 -1 -10 508 75 549 190-1 -1 -1 -1000 -1000 -1000 -10 -0.32821
Pedestrian -1 -1 -10 732 46 791 209-1 -1 -1 -1000 -1000 -1000 -10 -0.459783
Pedestrian -1 -1 -10 363 80 430 203-1 -1 -1 -1000 -1000 -1000 -10 -0.548598
Pedestrian -1 -1 -10 910 86 994 182-1 -1 -1 -1000 -1000 -1000 -10 -0.590178
Pedestrian -1 -1 -10 1189 69 1242 159-1 -1 -1 -1000 -1000 -1000 -10 -0.598361
Pedestrian -1 -1 -10 1141 98 1189 230-1 -1 -1 -1000 -1000 -1000 -10 -0.62105
Pedestrian -1 -1 -10 447 130 506 198-1 -1 -1 -1000 -1000 -1000 -10 -0.636647
Pedestrian -1 -1 -10 148 1 257 202-1 -1 -1 -1000 -1000 -1000 -10 -0.747086
Pedestrian -1 -1 -10 883 75 1011 221-1 -1 -1 -1000 -1000 -1000 -10 -0.783998
Pedestrian -1 -1 -10 750 60 887 217-1 -1 -1 -1000 -1000 -1000 -10 -0.836323
Pedestrian -1 -1 -10 413 107 486 190-1 -1 -1 -1000 -1000 -1000 -10 -0.8412
Pedestrian -1 -1 -10 929 24 1086 204-1 -1 -1 -1000 -1000 -1000 -10 -0.946446
Pedestrian -1 -1 -10 1081 10 1140 78-1 -1 -1 -1000 -1000 -1000 -10 -0.954169
Pedestrian -1 -1 -10 239 80 306 203-1 -1 -1 -1000 -1000 -1000 -10 -0.962449
Pedestrian -1 -1 -10 625 53 988 375-1 -1 -1 -1000 -1000 -1000 -10 -0.962597
Pedestrian -1 -1 -10 1 80 45 203-1 -1 -1 -1000 -1000 -1000 -10 -0.967593
Pedestrian -1 -1 -10 438 98 522 194-1 -1 -1 -1000 -1000 -1000 -10 -0.972015
