Pedestrian -1 -1 -10 1196 75 1242 276-1 -1 -1 -1000 -1000 -1000 -10 -0.363757
Pedestrian -1 -1 -10 595 98 679 194-1 -1 -1 -1000 -1000 -1000 -10 -0.449141
Pedestrian -1 -1 -10 807 18 840 111-1 -1 -1 -1000 -1000 -1000 -10 -0.628454
Pedestrian -1 -1 -10 584 87 686 275-1 -1 -1 -1000 -1000 -1000 -10 -0.774277
Pedestrian -1 -1 -10 655 43 802 211-1 -1 -1 -1000 -1000 -1000 -10 -0.794275
Pedestrian -1 -1 -10 345 17 392 104-1 -1 -1 -1000 -1000 -1000 -10 -0.859655
Pedestrian -1 -1 -10 1 99 69 177-1 -1 -1 -1000 -1000 -1000 -10 -0.893204
Pedestrian -1 -1 -10 1106 1 1209 119-1 -1 -1 -1000 -1000 -1000 -10 -0.927517
Pedestrian -1 -1 -10 793 1 824 88-1 -1 -1 -1000 -1000 -1000 -10 -0.928891
Pedestrian -1 -1 -10 396 75 432 175-1 -1 -1 -1000 -1000 -1000 -10 -0.94138
Pedestrian -1 -1 -10 976 287 1066 375-1 -1 -1 -1000 -1000 -1000 -10 -0.948512
Pedestrian -1 -1 -10 1155 159 1242 375-1 -1 -1 -1000 -1000 -1000 -10 -0.956483
Pedestrian -1 -1 -10 801 13 849 145-1 -1 -1 -1000 -1000 -1000 -10 -0.99516
