Pedestrian -1 -1 -10 413 107 475 222-1 -1 -1 -1000 -1000 -1000 -10 -0.461391
Pedestrian -1 -1 -10 456 92 507 234-1 -1 -1 -1000 -1000 -1000 -10 -0.462237
Pedestrian -1 -1 -10 910 87 969 155-1 -1 -1 -1000 -1000 -1000 -10 -0.575062
Pedestrian -1 -1 -10 1 66 52 208-1 -1 -1 -1000 -1000 -1000 -10 -0.617081
Pedestrian -1 -1 -10 498 121 531 214-1 -1 -1 -1000 -1000 -1000 -10 -0.749521
Pedestrian -1 -1 -10 1209 217 1240 304-1 -1 -1 -1000 -1000 -1000 -10 -0.762057
Pedestrian -1 -1 -10 1185 97 1242 272-1 -1 -1 -1000 -1000 -1000 -10 -0.800076
Pedestrian -1 -1 -10 1104 1 1242 375-1 -1 -1 -1000 -1000 -1000 -10 -0.803565
Pedestrian -1 -1 -10 1012 75 1066 175-1 -1 -1 -1000 -1000 -1000 -10 -0.825778
Pedestrian -1 -1 -10 218 228 276 335-1 -1 -1 -1000 -1000 -1000 -10 -0.848895
Pedestrian -1 -1 -10 971 150 1030 313-1 -1 -1 -1000 -1000 -1000 -10 -0.86797
Pedestrian -1 -1 -10 80 31 118 138-1 -1 -1 -1000 -1000 -1000 -10 -0.869807
Pedestrian -1 -1 -10 680 74 728 206-1 -1 -1 -1000 -1000 -1000 -10 -0.891739
Pedestrian -1 -1 -10 699 222 762 295-1 -1 -1 -1000 -1000 -1000 -10 -0.902022
Pedestrian -1 -1 -10 241 65 304 240-1 -1 -1 -1000 -1000 -1000 -10 -0.943156
Pedestrian -1 -1 -10 583 62 655 194-1 -1 -1 -1000 -1000 -1000 -10 -0.966339
Pedestrian -1 -1 -10 681 166 735 266-1 -1 -1 -1000 -1000 -1000 -10 -0.972981
Pedestrian -1 -1 -10 423 1 549 232-1 -1 -1 -1000 -1000 -1000 -10 -0.99706
