Pedestrian -1 -1 -10 759 99 797 206-1 -1 -1 -1000 -1000 -1000 -10 -0.272766
Pedestrian -1 -1 -10 1130 159 1203 242-1 -1 -1 -1000 -1000 -1000 -10 -0.612788
Pedestrian -1 -1 -10 696 27 729 120-1 -1 -1 -1000 -1000 -1000 -10 -0.645213
Pedestrian -1 -1 -10 609 97 672 272-1 -1 -1 -1000 -1000 -1000 -10 -0.768338
Pedestrian -1 -1 -10 800 102 836 202-1 -1 -1 -1000 -1000 -1000 -10 -0.822687
Pedestrian -1 -1 -10 867 307 940 375-1 -1 -1 -1000 -1000 -1000 -10 -0.858733
Pedestrian -1 -1 -10 421 87 454 180-1 -1 -1 -1000 -1000 -1000 -10 -0.859638
Pedestrian -1 -1 -10 826 244 898 375-1 -1 -1 -1000 -1000 -1000 -10 -0.882583
Pedestrian -1 -1 -10 948 313 1011 375-1 -1 -1 -1000 -1000 -1000 -10 -0.893498
Pedestrian -1 -1 -10 1203 159 1242 237-1 -1 -1 -1000 -1000 -1000 -10 -0.91443
Pedestrian -1 -1 -10 450 62 522 194-1 -1 -1 -1000 -1000 -1000 -10 -0.934332
Pedestrian -1 -1 -10 1 29 64 102-1 -1 -1 -1000 -1000 -1000 -10 -0.947584
Pedestrian -1 -1 -10 657 121 712 184-1 -1 -1 -1000 -1000 -1000 -10 -0.954989
Pedestrian -1 -1 -10 455 293 505 375-1 -1 -1 -1000 -1000 -1000 -10 -0.969092
Pedestrian -1 -1 -10 927 1 1046 137-1 -1 -1 -1000 -1000 -1000 -10 -0.97714
