Pedestrian -1 -1 -10 1209 105 1240 192-1 -1 -1 -1000 -1000 -1000 -10 -0.10778
Pedestrian -1 -1 -10 809 73 840 160-1 -1 -1 -1000 -1000 -1000 -10 -0.109789
Pedestrian -1 -1 -10 575 44 608 137-1 -1 -1 -1000 -1000 -1000 -10 -0.249454
Pedestrian -1 -1 -10 801 62 849 194-1 -1 -1 -1000 -1000 -1000 -10 -0.572684
Pedestrian -1 -1 -10 332 120 368 220-1 -1 -1 -1000 -1000 -1000 -10 -0.641893
Pedestrian -1 -1 -10 1153 1 1184 88-1 -1 -1 -1000 -1000 -1000 -10 -0.71151
Pedestrian -1 -1 -10 1194 75 1235 190-1 -1 -1 -1000 -1000 -1000 -10 -0.71428
Pedestrian -1 -1 -10 582 96 655 179-1 -1 -1 -1000 -1000 -1000 -10 -0.726585
Pedestrian -1 -1 -10 583 91 672 254-1 -1 -1 -1000 -1000 -1000 -10 -0.764682
Pedestrian -1 -1 -10 198 10 248 103-1 -1 -1 -1000 -1000 -1000 -10 -0.788459
Pedestrian -1 -1 -10 114 103 181 226-1 -1 -1 -1000 -1000 -1000 -10 -0.803435
Pedestrian -1 -1 -10 1150 65 1186 165-1 -1 -1 -1000 -1000 -1000 -10 -0.814412
Pedestrian -1 -1 -10 147 18 180 111-1 -1 -1 -1000 -1000 -1000 -10 -0.858861
Pedestrian -1 -1 -10 725 92 803 182-1 -1 -1 -1000 -1000 -1000 -10 -0.931049
Pedestrian -1 -1 -10 1185 1 1240 153-1 -1 -1 -1000 -1000 -1000 -10 -0.948517
Pedestrian -1 -1 -10 1 80 45 203-1 -1 -1 -1000 -1000 -1000 -10 -0.972878
Pedestrian -1 -1 -10 105 321 160 375-1 -1 -1 -1000 -1000 -1000 -10 -0.981721
