Pedestrian -1 -1 -10 852 180 911 343-1 -1 -1 -1000 -1000 -1000 -10 0.292438
Pedestrian -1 -1 -10 336 159 414 374-1 -1 -1 -1000 -1000 -1000 -10 0.228137
Pedestrian -1 -1 -10 798 215 848 308-1 -1 -1 -1000 -1000 -1000 -10 0.14762
Pedestrian -1 -1 -10 902 203 975 374-1 -1 -1 -1000 -1000 -1000 -10 0.0229964
Pedestrian -1 -1 -10 1 1 239 374-1 -1 -1 -1000 -1000 -1000 -10 -0.309793
Pedestrian -1 -1 -10 762 150 821 313-1 -1 -1 -1000 -1000 -1000 -10 -0.721363
Pedestrian -1 -1 -10 951 24 1041 272-1 -1 -1 -1000 -1000 -1000 -10 -0.785565
Pedestrian -1 -1 -10 534 27 624 130-1 -1 -1 -1000 -1000 -1000 -10 -0.815317
Pedestrian -1 -1 -10 789 188 857 266-1 -1 -1 -1000 -1000 -1000 -10 -0.893865
Pedestrian -1 -1 -10 441 161 472 248-1 -1 -1 -1000 -1000 -1000 -10 -0.896141
Pedestrian -1 -1 -10 1025 321 1080 374-1 -1 -1 -1000 -1000 -1000 -10 -0.908439
Pedestrian -1 -1 -10 690 129 748 236-1 -1 -1 -1000 -1000 -1000 -10 -0.922856
Pedestrian -1 -1 -10 868 1 1103 374-1 -1 -1 -1000 -1000 -1000 -10 -0.957624
Pedestrian -1 -1 -10 268 171 437 364-1 -1 -1 -1000 -1000 -1000 -10 -0.998486
