Pedestrian -1 -1 -10 582 99 620 206-1 -1 -1 -1000 -1000 -1000 -10 -0.0470834
Pedestrian -1 -1 -10 818 80 856 187-1 -1 -1 -1000 -1000 -1000 -10 -0.371243
Pedestrian -1 -1 -10 389 31 448 194-1 -1 -1 -1000 -1000 -1000 -10 -0.388597
Pedestrian -1 -1 -10 1067 85 1140 168-1 -1 -1 -1000 -1000 -1000 -10 -0.504106
Pedestrian -1 -1 -10 799 90 837 197-1 -1 -1 -1000 -1000 -1000 -10 -0.541624
Pedestrian -1 -1 -10 1 41 32 128-1 -1 -1 -1000 -1000 -1000 -10 -0.545115
Pedestrian -1 -1 -10 1058 1 1094 101-1 -1 -1 -1000 -1000 -1000 -10 -0.607106
Pedestrian -1 -1 -10 985 58 1029 181-1 -1 -1 -1000 -1000 -1000 -10 -0.627014
Pedestrian -1 -1 -10 210 46 299 209-1 -1 -1 -1000 -1000 -1000 -10 -0.632573
Pedestrian -1 -1 -10 1060 15 1115 167-1 -1 -1 -1000 -1000 -1000 -10 -0.678825
Pedestrian -1 -1 -10 344 18 446 206-1 -1 -1 -1000 -1000 -1000 -10 -0.695765
Pedestrian -1 -1 -10 1073 81 1136 256-1 -1 -1 -1000 -1000 -1000 -10 -0.725042
Pedestrian -1 -1 -10 966 1 1044 217-1 -1 -1 -1000 -1000 -1000 -10 -0.728621
Pedestrian -1 -1 -10 720 80 758 187-1 -1 -1 -1000 -1000 -1000 -10 -0.783523
Pedestrian -1 -1 -10 858 1 908 94-1 -1 -1 -1000 -1000 -1000 -10 -0.858552
Pedestrian -1 -1 -10 497 105 528 192-1 -1 -1 -1000 -1000 -1000 -10 -0.886689
Pedestrian -1 -1 -10 907 1 1182 315-1 -1 -1 -1000 -1000 -1000 -10 -0.895234
Pedestrian -1 -1 -10 508 85 803 375-1 -1 -1 -1000 -1000 -1000 -10 -0.908361
Pedestrian -1 -1 -10 476 85 517 200-1 -1 -1 -1000 -1000 -1000 -10 -0.932949
Pedestrian -1 -1 -10 846 92 897 234-1 -1 -1 -1000 -1000 -1000 -10 -0.937881
Pedestrian -1 -1 -10 318 130 368 223-1 -1 -1 -1000 -1000 -1000 -10 -0.982583
