Pedestrian -1 -1 -10 1180 1 1239 164-1 -1 -1 -1000 -1000 -1000 -10 -0.151822
Pedestrian -1 -1 -10 510 80 554 203-1 -1 -1 -1000 -1000 -1000 -10 -0.408978
Pedestrian -1 -1 -10 119 1 236 217-1 -1 -1 -1000 -1000 -1000 -10 -0.45939
Pedestrian -1 -1 -10 1 61 60 224-1 -1 -1 -1000 -1000 -1000 -10 -0.486259
Pedestrian -1 -1 -10 489 129 520 216-1 -1 -1 -1000 -1000 -1000 -10 -0.581298
Pedestrian -1 -1 -10 773 52 892 188-1 -1 -1 -1000 -1000 -1000 -10 -0.733513
Pedestrian -1 -1 -10 732 105 791 268-1 -1 -1 -1000 -1000 -1000 -10 -0.741554
Pedestrian -1 -1 -10 442 103 520 193-1 -1 -1 -1000 -1000 -1000 -10 -0.788585
Pedestrian -1 -1 -10 625 53 988 375-1 -1 -1 -1000 -1000 -1000 -10 -0.826244
Pedestrian -1 -1 -10 1141 70 1174 163-1 -1 -1 -1000 -1000 -1000 -10 -0.877799
Pedestrian -1 -1 -10 562 109 630 187-1 -1 -1 -1000 -1000 -1000 -10 -0.914339
Pedestrian -1 -1 -10 1 60 138 217-1 -1 -1 -1000 -1000 -1000 -10 -0.915089
Pedestrian -1 -1 -10 425 113 456 200-1 -1 -1 -1000 -1000 -1000 -10 -0.943704
Pedestrian -1 -1 -10 465 85 760 375-1 -1 -1 -1000 -1000 -1000 -10 -0.960816
Pedestrian -1 -1 -10 228 99 266 206-1 -1 -1 -1000 -1000 -1000 -10 -0.961075
Pedestrian -1 -1 -10 1 31 119 358-1 -1 -1 -1000 -1000 -1000 -10 -0.963774
Pedestrian -1 -1 -10 401 98 485 194-1 -1 -1 -1000 -1000 -1000 -10 -0.987814
