Pedestrian -1 -1 -10 1095 166 1149 266-1 -1 -1 -1000 -1000 -1000 -10 -0.00773525
Pedestrian -1 -1 -10 1 22 42 137-1 -1 -1 -1000 -1000 -1000 -10 -0.571284
Pedestrian -1 -1 -10 1137 209 1168 296-1 -1 -1 -1000 -1000 -1000 -10 -0.789833
Pedestrian -1 -1 -10 920 19 993 220-1 -1 -1 -1000 -1000 -1000 -10 -0.804978
Pedestrian -1 -1 -10 1137 289 1168 375-1 -1 -1 -1000 -1000 -1000 -10 -0.840924
Pedestrian -1 -1 -10 61 78 120 146-1 -1 -1 -1000 -1000 -1000 -10 -0.895115
Pedestrian -1 -1 -10 1095 19 1158 92-1 -1 -1 -1000 -1000 -1000 -10 -0.913771
Pedestrian -1 -1 -10 966 109 1034 187-1 -1 -1 -1000 -1000 -1000 -10 -0.931646
Pedestrian -1 -1 -10 1 16 104 134-1 -1 -1 -1000 -1000 -1000 -10 -0.980814
Pedestrian -1 -1 -10 1152 149 1193 264-1 -1 -1 -1000 -1000 -1000 -10 -0.989471
