Pedestrian -1 -1 -10 340 159 384 282-1 -1 -1 -1000 -1000 -1000 -10 0.330399
Pedestrian -1 -1 -10 306 208 344 315-1 -1 -1 -1000 -1000 -1000 -10 -0.474928
Pedestrian -1 -1 -10 65 65 96 152-1 -1 -1 -1000 -1000 -1000 -10 -0.603836
Pedestrian -1 -1 -10 1081 1 1112 88-1 -1 -1 -1000 -1000 -1000 -10 -0.681174
Pedestrian -1 -1 -10 543 267 601 370-1 -1 -1 -1000 -1000 -1000 -10 -0.695536
Pedestrian -1 -1 -10 61 44 111 137-1 -1 -1 -1000 -1000 -1000 -10 -0.707513
Pedestrian -1 -1 -10 1186 157 1224 230-1 -1 -1 -1000 -1000 -1000 -10 -0.734343
Pedestrian -1 -1 -10 678 172 711 265-1 -1 -1 -1000 -1000 -1000 -10 -0.758317
Pedestrian -1 -1 -10 578 261 645 370-1 -1 -1 -1000 -1000 -1000 -10 -0.770193
Pedestrian -1 -1 -10 344 87 446 275-1 -1 -1 -1000 -1000 -1000 -10 -0.774553
Pedestrian -1 -1 -10 873 33 904 120-1 -1 -1 -1000 -1000 -1000 -10 -0.782961
Pedestrian -1 -1 -10 19 38 92 239-1 -1 -1 -1000 -1000 -1000 -10 -0.786756
Pedestrian -1 -1 -10 306 70 344 177-1 -1 -1 -1000 -1000 -1000 -10 -0.82281
Pedestrian -1 -1 -10 321 145 384 320-1 -1 -1 -1000 -1000 -1000 -10 -0.827704
Pedestrian -1 -1 -10 506 1 569 74-1 -1 -1 -1000 -1000 -1000 -10 -0.828845
Pedestrian -1 -1 -10 704 95 737 188-1 -1 -1 -1000 -1000 -1000 -10 -0.836558
Pedestrian -1 -1 -10 207 112 240 205-1 -1 -1 -1000 -1000 -1000 -10 -0.850577
Pedestrian -1 -1 -10 470 1 524 101-1 -1 -1 -1000 -1000 -1000 -10 -0.860205
Pedestrian -1 -1 -10 1153 1 1216 176-1 -1 -1 -1000 -1000 -1000 -10 -0.871574
Pedestrian -1 -1 -10 270 120 373 238-1 -1 -1 -1000 -1000 -1000 -10 -0.88857
Pedestrian -1 -1 -10 678 87 711 180-1 -1 -1 -1000 -1000 -1000 -10 -0.907197
Pedestrian -1 -1 -10 1124 181 1183 249-1 -1 -1 -1000 -1000 -1000 -10 -0.915812
Pedestrian -1 -1 -10 374 227 452 317-1 -1 -1 -1000 -1000 -1000 -10 -0.916867
Pedestrian -1 -1 -10 479 313 607 370-1 -1 -1 -1000 -1000 -1000 -10 -0.950826
Pedestrian -1 -1 -10 1041 225 1072 312-1 -1 -1 -1000 -1000 -1000 -10 -0.965995
Pedestrian -1 -1 -10 543 1 601 108-1 -1 -1 -1000 -1000 -1000 -10 -0.975767
Pedestrian -1 -1 -10 703 79 754 221-1 -1 -1 -1000 -1000 -1000 -10 -0.983147
Pedestrian -1 -1 -10 769 89 800 176-1 -1 -1 -1000 -1000 -1000 -10 -0.999729
