Pedestrian -1 -1 -10 1013 293 1063 375-1 -1 -1 -1000 -1000 -1000 -10 -0.250412
Pedestrian -1 -1 -10 561 1 624 176-1 -1 -1 -1000 -1000 -1000 -10 -0.358851
Pedestrian -1 -1 -10 533 121 566 214-1 -1 -1 -1000 -1000 -1000 -10 -0.781174
Pedestrian -1 -1 -10 614 43 697 195-1 -1 -1 -1000 -1000 -1000 -10 -0.794921
Pedestrian -1 -1 -10 671 109 739 187-1 -1 -1 -1000 -1000 -1000 -10 -0.858543
Pedestrian -1 -1 -10 1222 228 1242 335-1 -1 -1 -1000 -1000 -1000 -10 -0.880472
Pedestrian -1 -1 -10 817 65 872 128-1 -1 -1 -1000 -1000 -1000 -10 -0.901008
Pedestrian -1 -1 -10 1 1 158 375-1 -1 -1 -1000 -1000 -1000 -10 -0.928588
Pedestrian -1 -1 -10 498 1 617 137-1 -1 -1 -1000 -1000 -1000 -10 -0.987598
Pedestrian -1 -1 -10 244 138 317 221-1 -1 -1 -1000 -1000 -1000 -10 -0.988062
