Pedestrian -1 -1 -10 1021 130 1054 223-1 -1 -1 -1000 -1000 -1000 -10 0.00358248
Pedestrian -1 -1 -10 216 80 260 203-1 -1 -1 -1000 -1000 -1000 -10 -0.350657
Pedestrian -1 -1 -10 649 105 696 192-1 -1 -1 -1000 -1000 -1000 -10 -0.581701
Pedestrian -1 -1 -10 370 180 411 295-1 -1 -1 -1000 -1000 -1000 -10 -0.675305
Pedestrian -1 -1 -10 304 13 388 109-1 -1 -1 -1000 -1000 -1000 -10 -0.691258
Pedestrian -1 -1 -10 643 91 746 209-1 -1 -1 -1000 -1000 -1000 -10 -0.779022
Pedestrian -1 -1 -10 919 96 960 211-1 -1 -1 -1000 -1000 -1000 -10 -0.865164
Pedestrian -1 -1 -10 190 87 309 223-1 -1 -1 -1000 -1000 -1000 -10 -0.885766
Pedestrian -1 -1 -10 740 99 808 177-1 -1 -1 -1000 -1000 -1000 -10 -0.944895
Pedestrian -1 -1 -10 339 64 422 295-1 -1 -1 -1000 -1000 -1000 -10 -0.957358
Pedestrian -1 -1 -10 301 121 334 214-1 -1 -1 -1000 -1000 -1000 -10 -0.960105
Pedestrian -1 -1 -10 713 321 768 375-1 -1 -1 -1000 -1000 -1000 -10 -0.989872
