Pedestrian -1 -1 -10 1 1 37 101-1 -1 -1 -1000 -1000 -1000 -10 0.17797
Pedestrian -1 -1 -10 104 138 154 231-1 -1 -1 -1000 -1000 -1000 -10 -0.162355
Pedestrian -1 -1 -10 865 321 920 375-1 -1 -1 -1000 -1000 -1000 -10 -0.455227
Pedestrian -1 -1 -10 119 50 157 157-1 -1 -1 -1000 -1000 -1000 -10 -0.487632
Pedestrian -1 -1 -10 1 318 60 375-1 -1 -1 -1000 -1000 -1000 -10 -0.629799
Pedestrian -1 -1 -10 558 29 641 181-1 -1 -1 -1000 -1000 -1000 -10 -0.630558
Pedestrian -1 -1 -10 181 215 214 308-1 -1 -1 -1000 -1000 -1000 -10 -0.769694
Pedestrian -1 -1 -10 417 257 464 344-1 -1 -1 -1000 -1000 -1000 -10 -0.821187
Pedestrian -1 -1 -10 858 277 916 375-1 -1 -1 -1000 -1000 -1000 -10 -0.848139
Pedestrian -1 -1 -10 413 224 472 292-1 -1 -1 -1000 -1000 -1000 -10 -0.850818
Pedestrian -1 -1 -10 1189 80 1233 203-1 -1 -1 -1000 -1000 -1000 -10 -0.912416
Pedestrian -1 -1 -10 65 313 120 375-1 -1 -1 -1000 -1000 -1000 -10 -0.916741
Pedestrian -1 -1 -10 337 209 432 375-1 -1 -1 -1000 -1000 -1000 -10 -0.923332
Pedestrian -1 -1 -10 9 233 56 320-1 -1 -1 -1000 -1000 -1000 -10 -0.93001
Pedestrian -1 -1 -10 79 1 182 286-1 -1 -1 -1000 -1000 -1000 -10 -0.937019
Pedestrian -1 -1 -10 341 1 534 375-1 -1 -1 -1000 -1000 -1000 -10 -0.947868
Pedestrian -1 -1 -10 951 239 995 362-1 -1 -1 -1000 -1000 -1000 -10 -0.970091
Pedestrian -1 -1 -10 1 1 56 153-1 -1 -1 -1000 -1000 -1000 -10 -0.970961
Pedestrian -1 -1 -10 862 171 934 303-1 -1 -1 -1000 -1000 -1000 -10 -0.972332
Pedestrian -1 -1 -10 953 78 1003 171-1 -1 -1 -1000 -1000 -1000 -10 -0.981514
