Pedestrian -1 -1 -10 1078 107 1119 222-1 -1 -1 -1000 -1000 -1000 -10 -0.344057
Pedestrian -1 -1 -10 846 19 919 220-1 -1 -1 -1000 -1000 -1000 -10 -0.430154
Pedestrian -1 -1 -10 670 95 720 188-1 -1 -1 -1000 -1000 -1000 -10 -0.594733
Pedestrian -1 -1 -10 1032 71 1087 223-1 -1 -1 -1000 -1000 -1000 -10 -0.599063
Pedestrian -1 -1 -10 149 75 190 190-1 -1 -1 -1000 -1000 -1000 -10 -0.641948
Pedestrian -1 -1 -10 761 1 844 232-1 -1 -1 -1000 -1000 -1000 -10 -0.78828
Pedestrian -1 -1 -10 1 84 37 184-1 -1 -1 -1000 -1000 -1000 -10 -0.823895
Pedestrian -1 -1 -10 1178 114 1242 204-1 -1 -1 -1000 -1000 -1000 -10 -0.902806
Pedestrian -1 -1 -10 711 43 794 195-1 -1 -1 -1000 -1000 -1000 -10 -0.958959
Pedestrian -1 -1 -10 335 87 368 180-1 -1 -1 -1000 -1000 -1000 -10 -0.986637
Pedestrian -1 -1 -10 215 318 274 375-1 -1 -1 -1000 -1000 -1000 -10 -0.997227
