Pedestrian -1 -1 -10 1141 159 1182 274-1 -1 -1 -1000 -1000 -1000 -10 0.829391
Pedestrian -1 -1 -10 1 119 39 226-1 -1 -1 -1000 -1000 -1000 -10 -0.248759
Pedestrian -1 -1 -10 1180 1 1239 164-1 -1 -1 -1000 -1000 -1000 -10 -0.558262
Pedestrian -1 -1 -10 987 147 1046 215-1 -1 -1 -1000 -1000 -1000 -10 -0.627551
Pedestrian -1 -1 -10 791 120 827 220-1 -1 -1 -1000 -1000 -1000 -10 -0.6435
Pedestrian -1 -1 -10 951 125 1029 215-1 -1 -1 -1000 -1000 -1000 -10 -0.659649
Pedestrian -1 -1 -10 996 35 1098 223-1 -1 -1 -1000 -1000 -1000 -10 -0.723563
Pedestrian -1 -1 -10 169 1 200 88-1 -1 -1 -1000 -1000 -1000 -10 -0.776985
Pedestrian -1 -1 -10 304 19 358 119-1 -1 -1 -1000 -1000 -1000 -10 -0.799785
Pedestrian -1 -1 -10 183 1 231 133-1 -1 -1 -1000 -1000 -1000 -10 -0.833043
Pedestrian -1 -1 -10 233 138 306 221-1 -1 -1 -1000 -1000 -1000 -10 -0.863505
Pedestrian -1 -1 -10 976 1 1027 143-1 -1 -1 -1000 -1000 -1000 -10 -0.953264
Pedestrian -1 -1 -10 401 97 432 184-1 -1 -1 -1000 -1000 -1000 -10 -0.972817
