Pedestrian -1 -1 -10 1194 138 1235 253-1 -1 -1 -1000 -1000 -1000 -10 -0.419226
Pedestrian -1 -1 -10 1113 49 1144 136-1 -1 -1 -1000 -1000 -1000 -10 -0.529411
Pedestrian -1 -1 -10 687 95 720 188-1 -1 -1 -1000 -1000 -1000 -10 -0.544285
Pedestrian -1 -1 -10 170 235 247 375-1 -1 -1 -1000 -1000 -1000 -10 -0.705627
Pedestrian -1 -1 -10 697 43 780 195-1 -1 -1 -1000 -1000 -1000 -10 -0.754687
Pedestrian -1 -1 -10 951 80 995 203-1 -1 -1 -1000 -1000 -1000 -10 -0.766312
Pedestrian -1 -1 -10 1131 111 1167 211-1 -1 -1 -1000 -1000 -1000 -10 -0.773589
Pedestrian -1 -1 -10 572 109 640 187-1 -1 -1 -1000 -1000 -1000 -10 -0.818269
Pedestrian -1 -1 -10 984 10 1047 83-1 -1 -1 -1000 -1000 -1000 -10 -0.845269
Pedestrian -1 -1 -10 1184 1 1235 143-1 -1 -1 -1000 -1000 -1000 -10 -0.874544
Pedestrian -1 -1 -10 261 183 338 325-1 -1 -1 -1000 -1000 -1000 -10 -0.88196
Pedestrian -1 -1 -10 761 137 816 200-1 -1 -1 -1000 -1000 -1000 -10 -0.894676
Pedestrian -1 -1 -10 359 16 462 134-1 -1 -1 -1000 -1000 -1000 -10 -0.912994
Pedestrian -1 -1 -10 920 10 983 83-1 -1 -1 -1000 -1000 -1000 -10 -0.936219
Pedestrian -1 -1 -10 764 61 814 154-1 -1 -1 -1000 -1000 -1000 -10 -0.936556
Pedestrian -1 -1 -10 978 18 1046 206-1 -1 -1 -1000 -1000 -1000 -10 -0.944795
Pedestrian -1 -1 -10 795 71 850 223-1 -1 -1 -1000 -1000 -1000 -10 -0.949741
Pedestrian -1 -1 -10 1 47 37 147-1 -1 -1 -1000 -1000 -1000 -10 -0.978013
Pedestrian -1 -1 -10 912 61 1001 224-1 -1 -1 -1000 -1000 -1000 -10 -0.994113
