Pedestrian -1 -1 -10 902 157 938 257-1 -1 -1 -1000 -1000 -1000 -10 0.703215
Pedestrian -1 -1 -10 897 91 956 254-1 -1 -1 -1000 -1000 -1000 -10 0.0361118
Pedestrian -1 -1 -10 719 43 866 211-1 -1 -1 -1000 -1000 -1000 -10 -0.721487
Pedestrian -1 -1 -10 978 87 1011 180-1 -1 -1 -1000 -1000 -1000 -10 -0.772988
Pedestrian -1 -1 -10 46 1 105 164-1 -1 -1 -1000 -1000 -1000 -10 -0.804854
Pedestrian -1 -1 -10 375 119 443 197-1 -1 -1 -1000 -1000 -1000 -10 -0.931813
Pedestrian -1 -1 -10 552 166 588 266-1 -1 -1 -1000 -1000 -1000 -10 -0.936034
Pedestrian -1 -1 -10 307 85 369 200-1 -1 -1 -1000 -1000 -1000 -10 -0.949699
Pedestrian -1 -1 -10 538 91 716 375-1 -1 -1 -1000 -1000 -1000 -10 -0.971536
Pedestrian -1 -1 -10 130 104 189 172-1 -1 -1 -1000 -1000 -1000 -10 -0.979125
