Pedestrian -1 -1 -10 617 241 648 328-1 -1 -1 -1000 -1000 -1000 -10 -0.493041
Pedestrian -1 -1 -10 339 85 380 200-1 -1 -1 -1000 -1000 -1000 -10 -0.694193
Pedestrian -1 -1 -10 114 92 158 215-1 -1 -1 -1000 -1000 -1000 -10 -0.727522
Pedestrian -1 -1 -10 867 27 917 120-1 -1 -1 -1000 -1000 -1000 -10 -0.82306
Pedestrian -1 -1 -10 1 1 236 375-1 -1 -1 -1000 -1000 -1000 -10 -0.837481
Pedestrian -1 -1 -10 441 113 488 200-1 -1 -1 -1000 -1000 -1000 -10 -0.850024
Pedestrian -1 -1 -10 370 104 420 197-1 -1 -1 -1000 -1000 -1000 -10 -0.856745
Pedestrian -1 -1 -10 1193 41 1240 128-1 -1 -1 -1000 -1000 -1000 -10 -0.921128
Pedestrian -1 -1 -10 907 109 975 187-1 -1 -1 -1000 -1000 -1000 -10 -0.956362
Pedestrian -1 -1 -10 257 89 288 176-1 -1 -1 -1000 -1000 -1000 -10 -0.990472
