Pedestrian -1 -1 -10 1092 1 1188 267-1 -1 -1 -1000 -1000 -1000 -10 -0.479025
Pedestrian -1 -1 -10 386 58 430 181-1 -1 -1 -1000 -1000 -1000 -10 -0.585583
Pedestrian -1 -1 -10 433 93 469 193-1 -1 -1 -1000 -1000 -1000 -10 -0.659898
Pedestrian -1 -1 -10 222 29 276 129-1 -1 -1 -1000 -1000 -1000 -10 -0.734596
Pedestrian -1 -1 -10 254 75 327 158-1 -1 -1 -1000 -1000 -1000 -10 -0.759435
Pedestrian -1 -1 -10 772 117 813 232-1 -1 -1 -1000 -1000 -1000 -10 -0.79003
Pedestrian -1 -1 -10 277 1 512 375-1 -1 -1 -1000 -1000 -1000 -10 -0.815425
Pedestrian -1 -1 -10 417 129 640 375-1 -1 -1 -1000 -1000 -1000 -10 -0.824281
Pedestrian -1 -1 -10 190 18 292 206-1 -1 -1 -1000 -1000 -1000 -10 -0.89542
Pedestrian -1 -1 -10 1 1 128 352-1 -1 -1 -1000 -1000 -1000 -10 -0.914448
Pedestrian -1 -1 -10 612 118 689 260-1 -1 -1 -1000 -1000 -1000 -10 -0.91457
Pedestrian -1 -1 -10 1141 1 1237 267-1 -1 -1 -1000 -1000 -1000 -10 -0.919367
Pedestrian -1 -1 -10 841 112 900 180-1 -1 -1 -1000 -1000 -1000 -10 -0.923093
Pedestrian -1 -1 -10 947 99 985 206-1 -1 -1 -1000 -1000 -1000 -10 -0.967315
