Pedestrian -1 -1 -10 344 138 412 326-1 -1 -1 -1000 -1000 -1000 -10 3.05363
Pedestrian -1 -1 -10 1081 164 1140 232-1 -1 -1 -1000 -1000 -1000 -10 -0.173234
Pedestrian -1 -1 -10 1 97 32 184-1 -1 -1 -1000 -1000 -1000 -10 -0.196243
Pedestrian -1 -1 -10 543 295 597 370-1 -1 -1 -1000 -1000 -1000 -10 -0.540768
Pedestrian -1 -1 -10 1 117 42 232-1 -1 -1 -1000 -1000 -1000 -10 -0.542174
Pedestrian -1 -1 -10 580 267 634 367-1 -1 -1 -1000 -1000 -1000 -10 -0.566722
Pedestrian -1 -1 -10 284 125 362 215-1 -1 -1 -1000 -1000 -1000 -10 -0.652987
Pedestrian -1 -1 -10 768 105 845 247-1 -1 -1 -1000 -1000 -1000 -10 -0.679636
Pedestrian -1 -1 -10 702 103 746 226-1 -1 -1 -1000 -1000 -1000 -10 -0.772716
Pedestrian -1 -1 -10 1080 171 1128 303-1 -1 -1 -1000 -1000 -1000 -10 -0.775812
Pedestrian -1 -1 -10 339 105 442 370-1 -1 -1 -1000 -1000 -1000 -10 -0.7953
Pedestrian -1 -1 -10 425 161 480 224-1 -1 -1 -1000 -1000 -1000 -10 -0.799781
Pedestrian -1 -1 -10 257 178 315 285-1 -1 -1 -1000 -1000 -1000 -10 -0.804392
Pedestrian -1 -1 -10 1119 118 1196 260-1 -1 -1 -1000 -1000 -1000 -10 -0.831202
Pedestrian -1 -1 -10 537 1 592 64-1 -1 -1 -1000 -1000 -1000 -10 -0.840885
Pedestrian -1 -1 -10 897 193 928 280-1 -1 -1 -1000 -1000 -1000 -10 -0.853345
Pedestrian -1 -1 -10 301 198 351 291-1 -1 -1 -1000 -1000 -1000 -10 -0.868381
Pedestrian -1 -1 -10 470 1 524 101-1 -1 -1 -1000 -1000 -1000 -10 -0.873771
Pedestrian -1 -1 -10 153 89 200 176-1 -1 -1 -1000 -1000 -1000 -10 -0.881352
Pedestrian -1 -1 -10 697 185 728 272-1 -1 -1 -1000 -1000 -1000 -10 -0.883606
Pedestrian -1 -1 -10 1081 1 1114 94-1 -1 -1 -1000 -1000 -1000 -10 -0.931455
Pedestrian -1 -1 -10 534 274 624 370-1 -1 -1 -1000 -1000 -1000 -10 -0.942421
Pedestrian -1 -1 -10 961 1 1216 370-1 -1 -1 -1000 -1000 -1000 -10 -0.967155
Pedestrian -1 -1 -10 634 1 717 232-1 -1 -1 -1000 -1000 -1000 -10 -0.995248
