Pedestrian -1 -1 -10 408 295 486 375-1 -1 -1 -1000 -1000 -1000 -10 -0.753343
Pedestrian -1 -1 -10 1 194 55 294-1 -1 -1 -1000 -1000 -1000 -10 -0.774207
Pedestrian -1 -1 -10 538 210 746 375-1 -1 -1 -1000 -1000 -1000 -10 -0.798896
Pedestrian -1 -1 -10 1215 12 1242 127-1 -1 -1 -1000 -1000 -1000 -10 -0.887774
Pedestrian -1 -1 -10 801 145 832 232-1 -1 -1 -1000 -1000 -1000 -10 -0.90409
Pedestrian -1 -1 -10 709 176 763 276-1 -1 -1 -1000 -1000 -1000 -10 -0.951428
Pedestrian -1 -1 -10 257 1 288 88-1 -1 -1 -1000 -1000 -1000 -10 -0.956286
Pedestrian -1 -1 -10 286 176 340 276-1 -1 -1 -1000 -1000 -1000 -10 -0.969
Pedestrian -1 -1 -10 1133 70 1183 163-1 -1 -1 -1000 -1000 -1000 -10 -0.969332
Pedestrian -1 -1 -10 927 104 960 197-1 -1 -1 -1000 -1000 -1000 -10 -0.972604
Pedestrian -1 -1 -10 580 29 616 129-1 -1 -1 -1000 -1000 -1000 -10 -0.980171
Pedestrian -1 -1 -10 993 56 1047 156-1 -1 -1 -1000 -1000 -1000 -10 -0.995105
