Pedestrian -1 -1 -10 934 71 989 223-1 -1 -1 -1000 -1000 -1000 -10 -0.0433292
Pedestrian -1 -1 -10 254 107 327 190-1 -1 -1 -1000 -1000 -1000 -10 -0.12699
Pedestrian -1 -1 -10 583 62 655 194-1 -1 -1 -1000 -1000 -1000 -10 -0.340956
Pedestrian -1 -1 -10 433 120 496 193-1 -1 -1 -1000 -1000 -1000 -10 -0.533493
Pedestrian -1 -1 -10 252 99 335 251-1 -1 -1 -1000 -1000 -1000 -10 -0.683112
Pedestrian -1 -1 -10 363 57 418 209-1 -1 -1 -1000 -1000 -1000 -10 -0.689219
Pedestrian -1 -1 -10 1061 46 1150 209-1 -1 -1 -1000 -1000 -1000 -10 -0.689407
Pedestrian -1 -1 -10 769 217 816 304-1 -1 -1 -1000 -1000 -1000 -10 -0.698154
Pedestrian -1 -1 -10 1 107 42 222-1 -1 -1 -1000 -1000 -1000 -10 -0.734334
Pedestrian -1 -1 -10 833 225 880 312-1 -1 -1 -1000 -1000 -1000 -10 -0.773789
Pedestrian -1 -1 -10 130 78 163 171-1 -1 -1 -1000 -1000 -1000 -10 -0.799758
Pedestrian -1 -1 -10 387 75 515 221-1 -1 -1 -1000 -1000 -1000 -10 -0.808004
Pedestrian -1 -1 -10 277 40 315 147-1 -1 -1 -1000 -1000 -1000 -10 -0.811357
Pedestrian -1 -1 -10 1 50 39 157-1 -1 -1 -1000 -1000 -1000 -10 -0.833797
Pedestrian -1 -1 -10 644 84 680 184-1 -1 -1 -1000 -1000 -1000 -10 -0.86574
Pedestrian -1 -1 -10 1 16 60 179-1 -1 -1 -1000 -1000 -1000 -10 -0.873658
Pedestrian -1 -1 -10 161 121 192 208-1 -1 -1 -1000 -1000 -1000 -10 -0.879372
Pedestrian -1 -1 -10 898 85 939 200-1 -1 -1 -1000 -1000 -1000 -10 -0.979298
Pedestrian -1 -1 -10 690 93 726 193-1 -1 -1 -1000 -1000 -1000 -10 -0.996235
