Pedestrian -1 -1 -10 1113 113 1144 200-1 -1 -1 -1000 -1000 -1000 -10 -0.375685
Pedestrian -1 -1 -10 341 130 395 230-1 -1 -1 -1000 -1000 -1000 -10 -0.641229
Pedestrian -1 -1 -10 378 215 437 283-1 -1 -1 -1000 -1000 -1000 -10 -0.642175
Pedestrian -1 -1 -10 393 137 440 224-1 -1 -1 -1000 -1000 -1000 -10 -0.673077
Pedestrian -1 -1 -10 1013 1 1046 94-1 -1 -1 -1000 -1000 -1000 -10 -0.707847
Pedestrian -1 -1 -10 677 79 728 221-1 -1 -1 -1000 -1000 -1000 -10 -0.738976
Pedestrian -1 -1 -10 1214 65 1241 165-1 -1 -1 -1000 -1000 -1000 -10 -0.761543
Pedestrian -1 -1 -10 128 244 201 327-1 -1 -1 -1000 -1000 -1000 -10 -0.804194
Pedestrian -1 -1 -10 114 205 192 295-1 -1 -1 -1000 -1000 -1000 -10 -0.813495
Pedestrian -1 -1 -10 996 172 1046 265-1 -1 -1 -1000 -1000 -1000 -10 -0.869736
Pedestrian -1 -1 -10 465 153 512 240-1 -1 -1 -1000 -1000 -1000 -10 -0.938898
Pedestrian -1 -1 -10 476 148 554 238-1 -1 -1 -1000 -1000 -1000 -10 -0.973691
Pedestrian -1 -1 -10 661 318 720 376-1 -1 -1 -1000 -1000 -1000 -10 -0.996162
