Pedestrian -1 -1 -10 781 140 836 292-1 -1 -1 -1000 -1000 -1000 -10 0.332038
Pedestrian -1 -1 -10 1144 129 1202 236-1 -1 -1 -1000 -1000 -1000 -10 -0.624455
Pedestrian -1 -1 -10 543 267 606 340-1 -1 -1 -1000 -1000 -1000 -10 -0.66576
Pedestrian -1 -1 -10 349 159 390 274-1 -1 -1 -1000 -1000 -1000 -10 -0.691642
Pedestrian -1 -1 -10 1031 150 1134 268-1 -1 -1 -1000 -1000 -1000 -10 -0.705149
Pedestrian -1 -1 -10 580 267 634 367-1 -1 -1 -1000 -1000 -1000 -10 -0.743412
Pedestrian -1 -1 -10 225 135 314 298-1 -1 -1 -1000 -1000 -1000 -10 -0.787627
Pedestrian -1 -1 -10 508 274 598 370-1 -1 -1 -1000 -1000 -1000 -10 -0.805771
Pedestrian -1 -1 -10 996 241 1029 334-1 -1 -1 -1000 -1000 -1000 -10 -0.842411
Pedestrian -1 -1 -10 1193 52 1224 145-1 -1 -1 -1000 -1000 -1000 -10 -0.872601
Pedestrian -1 -1 -10 10 61 43 154-1 -1 -1 -1000 -1000 -1000 -10 -0.8751
Pedestrian -1 -1 -10 387 231 450 304-1 -1 -1 -1000 -1000 -1000 -10 -0.886263
Pedestrian -1 -1 -10 513 1 571 108-1 -1 -1 -1000 -1000 -1000 -10 -0.920167
Pedestrian -1 -1 -10 657 177 688 264-1 -1 -1 -1000 -1000 -1000 -10 -0.937266
Pedestrian -1 -1 -10 470 1 524 101-1 -1 -1 -1000 -1000 -1000 -10 -0.94975
Pedestrian -1 -1 -10 696 172 729 265-1 -1 -1 -1000 -1000 -1000 -10 -0.953274
Pedestrian -1 -1 -10 1104 159 1172 237-1 -1 -1 -1000 -1000 -1000 -10 -0.971883
Pedestrian -1 -1 -10 387 1 420 94-1 -1 -1 -1000 -1000 -1000 -10 -0.982886
Pedestrian -1 -1 -10 996 155 1064 343-1 -1 -1 -1000 -1000 -1000 -10 -0.987324
Pedestrian -1 -1 -10 270 105 373 223-1 -1 -1 -1000 -1000 -1000 -10 -0.995548
Pedestrian -1 -1 -10 1150 241 1224 370-1 -1 -1 -1000 -1000 -1000 -10 -0.99572
