Pedestrian -1 -1 -10 1210 164 1242 257-1 -1 -1 -1000 -1000 -1000 -10 -0.363986
Pedestrian -1 -1 -10 335 284 394 352-1 -1 -1 -1000 -1000 -1000 -10 -0.505744
Pedestrian -1 -1 -10 1196 194 1232 294-1 -1 -1 -1000 -1000 -1000 -10 -0.529718
Pedestrian -1 -1 -10 378 27 429 169-1 -1 -1 -1000 -1000 -1000 -10 -0.571866
Pedestrian -1 -1 -10 1227 241 1242 334-1 -1 -1 -1000 -1000 -1000 -10 -0.594823
Pedestrian -1 -1 -10 1 1 56 153-1 -1 -1 -1000 -1000 -1000 -10 -0.605277
Pedestrian -1 -1 -10 261 209 442 375-1 -1 -1 -1000 -1000 -1000 -10 -0.606525
Pedestrian -1 -1 -10 449 46 508 209-1 -1 -1 -1000 -1000 -1000 -10 -0.607296
Pedestrian -1 -1 -10 1189 137 1233 260-1 -1 -1 -1000 -1000 -1000 -10 -0.612927
Pedestrian -1 -1 -10 1162 1 1242 232-1 -1 -1 -1000 -1000 -1000 -10 -0.681569
Pedestrian -1 -1 -10 99 29 182 181-1 -1 -1 -1000 -1000 -1000 -10 -0.740184
Pedestrian -1 -1 -10 57 196 154 306-1 -1 -1 -1000 -1000 -1000 -10 -0.74031
Pedestrian -1 -1 -10 1098 18 1157 86-1 -1 -1 -1000 -1000 -1000 -10 -0.762909
Pedestrian -1 -1 -10 431 1 566 249-1 -1 -1 -1000 -1000 -1000 -10 -0.843898
Pedestrian -1 -1 -10 835 107 876 222-1 -1 -1 -1000 -1000 -1000 -10 -0.859389
Pedestrian -1 -1 -10 1054 118 1105 260-1 -1 -1 -1000 -1000 -1000 -10 -0.873071
Pedestrian -1 -1 -10 1 139 64 212-1 -1 -1 -1000 -1000 -1000 -10 -0.883852
Pedestrian -1 -1 -10 897 139 935 246-1 -1 -1 -1000 -1000 -1000 -10 -0.88882
Pedestrian -1 -1 -10 1131 148 1167 248-1 -1 -1 -1000 -1000 -1000 -10 -0.892526
Pedestrian -1 -1 -10 663 93 699 193-1 -1 -1 -1000 -1000 -1000 -10 -0.922714
Pedestrian -1 -1 -10 137 182 453 375-1 -1 -1 -1000 -1000 -1000 -10 -0.925217
Pedestrian -1 -1 -10 356 21 434 237-1 -1 -1 -1000 -1000 -1000 -10 -0.925218
