Pedestrian -1 -1 -10 927 168 995 246-1 -1 -1 -1000 -1000 -1000 -10 0.117508
Pedestrian -1 -1 -10 207 35 412 375-1 -1 -1 -1000 -1000 -1000 -10 -0.447896
Pedestrian -1 -1 -10 1 98 49 230-1 -1 -1 -1000 -1000 -1000 -10 -0.471992
Pedestrian -1 -1 -10 405 15 488 167-1 -1 -1 -1000 -1000 -1000 -10 -0.632091
Pedestrian -1 -1 -10 329 31 507 358-1 -1 -1 -1000 -1000 -1000 -10 -0.649746
Pedestrian -1 -1 -10 431 24 588 204-1 -1 -1 -1000 -1000 -1000 -10 -0.657407
Pedestrian -1 -1 -10 1047 130 1106 198-1 -1 -1 -1000 -1000 -1000 -10 -0.713269
Pedestrian -1 -1 -10 868 21 1005 178-1 -1 -1 -1000 -1000 -1000 -10 -0.735365
Pedestrian -1 -1 -10 129 49 224 224-1 -1 -1 -1000 -1000 -1000 -10 -0.762187
Pedestrian -1 -1 -10 681 75 754 276-1 -1 -1 -1000 -1000 -1000 -10 -0.833128
Pedestrian -1 -1 -10 635 84 671 184-1 -1 -1 -1000 -1000 -1000 -10 -0.851455
Pedestrian -1 -1 -10 612 92 702 195-1 -1 -1 -1000 -1000 -1000 -10 -0.883813
Pedestrian -1 -1 -10 1195 150 1242 313-1 -1 -1 -1000 -1000 -1000 -10 -0.974341
