Pedestrian -1 -1 -10 609 169 640 256-1 -1 -1 -1000 -1000 -1000 -10 0.0310783
Pedestrian -1 -1 -10 635 95 685 188-1 -1 -1 -1000 -1000 -1000 -10 -0.0725012
Pedestrian -1 -1 -10 822 16 881 179-1 -1 -1 -1000 -1000 -1000 -10 -0.260835
Pedestrian -1 -1 -10 185 249 221 349-1 -1 -1 -1000 -1000 -1000 -10 -0.435116
Pedestrian -1 -1 -10 592 159 650 266-1 -1 -1 -1000 -1000 -1000 -10 -0.487986
Pedestrian -1 -1 -10 114 1 204 249-1 -1 -1 -1000 -1000 -1000 -10 -0.635075
Pedestrian -1 -1 -10 71 280 168 375-1 -1 -1 -1000 -1000 -1000 -10 -0.684959
Pedestrian -1 -1 -10 505 145 560 208-1 -1 -1 -1000 -1000 -1000 -10 -0.71391
Pedestrian -1 -1 -10 43 1 211 375-1 -1 -1 -1000 -1000 -1000 -10 -0.7807
Pedestrian -1 -1 -10 593 97 688 272-1 -1 -1 -1000 -1000 -1000 -10 -0.820938
Pedestrian -1 -1 -10 612 46 747 294-1 -1 -1 -1000 -1000 -1000 -10 -0.829713
Pedestrian -1 -1 -10 761 117 834 200-1 -1 -1 -1000 -1000 -1000 -10 -0.888139
