Pedestrian -1 -1 -10 493 159 551 266-1 -1 -1 -1000 -1000 -1000 -10 -0.414843
Pedestrian -1 -1 -10 238 15 321 167-1 -1 -1 -1000 -1000 -1000 -10 -0.609906
Pedestrian -1 -1 -10 65 257 120 320-1 -1 -1 -1000 -1000 -1000 -10 -0.688574
Pedestrian -1 -1 -10 506 240 569 313-1 -1 -1 -1000 -1000 -1000 -10 -0.707758
Pedestrian -1 -1 -10 1141 207 1200 275-1 -1 -1 -1000 -1000 -1000 -10 -0.769866
Pedestrian -1 -1 -10 865 321 920 375-1 -1 -1 -1000 -1000 -1000 -10 -0.803535
Pedestrian -1 -1 -10 641 49 704 224-1 -1 -1 -1000 -1000 -1000 -10 -0.910809
Pedestrian -1 -1 -10 1223 35 1242 158-1 -1 -1 -1000 -1000 -1000 -10 -0.918681
Pedestrian -1 -1 -10 1 256 85 352-1 -1 -1 -1000 -1000 -1000 -10 -0.920216
Pedestrian -1 -1 -10 425 145 472 232-1 -1 -1 -1000 -1000 -1000 -10 -0.941936
Pedestrian -1 -1 -10 889 265 920 352-1 -1 -1 -1000 -1000 -1000 -10 -0.972413
