Pedestrian -1 -1 -10 562 84 598 184-1 -1 -1 -1000 -1000 -1000 -10 -0.514325
Pedestrian -1 -1 -10 378 139 414 239-1 -1 -1 -1000 -1000 -1000 -10 -0.686967
Pedestrian -1 -1 -10 402 85 464 200-1 -1 -1 -1000 -1000 -1000 -10 -0.755205
Pedestrian -1 -1 -10 1098 125 1165 248-1 -1 -1 -1000 -1000 -1000 -10 -0.762506
Pedestrian -1 -1 -10 1141 78 1174 171-1 -1 -1 -1000 -1000 -1000 -10 -0.81734
Pedestrian -1 -1 -10 261 159 305 282-1 -1 -1 -1000 -1000 -1000 -10 -0.843798
Pedestrian -1 -1 -10 502 29 599 139-1 -1 -1 -1000 -1000 -1000 -10 -0.897483
Pedestrian -1 -1 -10 773 10 809 110-1 -1 -1 -1000 -1000 -1000 -10 -0.912104
Pedestrian -1 -1 -10 856 64 897 179-1 -1 -1 -1000 -1000 -1000 -10 -0.93539
Pedestrian -1 -1 -10 727 111 763 211-1 -1 -1 -1000 -1000 -1000 -10 -0.954831
Pedestrian -1 -1 -10 729 169 784 232-1 -1 -1 -1000 -1000 -1000 -10 -0.984057
