Pedestrian -1 -1 -10 944 70 1012 258-1 -1 -1 -1000 -1000 -1000 -10 -0.188797
Pedestrian -1 -1 -10 494 46 553 209-1 -1 -1 -1000 -1000 -1000 -10 -0.53814
Pedestrian -1 -1 -10 1056 87 1106 180-1 -1 -1 -1000 -1000 -1000 -10 -0.730628
Pedestrian -1 -1 -10 1035 128 1076 243-1 -1 -1 -1000 -1000 -1000 -10 -0.75616
Pedestrian -1 -1 -10 567 78 617 171-1 -1 -1 -1000 -1000 -1000 -10 -0.770231
Pedestrian -1 -1 -10 1184 105 1235 247-1 -1 -1 -1000 -1000 -1000 -10 -0.802292
Pedestrian -1 -1 -10 850 261 917 375-1 -1 -1 -1000 -1000 -1000 -10 -0.88467
Pedestrian -1 -1 -10 1137 177 1192 240-1 -1 -1 -1000 -1000 -1000 -10 -0.935384
Pedestrian -1 -1 -10 708 180 770 295-1 -1 -1 -1000 -1000 -1000 -10 -0.970701
Pedestrian -1 -1 -10 1214 207 1242 339-1 -1 -1 -1000 -1000 -1000 -10 -0.98221
