Pedestrian -1 -1 -10 865 38 938 239-1 -1 -1 -1000 -1000 -1000 -10 -0.166122
Pedestrian -1 -1 -10 321 1 404 153-1 -1 -1 -1000 -1000 -1000 -10 -0.678101
Pedestrian -1 -1 -10 846 313 909 375-1 -1 -1 -1000 -1000 -1000 -10 -0.762998
Pedestrian -1 -1 -10 473 89 520 176-1 -1 -1 -1000 -1000 -1000 -10 -0.781129
Pedestrian -1 -1 -10 261 1 339 91-1 -1 -1 -1000 -1000 -1000 -10 -0.791388
Pedestrian -1 -1 -10 756 112 789 205-1 -1 -1 -1000 -1000 -1000 -10 -0.822863
Pedestrian -1 -1 -10 216 114 260 237-1 -1 -1 -1000 -1000 -1000 -10 -0.856368
Pedestrian -1 -1 -10 22 64 63 179-1 -1 -1 -1000 -1000 -1000 -10 -0.878236
Pedestrian -1 -1 -10 177 1 224 88-1 -1 -1 -1000 -1000 -1000 -10 -0.906552
Pedestrian -1 -1 -10 1 57 56 209-1 -1 -1 -1000 -1000 -1000 -10 -0.90685
Pedestrian -1 -1 -10 157 93 193 193-1 -1 -1 -1000 -1000 -1000 -10 -0.911212
Pedestrian -1 -1 -10 171 1 340 194-1 -1 -1 -1000 -1000 -1000 -10 -0.915225
Pedestrian -1 -1 -10 552 84 588 184-1 -1 -1 -1000 -1000 -1000 -10 -0.929883
Pedestrian -1 -1 -10 92 1 272 375-1 -1 -1 -1000 -1000 -1000 -10 -0.936611
Pedestrian -1 -1 -10 442 19 496 119-1 -1 -1 -1000 -1000 -1000 -10 -0.941399
Pedestrian -1 -1 -10 456 79 533 221-1 -1 -1 -1000 -1000 -1000 -10 -0.944578
Pedestrian -1 -1 -10 902 1 956 101-1 -1 -1 -1000 -1000 -1000 -10 -0.952129
Pedestrian -1 -1 -10 1183 159 1242 237-1 -1 -1 -1000 -1000 -1000 -10 -0.960721
Pedestrian -1 -1 -10 923 37 971 169-1 -1 -1 -1000 -1000 -1000 -10 -0.98893
Pedestrian -1 -1 -10 727 111 781 211-1 -1 -1 -1000 -1000 -1000 -10 -0.99204
Pedestrian -1 -1 -10 779 40 817 147-1 -1 -1 -1000 -1000 -1000 -10 -0.993164
