Pedestrian -1 -1 -10 525 102 561 202-1 -1 -1 -1000 -1000 -1000 -10 -0.107947
Pedestrian -1 -1 -10 1173 277 1231 375-1 -1 -1 -1000 -1000 -1000 -10 -0.411382
Pedestrian -1 -1 -10 1025 41 1080 104-1 -1 -1 -1000 -1000 -1000 -10 -0.482565
Pedestrian -1 -1 -10 921 209 976 272-1 -1 -1 -1000 -1000 -1000 -10 -0.490377
Pedestrian -1 -1 -10 828 38 891 111-1 -1 -1 -1000 -1000 -1000 -10 -0.542094
Pedestrian -1 -1 -10 627 155 686 223-1 -1 -1 -1000 -1000 -1000 -10 -0.550172
Pedestrian -1 -1 -10 883 130 919 230-1 -1 -1 -1000 -1000 -1000 -10 -0.559686
Pedestrian -1 -1 -10 901 1 934 94-1 -1 -1 -1000 -1000 -1000 -10 -0.569382
Pedestrian -1 -1 -10 865 1 962 111-1 -1 -1 -1000 -1000 -1000 -10 -0.608678
Pedestrian -1 -1 -10 509 46 568 209-1 -1 -1 -1000 -1000 -1000 -10 -0.614661
Pedestrian -1 -1 -10 550 155 583 248-1 -1 -1 -1000 -1000 -1000 -10 -0.619874
Pedestrian -1 -1 -10 438 112 471 205-1 -1 -1 -1000 -1000 -1000 -10 -0.630831
Pedestrian -1 -1 -10 1 110 49 242-1 -1 -1 -1000 -1000 -1000 -10 -0.659732
Pedestrian -1 -1 -10 826 98 874 230-1 -1 -1 -1000 -1000 -1000 -10 -0.685381
Pedestrian -1 -1 -10 657 153 704 240-1 -1 -1 -1000 -1000 -1000 -10 -0.691806
Pedestrian -1 -1 -10 938 93 1011 294-1 -1 -1 -1000 -1000 -1000 -10 -0.744317
Pedestrian -1 -1 -10 823 29 906 181-1 -1 -1 -1000 -1000 -1000 -10 -0.753092
Pedestrian -1 -1 -10 130 148 166 248-1 -1 -1 -1000 -1000 -1000 -10 -0.757081
Pedestrian -1 -1 -10 857 185 888 272-1 -1 -1 -1000 -1000 -1000 -10 -0.775999
Pedestrian -1 -1 -10 937 1 1027 104-1 -1 -1 -1000 -1000 -1000 -10 -0.778681
Pedestrian -1 -1 -10 1018 43 1073 195-1 -1 -1 -1000 -1000 -1000 -10 -0.798052
Pedestrian -1 -1 -10 989 1 1079 104-1 -1 -1 -1000 -1000 -1000 -10 -0.809316
Pedestrian -1 -1 -10 183 1 231 133-1 -1 -1 -1000 -1000 -1000 -10 -0.821619
Pedestrian -1 -1 -10 580 148 643 221-1 -1 -1 -1000 -1000 -1000 -10 -0.825357
Pedestrian -1 -1 -10 910 1 1012 189-1 -1 -1 -1000 -1000 -1000 -10 -0.829071
Pedestrian -1 -1 -10 569 113 616 200-1 -1 -1 -1000 -1000 -1000 -10 -0.834824
Pedestrian -1 -1 -10 1167 1 1242 375-1 -1 -1 -1000 -1000 -1000 -10 -0.861473
Pedestrian -1 -1 -10 404 14 455 156-1 -1 -1 -1000 -1000 -1000 -10 -0.87938
Pedestrian -1 -1 -10 476 96 517 211-1 -1 -1 -1000 -1000 -1000 -10 -0.881287
Pedestrian -1 -1 -10 833 1 1242 375-1 -1 -1 -1000 -1000 -1000 -10 -0.902952
Pedestrian -1 -1 -10 47 93 110 166-1 -1 -1 -1000 -1000 -1000 -10 -0.90666
Pedestrian -1 -1 -10 195 1 291 267-1 -1 -1 -1000 -1000 -1000 -10 -0.909445
Pedestrian -1 -1 -10 535 122 619 218-1 -1 -1 -1000 -1000 -1000 -10 -0.921421
Pedestrian -1 -1 -10 1 24 91 272-1 -1 -1 -1000 -1000 -1000 -10 -0.927437
Pedestrian -1 -1 -10 321 85 376 237-1 -1 -1 -1000 -1000 -1000 -10 -0.940605
Pedestrian -1 -1 -10 52 87 154 275-1 -1 -1 -1000 -1000 -1000 -10 -0.961685
Pedestrian -1 -1 -10 434 33 507 116-1 -1 -1 -1000 -1000 -1000 -10 -0.981721
