Pedestrian -1 -1 -10 635 46 679 169-1 -1 -1 -1000 -1000 -1000 -10 -0.183322
Pedestrian -1 -1 -10 560 75 601 190-1 -1 -1 -1000 -1000 -1000 -10 -0.636719
Pedestrian -1 -1 -10 1017 9 1064 96-1 -1 -1 -1000 -1000 -1000 -10 -0.678564
Pedestrian -1 -1 -10 910 13 994 109-1 -1 -1 -1000 -1000 -1000 -10 -0.715861
Pedestrian -1 -1 -10 484 90 552 168-1 -1 -1 -1000 -1000 -1000 -10 -0.764276
Pedestrian -1 -1 -10 1222 257 1242 364-1 -1 -1 -1000 -1000 -1000 -10 -0.792159
Pedestrian -1 -1 -10 1163 1 1241 217-1 -1 -1 -1000 -1000 -1000 -10 -0.810549
Pedestrian -1 -1 -10 70 181 120 274-1 -1 -1 -1000 -1000 -1000 -10 -0.832466
Pedestrian -1 -1 -10 417 33 448 120-1 -1 -1 -1000 -1000 -1000 -10 -0.911229
Pedestrian -1 -1 -10 599 40 689 143-1 -1 -1 -1000 -1000 -1000 -10 -0.929632
Pedestrian -1 -1 -10 516 71 613 181-1 -1 -1 -1000 -1000 -1000 -10 -0.957448
Pedestrian -1 -1 -10 632 74 704 206-1 -1 -1 -1000 -1000 -1000 -10 -0.982045
