Pedestrian -1 -1 -10 1 1 34 94-1 -1 -1 -1000 -1000 -1000 -10 -0.171777
Pedestrian -1 -1 -10 1209 153 1240 240-1 -1 -1 -1000 -1000 -1000 -10 -0.39742
Pedestrian -1 -1 -10 705 105 752 192-1 -1 -1 -1000 -1000 -1000 -10 -0.430861
Pedestrian -1 -1 -10 791 102 827 202-1 -1 -1 -1000 -1000 -1000 -10 -0.469659
Pedestrian -1 -1 -10 218 129 256 236-1 -1 -1 -1000 -1000 -1000 -10 -0.47616
Pedestrian -1 -1 -10 93 130 221 276-1 -1 -1 -1000 -1000 -1000 -10 -0.555979
Pedestrian -1 -1 -10 261 144 312 286-1 -1 -1 -1000 -1000 -1000 -10 -0.556279
Pedestrian -1 -1 -10 203 56 276 257-1 -1 -1 -1000 -1000 -1000 -10 -0.602264
Pedestrian -1 -1 -10 873 305 904 375-1 -1 -1 -1000 -1000 -1000 -10 -0.729926
Pedestrian -1 -1 -10 777 153 808 240-1 -1 -1 -1000 -1000 -1000 -10 -0.730278
Pedestrian -1 -1 -10 449 65 480 152-1 -1 -1 -1000 -1000 -1000 -10 -0.735589
Pedestrian -1 -1 -10 304 111 358 211-1 -1 -1 -1000 -1000 -1000 -10 -0.771261
Pedestrian -1 -1 -10 1093 183 1242 375-1 -1 -1 -1000 -1000 -1000 -10 -0.777565
Pedestrian -1 -1 -10 21 1 59 108-1 -1 -1 -1000 -1000 -1000 -10 -0.796725
Pedestrian -1 -1 -10 222 286 276 375-1 -1 -1 -1000 -1000 -1000 -10 -0.801393
Pedestrian -1 -1 -10 1042 125 1109 248-1 -1 -1 -1000 -1000 -1000 -10 -0.821137
Pedestrian -1 -1 -10 128 1 275 169-1 -1 -1 -1000 -1000 -1000 -10 -0.822361
Pedestrian -1 -1 -10 295 313 358 375-1 -1 -1 -1000 -1000 -1000 -10 -0.834652
Pedestrian -1 -1 -10 180 1 298 328-1 -1 -1 -1000 -1000 -1000 -10 -0.859149
Pedestrian -1 -1 -10 801 73 848 160-1 -1 -1 -1000 -1000 -1000 -10 -0.870517
Pedestrian -1 -1 -10 881 169 912 256-1 -1 -1 -1000 -1000 -1000 -10 -0.891915
Pedestrian -1 -1 -10 945 57 1000 120-1 -1 -1 -1000 -1000 -1000 -10 -0.895476
Pedestrian -1 -1 -10 850 95 883 188-1 -1 -1 -1000 -1000 -1000 -10 -0.902541
Pedestrian -1 -1 -10 79 131 260 338-1 -1 -1 -1000 -1000 -1000 -10 -0.914826
Pedestrian -1 -1 -10 725 205 792 328-1 -1 -1 -1000 -1000 -1000 -10 -0.919879
Pedestrian -1 -1 -10 356 80 473 296-1 -1 -1 -1000 -1000 -1000 -10 -0.923747
Pedestrian -1 -1 -10 918 78 951 171-1 -1 -1 -1000 -1000 -1000 -10 -0.923958
Pedestrian -1 -1 -10 507 190 557 283-1 -1 -1 -1000 -1000 -1000 -10 -0.940621
Pedestrian -1 -1 -10 867 270 970 375-1 -1 -1 -1000 -1000 -1000 -10 -0.974604
Pedestrian -1 -1 -10 736 80 780 203-1 -1 -1 -1000 -1000 -1000 -10 -0.976018
Pedestrian -1 -1 -10 993 185 1047 285-1 -1 -1 -1000 -1000 -1000 -10 -0.999138
