Pedestrian -1 -1 -10 1144 149 1212 227-1 -1 -1 -1000 -1000 -1000 -10 -0.483479
Pedestrian -1 -1 -10 1210 138 1242 231-1 -1 -1 -1000 -1000 -1000 -10 -0.499147
Pedestrian -1 -1 -10 1184 105 1235 247-1 -1 -1 -1000 -1000 -1000 -10 -0.611066
Pedestrian -1 -1 -10 1153 145 1216 320-1 -1 -1 -1000 -1000 -1000 -10 -0.64102
Pedestrian -1 -1 -10 1203 208 1242 315-1 -1 -1 -1000 -1000 -1000 -10 -0.766636
Pedestrian -1 -1 -10 147 74 195 206-1 -1 -1 -1000 -1000 -1000 -10 -0.787257
Pedestrian -1 -1 -10 1064 104 1242 375-1 -1 -1 -1000 -1000 -1000 -10 -0.863778
Pedestrian -1 -1 -10 318 78 368 171-1 -1 -1 -1000 -1000 -1000 -10 -0.950689
Pedestrian -1 -1 -10 24 24 91 147-1 -1 -1 -1000 -1000 -1000 -10 -0.95213
Pedestrian -1 -1 -10 252 57 307 209-1 -1 -1 -1000 -1000 -1000 -10 -0.983512
