Pedestrian -1 -1 -10 820 183 871 325-1 -1 -1 -1000 -1000 -1000 -10 1.11207
Pedestrian -1 -1 -10 974 159 1064 374-1 -1 -1 -1000 -1000 -1000 -10 0.77508
Pedestrian -1 -1 -10 543 159 581 266-1 -1 -1 -1000 -1000 -1000 -10 0.568978
Pedestrian -1 -1 -10 892 182 947 334-1 -1 -1 -1000 -1000 -1000 -10 0.292689
Pedestrian -1 -1 -10 767 182 822 334-1 -1 -1 -1000 -1000 -1000 -10 0.280385
Pedestrian -1 -1 -10 861 137 951 374-1 -1 -1 -1000 -1000 -1000 -10 0.207607
Pedestrian -1 -1 -10 718 165 777 328-1 -1 -1 -1000 -1000 -1000 -10 0.150389
Pedestrian -1 -1 -10 447 164 497 257-1 -1 -1 -1000 -1000 -1000 -10 -0.414669
Pedestrian -1 -1 -10 104 147 137 240-1 -1 -1 -1000 -1000 -1000 -10 -0.505719
Pedestrian -1 -1 -10 699 157 735 257-1 -1 -1 -1000 -1000 -1000 -10 -0.510449
Pedestrian -1 -1 -10 661 138 694 231-1 -1 -1 -1000 -1000 -1000 -10 -0.572479
Pedestrian -1 -1 -10 490 35 523 128-1 -1 -1 -1000 -1000 -1000 -10 -0.605316
Pedestrian -1 -1 -10 475 57 572 167-1 -1 -1 -1000 -1000 -1000 -10 -0.687012
Pedestrian -1 -1 -10 789 139 867 355-1 -1 -1 -1000 -1000 -1000 -10 -0.702831
Pedestrian -1 -1 -10 495 144 585 247-1 -1 -1 -1000 -1000 -1000 -10 -0.820763
Pedestrian -1 -1 -10 241 190 300 258-1 -1 -1 -1000 -1000 -1000 -10 -0.86106
Pedestrian -1 -1 -10 305 153 336 240-1 -1 -1 -1000 -1000 -1000 -10 -0.895259
Pedestrian -1 -1 -10 669 103 713 226-1 -1 -1 -1000 -1000 -1000 -10 -0.899827
Pedestrian -1 -1 -10 919 75 981 190-1 -1 -1 -1000 -1000 -1000 -10 -0.904816
Pedestrian -1 -1 -10 1205 166 1238 266-1 -1 -1 -1000 -1000 -1000 -10 -0.911344
Pedestrian -1 -1 -10 550 104 600 197-1 -1 -1 -1000 -1000 -1000 -10 -0.922053
Pedestrian -1 -1 -10 740 149 823 374-1 -1 -1 -1000 -1000 -1000 -10 -0.928807
Pedestrian -1 -1 -10 193 209 248 272-1 -1 -1 -1000 -1000 -1000 -10 -0.934969
Pedestrian -1 -1 -10 413 85 486 168-1 -1 -1 -1000 -1000 -1000 -10 -0.937905
Pedestrian -1 -1 -10 657 1 747 249-1 -1 -1 -1000 -1000 -1000 -10 -0.944749
Pedestrian -1 -1 -10 105 193 160 256-1 -1 -1 -1000 -1000 -1000 -10 -0.977798
