Pedestrian -1 -1 -10 281 297 312 375-1 -1 -1 -1000 -1000 -1000 -10 -0.266945
Pedestrian -1 -1 -10 417 145 464 232-1 -1 -1 -1000 -1000 -1000 -10 -0.427226
Pedestrian -1 -1 -10 601 89 632 176-1 -1 -1 -1000 -1000 -1000 -10 -0.561524
Pedestrian -1 -1 -10 1080 209 1170 312-1 -1 -1 -1000 -1000 -1000 -10 -0.654954
Pedestrian -1 -1 -10 1184 14 1235 156-1 -1 -1 -1000 -1000 -1000 -10 -0.663531
Pedestrian -1 -1 -10 635 1 668 94-1 -1 -1 -1000 -1000 -1000 -10 -0.700416
Pedestrian -1 -1 -10 721 130 754 223-1 -1 -1 -1000 -1000 -1000 -10 -0.709177
Pedestrian -1 -1 -10 180 270 283 375-1 -1 -1 -1000 -1000 -1000 -10 -0.767252
Pedestrian -1 -1 -10 147 61 180 154-1 -1 -1 -1000 -1000 -1000 -10 -0.800816
Pedestrian -1 -1 -10 737 161 800 336-1 -1 -1 -1000 -1000 -1000 -10 -0.811621
Pedestrian -1 -1 -10 1153 159 1191 266-1 -1 -1 -1000 -1000 -1000 -10 -0.836568
Pedestrian -1 -1 -10 782 54 823 169-1 -1 -1 -1000 -1000 -1000 -10 -0.902844
Pedestrian -1 -1 -10 1132 205 1210 295-1 -1 -1 -1000 -1000 -1000 -10 -0.911877
Pedestrian -1 -1 -10 375 21 492 237-1 -1 -1 -1000 -1000 -1000 -10 -0.934747
Pedestrian -1 -1 -10 850 24 894 147-1 -1 -1 -1000 -1000 -1000 -10 -0.937583
Pedestrian -1 -1 -10 710 178 827 375-1 -1 -1 -1000 -1000 -1000 -10 -0.963221
Pedestrian -1 -1 -10 112 196 306 375-1 -1 -1 -1000 -1000 -1000 -10 -0.973345
Pedestrian -1 -1 -10 1013 190 1072 258-1 -1 -1 -1000 -1000 -1000 -10 -0.986723
