Pedestrian -1 -1 -10 561 153 592 240-1 -1 -1 -1000 -1000 -1000 -10 0.0361686
Pedestrian -1 -1 -10 352 125 419 248-1 -1 -1 -1000 -1000 -1000 -10 -0.16576
Pedestrian -1 -1 -10 1204 275 1242 375-1 -1 -1 -1000 -1000 -1000 -10 -0.252539
Pedestrian -1 -1 -10 369 1 589 375-1 -1 -1 -1000 -1000 -1000 -10 -0.443913
Pedestrian -1 -1 -10 561 49 624 224-1 -1 -1 -1000 -1000 -1000 -10 -0.453297
Pedestrian -1 -1 -10 598 29 652 129-1 -1 -1 -1000 -1000 -1000 -10 -0.605728
Pedestrian -1 -1 -10 297 43 380 274-1 -1 -1 -1000 -1000 -1000 -10 -0.641065
Pedestrian -1 -1 -10 130 75 184 175-1 -1 -1 -1000 -1000 -1000 -10 -0.790783
Pedestrian -1 -1 -10 1129 1 1201 133-1 -1 -1 -1000 -1000 -1000 -10 -0.815838
Pedestrian -1 -1 -10 1141 293 1200 361-1 -1 -1 -1000 -1000 -1000 -10 -0.898405
Pedestrian -1 -1 -10 61 1 179 328-1 -1 -1 -1000 -1000 -1000 -10 -0.918231
Pedestrian -1 -1 -10 159 119 434 375-1 -1 -1 -1000 -1000 -1000 -10 -0.952089
Pedestrian -1 -1 -10 1 237 138 375-1 -1 -1 -1000 -1000 -1000 -10 -0.974886
Pedestrian -1 -1 -10 1203 208 1241 315-1 -1 -1 -1000 -1000 -1000 -10 -0.991686
