Pedestrian -1 -1 -10 927 155 960 248-1 -1 -1 -1000 -1000 -1000 -10 0.529893
Pedestrian -1 -1 -10 582 99 640 206-1 -1 -1 -1000 -1000 -1000 -10 -0.500889
Pedestrian -1 -1 -10 1 47 64 120-1 -1 -1 -1000 -1000 -1000 -10 -0.584726
Pedestrian -1 -1 -10 902 139 938 239-1 -1 -1 -1000 -1000 -1000 -10 -0.60407
Pedestrian -1 -1 -10 1199 1 1242 153-1 -1 -1 -1000 -1000 -1000 -10 -0.721445
Pedestrian -1 -1 -10 857 297 904 375-1 -1 -1 -1000 -1000 -1000 -10 -0.751686
Pedestrian -1 -1 -10 936 121 969 214-1 -1 -1 -1000 -1000 -1000 -10 -0.76969
Pedestrian -1 -1 -10 1209 201 1242 264-1 -1 -1 -1000 -1000 -1000 -10 -0.830287
Pedestrian -1 -1 -10 149 96 211 211-1 -1 -1 -1000 -1000 -1000 -10 -0.90335
Pedestrian -1 -1 -10 984 102 1038 202-1 -1 -1 -1000 -1000 -1000 -10 -0.913005
Pedestrian -1 -1 -10 1214 98 1242 230-1 -1 -1 -1000 -1000 -1000 -10 -0.973739
Pedestrian -1 -1 -10 193 97 248 160-1 -1 -1 -1000 -1000 -1000 -10 -0.978157
Pedestrian -1 -1 -10 959 98 1031 230-1 -1 -1 -1000 -1000 -1000 -10 -0.985856
Pedestrian -1 -1 -10 592 1 867 315-1 -1 -1 -1000 -1000 -1000 -10 -0.99563
Pedestrian -1 -1 -10 1183 277 1241 375-1 -1 -1 -1000 -1000 -1000 -10 -0.996093
