Pedestrian -1 -1 -10 139 129 177 236-1 -1 -1 -1000 -1000 -1000 -10 -0.250353
Pedestrian -1 -1 -10 265 113 296 200-1 -1 -1 -1000 -1000 -1000 -10 -0.536246
Pedestrian -1 -1 -10 976 112 1073 222-1 -1 -1 -1000 -1000 -1000 -10 -0.642781
Pedestrian -1 -1 -10 344 130 377 223-1 -1 -1 -1000 -1000 -1000 -10 -0.664948
Pedestrian -1 -1 -10 280 110 364 206-1 -1 -1 -1000 -1000 -1000 -10 -0.706634
Pedestrian -1 -1 -10 1 316 170 375-1 -1 -1 -1000 -1000 -1000 -10 -0.709996
Pedestrian -1 -1 -10 948 280 1045 375-1 -1 -1 -1000 -1000 -1000 -10 -0.738639
Pedestrian -1 -1 -10 455 121 514 189-1 -1 -1 -1000 -1000 -1000 -10 -0.758482
Pedestrian -1 -1 -10 872 92 962 195-1 -1 -1 -1000 -1000 -1000 -10 -0.786258
Pedestrian -1 -1 -10 391 57 446 209-1 -1 -1 -1000 -1000 -1000 -10 -0.814803
Pedestrian -1 -1 -10 966 119 1083 335-1 -1 -1 -1000 -1000 -1000 -10 -0.827905
Pedestrian -1 -1 -10 681 90 719 197-1 -1 -1 -1000 -1000 -1000 -10 -0.863135
Pedestrian -1 -1 -10 513 121 568 184-1 -1 -1 -1000 -1000 -1000 -10 -0.868779
Pedestrian -1 -1 -10 339 85 401 200-1 -1 -1 -1000 -1000 -1000 -10 -0.893863
Pedestrian -1 -1 -10 601 297 648 375-1 -1 -1 -1000 -1000 -1000 -10 -0.896039
Pedestrian -1 -1 -10 304 1 340 101-1 -1 -1 -1000 -1000 -1000 -10 -0.931427
Pedestrian -1 -1 -10 129 1 160 88-1 -1 -1 -1000 -1000 -1000 -10 -0.941791
Pedestrian -1 -1 -10 993 17 1024 104-1 -1 -1 -1000 -1000 -1000 -10 -0.963292
Pedestrian -1 -1 -10 404 91 507 209-1 -1 -1 -1000 -1000 -1000 -10 -0.970873
Pedestrian -1 -1 -10 233 318 292 375-1 -1 -1 -1000 -1000 -1000 -10 -0.975739
Pedestrian -1 -1 -10 824 75 865 190-1 -1 -1 -1000 -1000 -1000 -10 -0.977339
Pedestrian -1 -1 -10 641 297 688 375-1 -1 -1 -1000 -1000 -1000 -10 -0.988835
Pedestrian -1 -1 -10 1057 297 1104 375-1 -1 -1 -1000 -1000 -1000 -10 -0.991958
