Pedestrian -1 -1 -10 1194 117 1235 232-1 -1 -1 -1000 -1000 -1000 -10 0.122111
Pedestrian -1 -1 -10 1003 148 1057 248-1 -1 -1 -1000 -1000 -1000 -10 -0.0365829
Pedestrian -1 -1 -10 93 120 147 220-1 -1 -1 -1000 -1000 -1000 -10 -0.682183
Pedestrian -1 -1 -10 1094 1 1132 108-1 -1 -1 -1000 -1000 -1000 -10 -0.800909
Pedestrian -1 -1 -10 1088 33 1150 148-1 -1 -1 -1000 -1000 -1000 -10 -0.805303
Pedestrian -1 -1 -10 940 138 1013 221-1 -1 -1 -1000 -1000 -1000 -10 -0.806597
Pedestrian -1 -1 -10 785 33 848 208-1 -1 -1 -1000 -1000 -1000 -10 -0.828438
Pedestrian -1 -1 -10 1223 12 1242 135-1 -1 -1 -1000 -1000 -1000 -10 -0.867759
Pedestrian -1 -1 -10 833 155 892 223-1 -1 -1 -1000 -1000 -1000 -10 -0.888261
Pedestrian -1 -1 -10 1201 44 1234 137-1 -1 -1 -1000 -1000 -1000 -10 -0.890133
Pedestrian -1 -1 -10 375 80 413 187-1 -1 -1 -1000 -1000 -1000 -10 -0.908751
Pedestrian -1 -1 -10 1180 46 1239 209-1 -1 -1 -1000 -1000 -1000 -10 -0.939822
Pedestrian -1 -1 -10 1144 109 1212 187-1 -1 -1 -1000 -1000 -1000 -10 -0.947459
