Pedestrian -1 -1 -10 241 49 336 224-1 -1 -1 -1000 -1000 -1000 -10 -0.680685
Pedestrian -1 -1 -10 339 85 380 200-1 -1 -1 -1000 -1000 -1000 -10 -0.733545
Pedestrian -1 -1 -10 781 43 864 195-1 -1 -1 -1000 -1000 -1000 -10 -0.789686
Pedestrian -1 -1 -10 1 159 79 249-1 -1 -1 -1000 -1000 -1000 -10 -0.81469
Pedestrian -1 -1 -10 198 78 248 171-1 -1 -1 -1000 -1000 -1000 -10 -0.867137
Pedestrian -1 -1 -10 592 99 650 206-1 -1 -1 -1000 -1000 -1000 -10 -0.887675
Pedestrian -1 -1 -10 155 35 257 223-1 -1 -1 -1000 -1000 -1000 -10 -0.908345
Pedestrian -1 -1 -10 345 25 400 88-1 -1 -1 -1000 -1000 -1000 -10 -0.91386
Pedestrian -1 -1 -10 850 147 909 215-1 -1 -1 -1000 -1000 -1000 -10 -0.919177
Pedestrian -1 -1 -10 756 104 789 197-1 -1 -1 -1000 -1000 -1000 -10 -0.953151
Pedestrian -1 -1 -10 687 75 728 190-1 -1 -1 -1000 -1000 -1000 -10 -0.967443
Pedestrian -1 -1 -10 97 1 208 128-1 -1 -1 -1000 -1000 -1000 -10 -0.981693
Pedestrian -1 -1 -10 625 65 736 192-1 -1 -1 -1000 -1000 -1000 -10 -0.996222
