Pedestrian -1 -1 -10 1001 33 1048 120-1 -1 -1 -1000 -1000 -1000 -10 -0.147282
Pedestrian -1 -1 -10 673 33 736 208-1 -1 -1 -1000 -1000 -1000 -10 -0.362722
Pedestrian -1 -1 -10 816 130 849 223-1 -1 -1 -1000 -1000 -1000 -10 -0.368781
Pedestrian -1 -1 -10 947 98 995 230-1 -1 -1 -1000 -1000 -1000 -10 -0.452309
Pedestrian -1 -1 -10 461 15 516 167-1 -1 -1 -1000 -1000 -1000 -10 -0.483396
Pedestrian -1 -1 -10 205 261 272 375-1 -1 -1 -1000 -1000 -1000 -10 -0.531547
Pedestrian -1 -1 -10 1110 114 1177 237-1 -1 -1 -1000 -1000 -1000 -10 -0.565997
Pedestrian -1 -1 -10 782 102 845 175-1 -1 -1 -1000 -1000 -1000 -10 -0.665937
Pedestrian -1 -1 -10 524 147 574 240-1 -1 -1 -1000 -1000 -1000 -10 -0.764981
Pedestrian -1 -1 -10 732 76 791 239-1 -1 -1 -1000 -1000 -1000 -10 -0.770845
Pedestrian -1 -1 -10 465 201 520 264-1 -1 -1 -1000 -1000 -1000 -10 -0.774869
Pedestrian -1 -1 -10 1085 93 1121 193-1 -1 -1 -1000 -1000 -1000 -10 -0.784674
Pedestrian -1 -1 -10 881 1 944 176-1 -1 -1 -1000 -1000 -1000 -10 -0.874386
Pedestrian -1 -1 -10 987 138 1037 231-1 -1 -1 -1000 -1000 -1000 -10 -0.935203
Pedestrian -1 -1 -10 1210 293 1242 375-1 -1 -1 -1000 -1000 -1000 -10 -0.942127
Pedestrian -1 -1 -10 93 313 156 375-1 -1 -1 -1000 -1000 -1000 -10 -0.957095
Pedestrian -1 -1 -10 329 145 376 232-1 -1 -1 -1000 -1000 -1000 -10 -0.963836
Pedestrian -1 -1 -10 936 10 969 103-1 -1 -1 -1000 -1000 -1000 -10 -0.972877
Pedestrian -1 -1 -10 937 169 968 256-1 -1 -1 -1000 -1000 -1000 -10 -0.973032
