Pedestrian -1 -1 -10 1031 210 1090 373-1 -1 -1 -1000 -1000 -1000 -10 0.395082
Pedestrian -1 -1 -10 202 85 243 200-1 -1 -1 -1000 -1000 -1000 -10 -0.0049901
Pedestrian -1 -1 -10 1150 195 1242 313-1 -1 -1 -1000 -1000 -1000 -10 -0.292877
Pedestrian -1 -1 -10 898 157 949 299-1 -1 -1 -1000 -1000 -1000 -10 -0.326581
Pedestrian -1 -1 -10 198 1 231 94-1 -1 -1 -1000 -1000 -1000 -10 -0.339253
Pedestrian -1 -1 -10 944 258 1063 375-1 -1 -1 -1000 -1000 -1000 -10 -0.388729
Pedestrian -1 -1 -10 687 64 760 147-1 -1 -1 -1000 -1000 -1000 -10 -0.512143
Pedestrian -1 -1 -10 402 202 464 317-1 -1 -1 -1000 -1000 -1000 -10 -0.547526
Pedestrian -1 -1 -10 256 86 304 218-1 -1 -1 -1000 -1000 -1000 -10 -0.712421
Pedestrian -1 -1 -10 1 1 158 375-1 -1 -1 -1000 -1000 -1000 -10 -0.762089
Pedestrian -1 -1 -10 498 164 531 257-1 -1 -1 -1000 -1000 -1000 -10 -0.772152
Pedestrian -1 -1 -10 867 91 926 254-1 -1 -1 -1000 -1000 -1000 -10 -0.797402
Pedestrian -1 -1 -10 738 215 771 308-1 -1 -1 -1000 -1000 -1000 -10 -0.844745
Pedestrian -1 -1 -10 1093 183 1242 375-1 -1 -1 -1000 -1000 -1000 -10 -0.863174
Pedestrian -1 -1 -10 703 61 762 224-1 -1 -1 -1000 -1000 -1000 -10 -0.890404
Pedestrian -1 -1 -10 434 120 537 238-1 -1 -1 -1000 -1000 -1000 -10 -0.89454
Pedestrian -1 -1 -10 161 105 208 192-1 -1 -1 -1000 -1000 -1000 -10 -0.912217
Pedestrian -1 -1 -10 689 113 752 288-1 -1 -1 -1000 -1000 -1000 -10 -0.914268
Pedestrian -1 -1 -10 657 1 792 249-1 -1 -1 -1000 -1000 -1000 -10 -0.929709
Pedestrian -1 -1 -10 129 306 197 375-1 -1 -1 -1000 -1000 -1000 -10 -0.93262
Pedestrian -1 -1 -10 951 205 1108 375-1 -1 -1 -1000 -1000 -1000 -10 -0.949026
Pedestrian -1 -1 -10 562 93 616 193-1 -1 -1 -1000 -1000 -1000 -10 -0.978864
Pedestrian -1 -1 -10 601 103 679 193-1 -1 -1 -1000 -1000 -1000 -10 -0.979224
