Pedestrian -1 -1 -10 807 172 866 240-1 -1 -1 -1000 -1000 -1000 -10 -0.441865
Pedestrian -1 -1 -10 825 297 856 375-1 -1 -1 -1000 -1000 -1000 -10 -0.687747
Pedestrian -1 -1 -10 789 99 827 206-1 -1 -1 -1000 -1000 -1000 -10 -0.695583
Pedestrian -1 -1 -10 961 112 994 205-1 -1 -1 -1000 -1000 -1000 -10 -0.72261
Pedestrian -1 -1 -10 993 1 1076 232-1 -1 -1 -1000 -1000 -1000 -10 -0.769526
Pedestrian -1 -1 -10 1117 1 1242 194-1 -1 -1 -1000 -1000 -1000 -10 -0.783801
Pedestrian -1 -1 -10 293 155 326 248-1 -1 -1 -1000 -1000 -1000 -10 -0.837137
Pedestrian -1 -1 -10 91 180 299 375-1 -1 -1 -1000 -1000 -1000 -10 -0.911006
Pedestrian -1 -1 -10 790 318 849 375-1 -1 -1 -1000 -1000 -1000 -10 -0.927751
Pedestrian -1 -1 -10 296 188 334 295-1 -1 -1 -1000 -1000 -1000 -10 -0.969225
