Pedestrian -1 -1 -10 850 250 883 343-1 -1 -1 -1000 -1000 -1000 -10 -0.15353
Pedestrian -1 -1 -10 1144 21 1222 237-1 -1 -1 -1000 -1000 -1000 -10 -0.50633
Pedestrian -1 -1 -10 1193 241 1242 334-1 -1 -1 -1000 -1000 -1000 -10 -0.601049
Pedestrian -1 -1 -10 600 85 697 195-1 -1 -1 -1000 -1000 -1000 -10 -0.764198
Pedestrian -1 -1 -10 1223 46 1242 169-1 -1 -1 -1000 -1000 -1000 -10 -0.789057
Pedestrian -1 -1 -10 1157 224 1240 375-1 -1 -1 -1000 -1000 -1000 -10 -0.822151
Pedestrian -1 -1 -10 670 224 753 375-1 -1 -1 -1000 -1000 -1000 -10 -0.863342
Pedestrian -1 -1 -10 1185 1 1242 352-1 -1 -1 -1000 -1000 -1000 -10 -0.902167
Pedestrian -1 -1 -10 764 1 814 94-1 -1 -1 -1000 -1000 -1000 -10 -0.934047
Pedestrian -1 -1 -10 859 248 910 375-1 -1 -1 -1000 -1000 -1000 -10 -0.946738
Pedestrian -1 -1 -10 921 121 968 208-1 -1 -1 -1000 -1000 -1000 -10 -0.955308
Pedestrian -1 -1 -10 598 1 1015 375-1 -1 -1 -1000 -1000 -1000 -10 -0.957803
