Pedestrian -1 -1 -10 185 102 221 202-1 -1 -1 -1000 -1000 -1000 -10 0.130912
Pedestrian -1 -1 -10 1099 64 1140 179-1 -1 -1 -1000 -1000 -1000 -10 -0.191514
Pedestrian -1 -1 -10 824 293 857 375-1 -1 -1 -1000 -1000 -1000 -10 -0.235407
Pedestrian -1 -1 -10 1204 12 1242 127-1 -1 -1 -1000 -1000 -1000 -10 -0.493206
Pedestrian -1 -1 -10 820 1 871 143-1 -1 -1 -1000 -1000 -1000 -10 -0.678285
Pedestrian -1 -1 -10 1061 91 1120 254-1 -1 -1 -1000 -1000 -1000 -10 -0.695063
Pedestrian -1 -1 -10 741 74 813 206-1 -1 -1 -1000 -1000 -1000 -10 -0.718919
Pedestrian -1 -1 -10 704 256 776 375-1 -1 -1 -1000 -1000 -1000 -10 -0.762596
Pedestrian -1 -1 -10 1143 1 1242 306-1 -1 -1 -1000 -1000 -1000 -10 -0.785733
Pedestrian -1 -1 -10 33 107 95 222-1 -1 -1 -1000 -1000 -1000 -10 -0.826438
Pedestrian -1 -1 -10 1004 301 1054 375-1 -1 -1 -1000 -1000 -1000 -10 -0.835051
Pedestrian -1 -1 -10 1141 313 1204 375-1 -1 -1 -1000 -1000 -1000 -10 -0.878112
Pedestrian -1 -1 -10 593 147 626 240-1 -1 -1 -1000 -1000 -1000 -10 -0.890031
Pedestrian -1 -1 -10 993 117 1034 232-1 -1 -1 -1000 -1000 -1000 -10 -0.896325
Pedestrian -1 -1 -10 363 71 460 181-1 -1 -1 -1000 -1000 -1000 -10 -0.914377
Pedestrian -1 -1 -10 550 85 845 375-1 -1 -1 -1000 -1000 -1000 -10 -0.923525
Pedestrian -1 -1 -10 1013 52 1081 240-1 -1 -1 -1000 -1000 -1000 -10 -0.934245
Pedestrian -1 -1 -10 850 125 928 215-1 -1 -1 -1000 -1000 -1000 -10 -0.943261
