Pedestrian -1 -1 -10 481 177 512 264-1 -1 -1 -1000 -1000 -1000 -10 -0.20047
Pedestrian -1 -1 -10 261 183 442 375-1 -1 -1 -1000 -1000 -1000 -10 -0.468839
Pedestrian -1 -1 -10 1106 1 1224 328-1 -1 -1 -1000 -1000 -1000 -10 -0.664312
Pedestrian -1 -1 -10 755 56 828 257-1 -1 -1 -1000 -1000 -1000 -10 -0.667317
Pedestrian -1 -1 -10 703 61 762 224-1 -1 -1 -1000 -1000 -1000 -10 -0.775772
Pedestrian -1 -1 -10 434 31 493 194-1 -1 -1 -1000 -1000 -1000 -10 -0.793548
Pedestrian -1 -1 -10 244 50 583 375-1 -1 -1 -1000 -1000 -1000 -10 -0.869041
Pedestrian -1 -1 -10 1047 121 1097 214-1 -1 -1 -1000 -1000 -1000 -10 -0.954323
Pedestrian -1 -1 -10 793 137 871 227-1 -1 -1 -1000 -1000 -1000 -10 -0.959635
Pedestrian -1 -1 -10 673 129 704 216-1 -1 -1 -1000 -1000 -1000 -10 -0.959724
