Pedestrian -1 -1 -10 627 121 660 214-1 -1 -1 -1000 -1000 -1000 -10 -0.70243
Pedestrian -1 -1 -10 1 1 91 249-1 -1 -1 -1000 -1000 -1000 -10 -0.753579
Pedestrian -1 -1 -10 508 79 585 221-1 -1 -1 -1000 -1000 -1000 -10 -0.769424
Pedestrian -1 -1 -10 183 159 267 255-1 -1 -1 -1000 -1000 -1000 -10 -0.781501
Pedestrian -1 -1 -10 769 217 816 304-1 -1 -1 -1000 -1000 -1000 -10 -0.807536
Pedestrian -1 -1 -10 790 70 909 206-1 -1 -1 -1000 -1000 -1000 -10 -0.832051
Pedestrian -1 -1 -10 813 219 897 315-1 -1 -1 -1000 -1000 -1000 -10 -0.948495
Pedestrian -1 -1 -10 644 185 753 374-1 -1 -1 -1000 -1000 -1000 -10 -0.968846
Pedestrian -1 -1 -10 455 104 505 197-1 -1 -1 -1000 -1000 -1000 -10 -0.983309
Pedestrian -1 -1 -10 577 121 632 184-1 -1 -1 -1000 -1000 -1000 -10 -0.99234
Pedestrian -1 -1 -10 249 49 280 136-1 -1 -1 -1000 -1000 -1000 -10 -0.999729
