Pedestrian -1 -1 -10 795 140 850 292-1 -1 -1 -1000 -1000 -1000 -10 -0.0897565
Pedestrian -1 -1 -10 756 35 824 223-1 -1 -1 -1000 -1000 -1000 -10 -0.633474
Pedestrian -1 -1 -10 680 86 752 218-1 -1 -1 -1000 -1000 -1000 -10 -0.671955
Pedestrian -1 -1 -10 74 98 219 364-1 -1 -1 -1000 -1000 -1000 -10 -0.700575
Pedestrian -1 -1 -10 641 121 672 208-1 -1 -1 -1000 -1000 -1000 -10 -0.779321
Pedestrian -1 -1 -10 417 81 448 168-1 -1 -1 -1000 -1000 -1000 -10 -0.816414
Pedestrian -1 -1 -10 408 114 452 237-1 -1 -1 -1000 -1000 -1000 -10 -0.824281
Pedestrian -1 -1 -10 651 53 702 195-1 -1 -1 -1000 -1000 -1000 -10 -0.824653
Pedestrian -1 -1 -10 31 195 90 358-1 -1 -1 -1000 -1000 -1000 -10 -0.828631
Pedestrian -1 -1 -10 18 52 86 240-1 -1 -1 -1000 -1000 -1000 -10 -0.871996
Pedestrian -1 -1 -10 419 61 522 179-1 -1 -1 -1000 -1000 -1000 -10 -0.900768
Pedestrian -1 -1 -10 381 43 633 375-1 -1 -1 -1000 -1000 -1000 -10 -0.920178
Pedestrian -1 -1 -10 1158 248 1235 375-1 -1 -1 -1000 -1000 -1000 -10 -0.929397
Pedestrian -1 -1 -10 789 99 867 315-1 -1 -1 -1000 -1000 -1000 -10 -0.967073
Pedestrian -1 -1 -10 851 196 948 306-1 -1 -1 -1000 -1000 -1000 -10 -0.973701
Pedestrian -1 -1 -10 1 198 138 355-1 -1 -1 -1000 -1000 -1000 -10 -0.985654
Pedestrian -1 -1 -10 1078 212 1151 295-1 -1 -1 -1000 -1000 -1000 -10 -0.993737
