Pedestrian -1 -1 -10 1057 169 1088 256-1 -1 -1 -1000 -1000 -1000 -10 0.116282
Pedestrian -1 -1 -10 289 177 336 264-1 -1 -1 -1000 -1000 -1000 -10 -0.15117
Pedestrian -1 -1 -10 721 153 752 240-1 -1 -1 -1000 -1000 -1000 -10 -0.240376
Pedestrian -1 -1 -10 550 138 583 231-1 -1 -1 -1000 -1000 -1000 -10 -0.315761
Pedestrian -1 -1 -10 529 153 560 240-1 -1 -1 -1000 -1000 -1000 -10 -0.489357
Pedestrian -1 -1 -10 1068 134 1140 266-1 -1 -1 -1000 -1000 -1000 -10 -0.56506
Pedestrian -1 -1 -10 1104 109 1162 216-1 -1 -1 -1000 -1000 -1000 -10 -0.712795
Pedestrian -1 -1 -10 575 138 634 206-1 -1 -1 -1000 -1000 -1000 -10 -0.736196
Pedestrian -1 -1 -10 522 122 570 254-1 -1 -1 -1000 -1000 -1000 -10 -0.842718
Pedestrian -1 -1 -10 953 241 986 334-1 -1 -1 -1000 -1000 -1000 -10 -0.887845
Pedestrian -1 -1 -10 22 1 105 232-1 -1 -1 -1000 -1000 -1000 -10 -0.949322
Pedestrian -1 -1 -10 772 275 834 375-1 -1 -1 -1000 -1000 -1000 -10 -0.94972
Pedestrian -1 -1 -10 1226 170 1242 285-1 -1 -1 -1000 -1000 -1000 -10 -0.956489
Pedestrian -1 -1 -10 516 111 772 375-1 -1 -1 -1000 -1000 -1000 -10 -0.978377
