Pedestrian -1 -1 -10 433 161 464 248-1 -1 -1 -1000 -1000 -1000 -10 1.71788
Pedestrian -1 -1 -10 644 50 692 182-1 -1 -1 -1000 -1000 -1000 -10 -0.130961
Pedestrian -1 -1 -10 857 65 888 152-1 -1 -1 -1000 -1000 -1000 -10 -0.196472
Pedestrian -1 -1 -10 673 121 704 208-1 -1 -1 -1000 -1000 -1000 -10 -0.343868
Pedestrian -1 -1 -10 745 38 799 138-1 -1 -1 -1000 -1000 -1000 -10 -0.354626
Pedestrian -1 -1 -10 1177 29 1231 129-1 -1 -1 -1000 -1000 -1000 -10 -0.398721
Pedestrian -1 -1 -10 838 1 882 124-1 -1 -1 -1000 -1000 -1000 -10 -0.489747
Pedestrian -1 -1 -10 377 126 460 278-1 -1 -1 -1000 -1000 -1000 -10 -0.6386
Pedestrian -1 -1 -10 644 1 753 202-1 -1 -1 -1000 -1000 -1000 -10 -0.787856
Pedestrian -1 -1 -10 1097 9 1144 96-1 -1 -1 -1000 -1000 -1000 -10 -0.789405
Pedestrian -1 -1 -10 721 33 816 208-1 -1 -1 -1000 -1000 -1000 -10 -0.820156
Pedestrian -1 -1 -10 1144 50 1182 157-1 -1 -1 -1000 -1000 -1000 -10 -0.903245
Pedestrian -1 -1 -10 897 65 952 128-1 -1 -1 -1000 -1000 -1000 -10 -0.966331
Pedestrian -1 -1 -10 948 10 1011 83-1 -1 -1 -1000 -1000 -1000 -10 -0.976324
