Pedestrian -1 -1 -10 856 166 892 266-1 -1 -1 -1000 -1000 -1000 -10 1.1278
Pedestrian -1 -1 -10 745 105 776 192-1 -1 -1 -1000 -1000 -1000 -10 -0.158967
Pedestrian -1 -1 -10 389 50 728 375-1 -1 -1 -1000 -1000 -1000 -10 -0.380062
Pedestrian -1 -1 -10 713 172 746 265-1 -1 -1 -1000 -1000 -1000 -10 -0.58601
Pedestrian -1 -1 -10 889 73 936 160-1 -1 -1 -1000 -1000 -1000 -10 -0.629182
Pedestrian -1 -1 -10 859 131 910 273-1 -1 -1 -1000 -1000 -1000 -10 -0.786105
Pedestrian -1 -1 -10 1209 57 1240 144-1 -1 -1 -1000 -1000 -1000 -10 -0.792147
Pedestrian -1 -1 -10 11 159 69 266-1 -1 -1 -1000 -1000 -1000 -10 -0.81899
Pedestrian -1 -1 -10 107 75 180 158-1 -1 -1 -1000 -1000 -1000 -10 -0.832912
Pedestrian -1 -1 -10 937 89 968 176-1 -1 -1 -1000 -1000 -1000 -10 -0.834872
Pedestrian -1 -1 -10 1087 15 1170 167-1 -1 -1 -1000 -1000 -1000 -10 -0.851053
Pedestrian -1 -1 -10 190 112 223 205-1 -1 -1 -1000 -1000 -1000 -10 -0.951746
Pedestrian -1 -1 -10 713 25 760 112-1 -1 -1 -1000 -1000 -1000 -10 -0.964352
Pedestrian -1 -1 -10 777 150 836 313-1 -1 -1 -1000 -1000 -1000 -10 -0.997796
