Pedestrian -1 -1 -10 635 139 671 239-1 -1 -1 -1000 -1000 -1000 -10 2.19125
Pedestrian -1 -1 -10 569 145 600 232-1 -1 -1 -1000 -1000 -1000 -10 1.84909
Pedestrian -1 -1 -10 1015 131 1118 370-1 -1 -1 -1000 -1000 -1000 -10 1.80034
Pedestrian -1 -1 -10 592 139 630 246-1 -1 -1 -1000 -1000 -1000 -10 1.65789
Pedestrian -1 -1 -10 497 137 528 224-1 -1 -1 -1000 -1000 -1000 -10 1.46654
Pedestrian -1 -1 -10 951 149 1034 370-1 -1 -1 -1000 -1000 -1000 -10 1.18437
Pedestrian -1 -1 -10 541 138 574 231-1 -1 -1 -1000 -1000 -1000 -10 1.06834
Pedestrian -1 -1 -10 1087 137 1177 370-1 -1 -1 -1000 -1000 -1000 -10 1.02811
Pedestrian -1 -1 -10 441 145 472 232-1 -1 -1 -1000 -1000 -1000 -10 0.169291
Pedestrian -1 -1 -10 586 126 641 278-1 -1 -1 -1000 -1000 -1000 -10 -0.276528
Pedestrian -1 -1 -10 281 145 312 232-1 -1 -1 -1000 -1000 -1000 -10 -0.290161
Pedestrian -1 -1 -10 628 112 683 264-1 -1 -1 -1000 -1000 -1000 -10 -0.44353
Pedestrian -1 -1 -10 318 61 351 154-1 -1 -1 -1000 -1000 -1000 -10 -0.597707
Pedestrian -1 -1 -10 986 80 1224 370-1 -1 -1 -1000 -1000 -1000 -10 -0.661164
Pedestrian -1 -1 -10 481 9 512 96-1 -1 -1 -1000 -1000 -1000 -10 -0.692313
Pedestrian -1 -1 -10 261 125 339 215-1 -1 -1 -1000 -1000 -1000 -10 -0.700963
Pedestrian -1 -1 -10 631 40 709 256-1 -1 -1 -1000 -1000 -1000 -10 -0.701702
Pedestrian -1 -1 -10 369 166 478 367-1 -1 -1 -1000 -1000 -1000 -10 -0.747755
Pedestrian -1 -1 -10 188 267 246 370-1 -1 -1 -1000 -1000 -1000 -10 -0.753161
Pedestrian -1 -1 -10 516 111 644 257-1 -1 -1 -1000 -1000 -1000 -10 -0.801642
Pedestrian -1 -1 -10 474 1 532 108-1 -1 -1 -1000 -1000 -1000 -10 -0.829955
Pedestrian -1 -1 -10 273 73 304 160-1 -1 -1 -1000 -1000 -1000 -10 -0.839452
Pedestrian -1 -1 -10 172 138 411 370-1 -1 -1 -1000 -1000 -1000 -10 -0.913874
Pedestrian -1 -1 -10 816 1 866 94-1 -1 -1 -1000 -1000 -1000 -10 -0.937815
Pedestrian -1 -1 -10 267 60 325 167-1 -1 -1 -1000 -1000 -1000 -10 -0.948244
Pedestrian -1 -1 -10 823 1 906 153-1 -1 -1 -1000 -1000 -1000 -10 -0.964918
Pedestrian -1 -1 -10 785 1 848 176-1 -1 -1 -1000 -1000 -1000 -10 -0.986264
