Pedestrian -1 -1 -10 1001 161 1032 248-1 -1 -1 -1000 -1000 -1000 -10 0.816453
Pedestrian -1 -1 -10 961 164 994 257-1 -1 -1 -1000 -1000 -1000 -10 0.186168
Pedestrian -1 -1 -10 465 85 760 375-1 -1 -1 -1000 -1000 -1000 -10 -0.308337
Pedestrian -1 -1 -10 937 149 995 256-1 -1 -1 -1000 -1000 -1000 -10 -0.582123
Pedestrian -1 -1 -10 1113 102 1149 202-1 -1 -1 -1000 -1000 -1000 -10 -0.635218
Pedestrian -1 -1 -10 1210 105 1242 247-1 -1 -1 -1000 -1000 -1000 -10 -0.642777
Pedestrian -1 -1 -10 995 147 1043 279-1 -1 -1 -1000 -1000 -1000 -10 -0.703705
Pedestrian -1 -1 -10 929 113 1040 240-1 -1 -1 -1000 -1000 -1000 -10 -0.75116
Pedestrian -1 -1 -10 862 98 910 230-1 -1 -1 -1000 -1000 -1000 -10 -0.782195
Pedestrian -1 -1 -10 153 113 208 176-1 -1 -1 -1000 -1000 -1000 -10 -0.786511
Pedestrian -1 -1 -10 782 111 818 211-1 -1 -1 -1000 -1000 -1000 -10 -0.81576
Pedestrian -1 -1 -10 148 103 226 193-1 -1 -1 -1000 -1000 -1000 -10 -0.824897
Pedestrian -1 -1 -10 1035 75 1108 158-1 -1 -1 -1000 -1000 -1000 -10 -0.839685
Pedestrian -1 -1 -10 1200 1 1242 249-1 -1 -1 -1000 -1000 -1000 -10 -0.918215
Pedestrian -1 -1 -10 929 24 1064 272-1 -1 -1 -1000 -1000 -1000 -10 -0.951836
Pedestrian -1 -1 -10 150 105 239 268-1 -1 -1 -1000 -1000 -1000 -10 -0.953629
