Pedestrian -1 -1 -10 560 33 601 148-1 -1 -1 -1000 -1000 -1000 -10 0.153381
Pedestrian -1 -1 -10 553 31 612 194-1 -1 -1 -1000 -1000 -1000 -10 -0.13632
Pedestrian -1 -1 -10 961 284 1011 375-1 -1 -1 -1000 -1000 -1000 -10 -0.411068
Pedestrian -1 -1 -10 421 10 454 103-1 -1 -1 -1000 -1000 -1000 -10 -0.527648
Pedestrian -1 -1 -10 962 1 1003 116-1 -1 -1 -1000 -1000 -1000 -10 -0.701391
Pedestrian -1 -1 -10 948 210 1003 362-1 -1 -1 -1000 -1000 -1000 -10 -0.742763
Pedestrian -1 -1 -10 817 1 880 176-1 -1 -1 -1000 -1000 -1000 -10 -0.759723
Pedestrian -1 -1 -10 769 1 886 217-1 -1 -1 -1000 -1000 -1000 -10 -0.80929
Pedestrian -1 -1 -10 727 38 763 138-1 -1 -1 -1000 -1000 -1000 -10 -0.81115
Pedestrian -1 -1 -10 482 79 559 221-1 -1 -1 -1000 -1000 -1000 -10 -0.816484
Pedestrian -1 -1 -10 628 31 687 194-1 -1 -1 -1000 -1000 -1000 -10 -0.822596
Pedestrian -1 -1 -10 419 1 627 239-1 -1 -1 -1000 -1000 -1000 -10 -0.865087
Pedestrian -1 -1 -10 233 1 292 69-1 -1 -1 -1000 -1000 -1000 -10 -0.896408
Pedestrian -1 -1 -10 344 76 403 239-1 -1 -1 -1000 -1000 -1000 -10 -0.907633
Pedestrian -1 -1 -10 180 85 242 200-1 -1 -1 -1000 -1000 -1000 -10 -0.947582
Pedestrian -1 -1 -10 856 1 919 74-1 -1 -1 -1000 -1000 -1000 -10 -0.994748
