Pedestrian -1 -1 -10 1 29 56 181-1 -1 -1 -1000 -1000 -1000 -10 -0.310127
Pedestrian -1 -1 -10 335 196 432 306-1 -1 -1 -1000 -1000 -1000 -10 -0.557329
Pedestrian -1 -1 -10 690 149 758 227-1 -1 -1 -1000 -1000 -1000 -10 -0.66137
Pedestrian -1 -1 -10 688 16 747 179-1 -1 -1 -1000 -1000 -1000 -10 -0.713527
Pedestrian -1 -1 -10 457 193 488 280-1 -1 -1 -1000 -1000 -1000 -10 -0.735726
Pedestrian -1 -1 -10 159 304 243 375-1 -1 -1 -1000 -1000 -1000 -10 -0.770737
Pedestrian -1 -1 -10 1045 40 1083 147-1 -1 -1 -1000 -1000 -1000 -10 -0.795694
Pedestrian -1 -1 -10 646 103 724 193-1 -1 -1 -1000 -1000 -1000 -10 -0.814087
Pedestrian -1 -1 -10 350 185 459 375-1 -1 -1 -1000 -1000 -1000 -10 -0.827575
Pedestrian -1 -1 -10 223 1 264 116-1 -1 -1 -1000 -1000 -1000 -10 -0.843756
Pedestrian -1 -1 -10 539 180 612 263-1 -1 -1 -1000 -1000 -1000 -10 -0.895274
Pedestrian -1 -1 -10 111 38 165 138-1 -1 -1 -1000 -1000 -1000 -10 -0.914486
Pedestrian -1 -1 -10 430 79 507 221-1 -1 -1 -1000 -1000 -1000 -10 -0.965277
Pedestrian -1 -1 -10 202 64 243 179-1 -1 -1 -1000 -1000 -1000 -10 -0.971076
Pedestrian -1 -1 -10 1057 73 1104 160-1 -1 -1 -1000 -1000 -1000 -10 -0.983825
Pedestrian -1 -1 -10 721 70 840 206-1 -1 -1 -1000 -1000 -1000 -10 -0.999018
