Pedestrian -1 -1 -10 948 168 1003 320-1 -1 -1 -1000 -1000 -1000 -10 0.292643
Pedestrian -1 -1 -10 284 147 317 240-1 -1 -1 -1000 -1000 -1000 -10 0.00192451
Pedestrian -1 -1 -10 562 1 598 101-1 -1 -1 -1000 -1000 -1000 -10 -0.379333
Pedestrian -1 -1 -10 33 225 96 374-1 -1 -1 -1000 -1000 -1000 -10 -0.53658
Pedestrian -1 -1 -10 516 139 552 239-1 -1 -1 -1000 -1000 -1000 -10 -0.59781
Pedestrian -1 -1 -10 35 138 85 231-1 -1 -1 -1000 -1000 -1000 -10 -0.638285
Pedestrian -1 -1 -10 62 219 146 315-1 -1 -1 -1000 -1000 -1000 -10 -0.643937
Pedestrian -1 -1 -10 1 145 96 320-1 -1 -1 -1000 -1000 -1000 -10 -0.648866
Pedestrian -1 -1 -10 586 92 637 234-1 -1 -1 -1000 -1000 -1000 -10 -0.692506
Pedestrian -1 -1 -10 202 265 264 374-1 -1 -1 -1000 -1000 -1000 -10 -0.695892
Pedestrian -1 -1 -10 825 201 872 288-1 -1 -1 -1000 -1000 -1000 -10 -0.753124
Pedestrian -1 -1 -10 1169 257 1216 344-1 -1 -1 -1000 -1000 -1000 -10 -0.787418
Pedestrian -1 -1 -10 247 218 315 296-1 -1 -1 -1000 -1000 -1000 -10 -0.798642
Pedestrian -1 -1 -10 166 240 294 374-1 -1 -1 -1000 -1000 -1000 -10 -0.834167
Pedestrian -1 -1 -10 1 1 223 374-1 -1 -1 -1000 -1000 -1000 -10 -0.839493
Pedestrian -1 -1 -10 241 209 336 374-1 -1 -1 -1000 -1000 -1000 -10 -0.850684
Pedestrian -1 -1 -10 294 154 349 306-1 -1 -1 -1000 -1000 -1000 -10 -0.855917
Pedestrian -1 -1 -10 1025 209 1072 296-1 -1 -1 -1000 -1000 -1000 -10 -0.907066
Pedestrian -1 -1 -10 413 172 463 265-1 -1 -1 -1000 -1000 -1000 -10 -0.937378
Pedestrian -1 -1 -10 465 12 543 102-1 -1 -1 -1000 -1000 -1000 -10 -0.941744
Pedestrian -1 -1 -10 809 296 877 374-1 -1 -1 -1000 -1000 -1000 -10 -0.960549
Pedestrian -1 -1 -10 850 1 946 267-1 -1 -1 -1000 -1000 -1000 -10 -0.976865
