Pedestrian -1 -1 -10 865 185 901 285-1 -1 -1 -1000 -1000 -1000 -10 -0.273911
Pedestrian -1 -1 -10 273 105 304 192-1 -1 -1 -1000 -1000 -1000 -10 -0.481697
Pedestrian -1 -1 -10 441 113 488 200-1 -1 -1 -1000 -1000 -1000 -10 -0.584816
Pedestrian -1 -1 -10 817 185 864 272-1 -1 -1 -1000 -1000 -1000 -10 -0.646039
Pedestrian -1 -1 -10 465 171 543 261-1 -1 -1 -1000 -1000 -1000 -10 -0.698432
Pedestrian -1 -1 -10 753 1 863 306-1 -1 -1 -1000 -1000 -1000 -10 -0.797384
Pedestrian -1 -1 -10 661 35 720 103-1 -1 -1 -1000 -1000 -1000 -10 -0.821318
Pedestrian -1 -1 -10 70 164 120 257-1 -1 -1 -1000 -1000 -1000 -10 -0.821486
Pedestrian -1 -1 -10 241 89 272 176-1 -1 -1 -1000 -1000 -1000 -10 -0.832123
Pedestrian -1 -1 -10 287 99 345 206-1 -1 -1 -1000 -1000 -1000 -10 -0.838402
Pedestrian -1 -1 -10 893 1 961 189-1 -1 -1 -1000 -1000 -1000 -10 -0.860961
Pedestrian -1 -1 -10 318 202 391 285-1 -1 -1 -1000 -1000 -1000 -10 -0.885961
Pedestrian -1 -1 -10 1 257 32 344-1 -1 -1 -1000 -1000 -1000 -10 -0.88599
Pedestrian -1 -1 -10 314 195 403 358-1 -1 -1 -1000 -1000 -1000 -10 -0.908674
Pedestrian -1 -1 -10 183 66 234 208-1 -1 -1 -1000 -1000 -1000 -10 -0.909587
Pedestrian -1 -1 -10 1 164 34 257-1 -1 -1 -1000 -1000 -1000 -10 -0.941598
Pedestrian -1 -1 -10 177 177 288 304-1 -1 -1 -1000 -1000 -1000 -10 -0.973576
Pedestrian -1 -1 -10 850 182 917 305-1 -1 -1 -1000 -1000 -1000 -10 -0.999516
