Pedestrian -1 -1 -10 207 1 412 375-1 -1 -1 -1000 -1000 -1000 -10 -0.183041
Pedestrian -1 -1 -10 603 54 676 137-1 -1 -1 -1000 -1000 -1000 -10 -0.42304
Pedestrian -1 -1 -10 1 25 32 112-1 -1 -1 -1000 -1000 -1000 -10 -0.556619
Pedestrian -1 -1 -10 721 65 784 240-1 -1 -1 -1000 -1000 -1000 -10 -0.702902
Pedestrian -1 -1 -10 525 139 579 239-1 -1 -1 -1000 -1000 -1000 -10 -0.771457
Pedestrian -1 -1 -10 1185 1 1240 153-1 -1 -1 -1000 -1000 -1000 -10 -0.778852
Pedestrian -1 -1 -10 78 18 137 86-1 -1 -1 -1000 -1000 -1000 -10 -0.849718
Pedestrian -1 -1 -10 1098 318 1157 375-1 -1 -1 -1000 -1000 -1000 -10 -0.887967
Pedestrian -1 -1 -10 80 40 138 147-1 -1 -1 -1000 -1000 -1000 -10 -0.891386
Pedestrian -1 -1 -10 725 1 860 249-1 -1 -1 -1000 -1000 -1000 -10 -0.915345
Pedestrian -1 -1 -10 385 11 443 118-1 -1 -1 -1000 -1000 -1000 -10 -0.933881
Pedestrian -1 -1 -10 425 62 497 194-1 -1 -1 -1000 -1000 -1000 -10 -0.960372
Pedestrian -1 -1 -10 1115 1 1242 223-1 -1 -1 -1000 -1000 -1000 -10 -0.976161
