Pedestrian -1 -1 -10 598 105 701 223-1 -1 -1 -1000 -1000 -1000 -10 -0.296667
Pedestrian -1 -1 -10 419 99 474 251-1 -1 -1 -1000 -1000 -1000 -10 -0.31705
Pedestrian -1 -1 -10 415 21 493 237-1 -1 -1 -1000 -1000 -1000 -10 -0.383318
Pedestrian -1 -1 -10 490 52 540 145-1 -1 -1 -1000 -1000 -1000 -10 -0.426802
Pedestrian -1 -1 -10 165 1 224 164-1 -1 -1 -1000 -1000 -1000 -10 -0.563577
Pedestrian -1 -1 -10 1 265 42 375-1 -1 -1 -1000 -1000 -1000 -10 -0.784513
Pedestrian -1 -1 -10 219 37 267 169-1 -1 -1 -1000 -1000 -1000 -10 -0.803956
Pedestrian -1 -1 -10 144 92 195 234-1 -1 -1 -1000 -1000 -1000 -10 -0.85155
Pedestrian -1 -1 -10 293 87 326 180-1 -1 -1 -1000 -1000 -1000 -10 -0.868815
Pedestrian -1 -1 -10 61 1 239 328-1 -1 -1 -1000 -1000 -1000 -10 -0.899385
Pedestrian -1 -1 -10 558 35 591 128-1 -1 -1 -1000 -1000 -1000 -10 -0.935485
Pedestrian -1 -1 -10 533 99 571 206-1 -1 -1 -1000 -1000 -1000 -10 -0.964602
Pedestrian -1 -1 -10 502 43 585 195-1 -1 -1 -1000 -1000 -1000 -10 -0.966567
Pedestrian -1 -1 -10 698 107 760 222-1 -1 -1 -1000 -1000 -1000 -10 -0.984544
Pedestrian -1 -1 -10 825 321 880 375-1 -1 -1 -1000 -1000 -1000 -10 -0.988795
