Pedestrian -1 -1 -10 273 137 340 260-1 -1 -1 -1000 -1000 -1000 -10 -0.0773854
Pedestrian -1 -1 -10 704 1 737 94-1 -1 -1 -1000 -1000 -1000 -10 -0.136373
Pedestrian -1 -1 -10 1104 10 1158 110-1 -1 -1 -1000 -1000 -1000 -10 -0.588604
Pedestrian -1 -1 -10 425 121 472 208-1 -1 -1 -1000 -1000 -1000 -10 -0.636967
Pedestrian -1 -1 -10 1047 61 1080 154-1 -1 -1 -1000 -1000 -1000 -10 -0.758334
Pedestrian -1 -1 -10 257 99 295 206-1 -1 -1 -1000 -1000 -1000 -10 -0.790271
Pedestrian -1 -1 -10 240 91 299 254-1 -1 -1 -1000 -1000 -1000 -10 -0.808517
Pedestrian -1 -1 -10 497 137 544 224-1 -1 -1 -1000 -1000 -1000 -10 -0.819437
Pedestrian -1 -1 -10 729 40 780 182-1 -1 -1 -1000 -1000 -1000 -10 -0.851523
Pedestrian -1 -1 -10 361 105 408 192-1 -1 -1 -1000 -1000 -1000 -10 -0.865124
Pedestrian -1 -1 -10 1002 1 1053 143-1 -1 -1 -1000 -1000 -1000 -10 -0.877486
Pedestrian -1 -1 -10 1225 33 1242 120-1 -1 -1 -1000 -1000 -1000 -10 -0.914247
Pedestrian -1 -1 -10 608 38 644 138-1 -1 -1 -1000 -1000 -1000 -10 -0.969664
Pedestrian -1 -1 -10 374 125 441 248-1 -1 -1 -1000 -1000 -1000 -10 -0.97043
