Pedestrian -1 -1 -10 128 75 169 190-1 -1 -1 -1000 -1000 -1000 -10 -0.621646
Pedestrian -1 -1 -10 793 97 824 184-1 -1 -1 -1000 -1000 -1000 -10 -0.698722
Pedestrian -1 -1 -10 1193 147 1242 215-1 -1 -1 -1000 -1000 -1000 -10 -0.740452
Pedestrian -1 -1 -10 449 113 496 200-1 -1 -1 -1000 -1000 -1000 -10 -0.825179
Pedestrian -1 -1 -10 1150 87 1183 180-1 -1 -1 -1000 -1000 -1000 -10 -0.904477
Pedestrian -1 -1 -10 610 138 660 231-1 -1 -1 -1000 -1000 -1000 -10 -0.92094
Pedestrian -1 -1 -10 344 46 403 209-1 -1 -1 -1000 -1000 -1000 -10 -0.966721
Pedestrian -1 -1 -10 635 293 685 375-1 -1 -1 -1000 -1000 -1000 -10 -0.977644
Pedestrian -1 -1 -10 176 120 239 193-1 -1 -1 -1000 -1000 -1000 -10 -0.994207
Pedestrian -1 -1 -10 465 321 520 375-1 -1 -1 -1000 -1000 -1000 -10 -0.99753
