Pedestrian -1 -1 -10 13 1 61 133-1 -1 -1 -1000 -1000 -1000 -10 -0.376842
Pedestrian -1 -1 -10 966 1 1044 217-1 -1 -1 -1000 -1000 -1000 -10 -0.549726
Pedestrian -1 -1 -10 1137 49 1232 224-1 -1 -1 -1000 -1000 -1000 -10 -0.620469
Pedestrian -1 -1 -10 405 120 441 220-1 -1 -1 -1000 -1000 -1000 -10 -0.72425
Pedestrian -1 -1 -10 1064 1 1097 94-1 -1 -1 -1000 -1000 -1000 -10 -0.738233
Pedestrian -1 -1 -10 826 86 874 218-1 -1 -1 -1000 -1000 -1000 -10 -0.747454
Pedestrian -1 -1 -10 318 58 385 181-1 -1 -1 -1000 -1000 -1000 -10 -0.755553
Pedestrian -1 -1 -10 430 53 507 195-1 -1 -1 -1000 -1000 -1000 -10 -0.760767
Pedestrian -1 -1 -10 1020 37 1092 169-1 -1 -1 -1000 -1000 -1000 -10 -0.774326
Pedestrian -1 -1 -10 729 121 760 208-1 -1 -1 -1000 -1000 -1000 -10 -0.776056
Pedestrian -1 -1 -10 644 95 677 188-1 -1 -1 -1000 -1000 -1000 -10 -0.778054
Pedestrian -1 -1 -10 369 129 400 216-1 -1 -1 -1000 -1000 -1000 -10 -0.786245
Pedestrian -1 -1 -10 168 1 223 153-1 -1 -1 -1000 -1000 -1000 -10 -0.819502
Pedestrian -1 -1 -10 9 145 64 208-1 -1 -1 -1000 -1000 -1000 -10 -0.920167
Pedestrian -1 -1 -10 66 1 117 143-1 -1 -1 -1000 -1000 -1000 -10 -0.929906
Pedestrian -1 -1 -10 1 1 74 202-1 -1 -1 -1000 -1000 -1000 -10 -0.947703
Pedestrian -1 -1 -10 785 1 840 64-1 -1 -1 -1000 -1000 -1000 -10 -0.992846
Pedestrian -1 -1 -10 817 25 848 112-1 -1 -1 -1000 -1000 -1000 -10 -0.997993
