Pedestrian -1 -1 -10 1159 1 1232 202-1 -1 -1 -1000 -1000 -1000 -10 -0.45992
Pedestrian -1 -1 -10 547 53 598 195-1 -1 -1 -1000 -1000 -1000 -10 -0.465611
Pedestrian -1 -1 -10 323 111 359 211-1 -1 -1 -1000 -1000 -1000 -10 -0.471064
Pedestrian -1 -1 -10 305 33 368 208-1 -1 -1 -1000 -1000 -1000 -10 -0.483293
Pedestrian -1 -1 -10 593 104 626 197-1 -1 -1 -1000 -1000 -1000 -10 -0.709897
Pedestrian -1 -1 -10 1 258 120 375-1 -1 -1 -1000 -1000 -1000 -10 -0.716078
Pedestrian -1 -1 -10 125 80 203 170-1 -1 -1 -1000 -1000 -1000 -10 -0.781913
Pedestrian -1 -1 -10 1 1 128 352-1 -1 -1 -1000 -1000 -1000 -10 -0.802607
Pedestrian -1 -1 -10 545 1 768 256-1 -1 -1 -1000 -1000 -1000 -10 -0.85355
Pedestrian -1 -1 -10 363 29 418 181-1 -1 -1 -1000 -1000 -1000 -10 -0.887365
Pedestrian -1 -1 -10 233 138 274 253-1 -1 -1 -1000 -1000 -1000 -10 -0.903495
Pedestrian -1 -1 -10 738 293 788 375-1 -1 -1 -1000 -1000 -1000 -10 -0.910792
Pedestrian -1 -1 -10 441 89 472 176-1 -1 -1 -1000 -1000 -1000 -10 -0.917626
Pedestrian -1 -1 -10 401 50 449 182-1 -1 -1 -1000 -1000 -1000 -10 -0.936855
Pedestrian -1 -1 -10 464 87 514 180-1 -1 -1 -1000 -1000 -1000 -10 -0.970608
Pedestrian -1 -1 -10 897 121 952 184-1 -1 -1 -1000 -1000 -1000 -10 -0.971792
Pedestrian -1 -1 -10 1104 60 1162 167-1 -1 -1 -1000 -1000 -1000 -10 -0.98059
Pedestrian -1 -1 -10 781 27 831 120-1 -1 -1 -1000 -1000 -1000 -10 -0.983057
