Pedestrian -1 -1 -10 1001 113 1048 200-1 -1 -1 -1000 -1000 -1000 -10 -0.757324
Pedestrian -1 -1 -10 219 1 388 194-1 -1 -1 -1000 -1000 -1000 -10 -0.776654
Pedestrian -1 -1 -10 601 121 656 184-1 -1 -1 -1000 -1000 -1000 -10 -0.860999
Pedestrian -1 -1 -10 897 1 944 88-1 -1 -1 -1000 -1000 -1000 -10 -0.881619
Pedestrian -1 -1 -10 393 321 448 375-1 -1 -1 -1000 -1000 -1000 -10 -0.893122
Pedestrian -1 -1 -10 663 93 726 166-1 -1 -1 -1000 -1000 -1000 -10 -0.917789
Pedestrian -1 -1 -10 449 289 496 375-1 -1 -1 -1000 -1000 -1000 -10 -0.949891
Pedestrian -1 -1 -10 631 119 669 226-1 -1 -1 -1000 -1000 -1000 -10 -0.951846
Pedestrian -1 -1 -10 417 121 472 184-1 -1 -1 -1000 -1000 -1000 -10 -0.954298
Pedestrian -1 -1 -10 1121 129 1232 256-1 -1 -1 -1000 -1000 -1000 -10 -0.955365
Pedestrian -1 -1 -10 33 177 88 240-1 -1 -1 -1000 -1000 -1000 -10 -0.956372
Pedestrian -1 -1 -10 643 76 746 194-1 -1 -1 -1000 -1000 -1000 -10 -0.96944
Pedestrian -1 -1 -10 782 125 860 215-1 -1 -1 -1000 -1000 -1000 -10 -0.98348
