Pedestrian -1 -1 -10 1015 228 1083 306-1 -1 -1 -1000 -1000 -1000 -10 0.513873
Pedestrian -1 -1 -10 929 250 996 373-1 -1 -1 -1000 -1000 -1000 -10 0.176284
Pedestrian -1 -1 -10 1004 224 1087 374-1 -1 -1 -1000 -1000 -1000 -10 0.0350423
Pedestrian -1 -1 -10 729 17 760 104-1 -1 -1 -1000 -1000 -1000 -10 -0.261258
Pedestrian -1 -1 -10 225 270 328 374-1 -1 -1 -1000 -1000 -1000 -10 -0.521542
Pedestrian -1 -1 -10 91 180 299 374-1 -1 -1 -1000 -1000 -1000 -10 -0.529702
Pedestrian -1 -1 -10 516 15 613 125-1 -1 -1 -1000 -1000 -1000 -10 -0.600851
Pedestrian -1 -1 -10 736 148 772 248-1 -1 -1 -1000 -1000 -1000 -10 -0.688136
Pedestrian -1 -1 -10 714 125 758 248-1 -1 -1 -1000 -1000 -1000 -10 -0.795957
Pedestrian -1 -1 -10 545 281 592 368-1 -1 -1 -1000 -1000 -1000 -10 -0.817197
Pedestrian -1 -1 -10 873 185 928 248-1 -1 -1 -1000 -1000 -1000 -10 -0.81946
Pedestrian -1 -1 -10 295 1 331 101-1 -1 -1 -1000 -1000 -1000 -10 -0.828414
Pedestrian -1 -1 -10 898 265 939 374-1 -1 -1 -1000 -1000 -1000 -10 -0.8356
Pedestrian -1 -1 -10 381 96 454 179-1 -1 -1 -1000 -1000 -1000 -10 -0.904196
Pedestrian -1 -1 -10 1 1 239 374-1 -1 -1 -1000 -1000 -1000 -10 -0.94989
Pedestrian -1 -1 -10 210 1 328 328-1 -1 -1 -1000 -1000 -1000 -10 -0.957848
Pedestrian -1 -1 -10 930 191 992 306-1 -1 -1 -1000 -1000 -1000 -10 -0.964806
Pedestrian -1 -1 -10 424 139 487 212-1 -1 -1 -1000 -1000 -1000 -10 -0.96629
