Pedestrian -1 -1 -10 804 58 848 181-1 -1 -1 -1000 -1000 -1000 -10 -0.35986
Pedestrian -1 -1 -10 861 58 939 148-1 -1 -1 -1000 -1000 -1000 -10 -0.461607
Pedestrian -1 -1 -10 852 1 941 164-1 -1 -1 -1000 -1000 -1000 -10 -0.570041
Pedestrian -1 -1 -10 671 1 749 217-1 -1 -1 -1000 -1000 -1000 -10 -0.593025
Pedestrian -1 -1 -10 120 61 179 224-1 -1 -1 -1000 -1000 -1000 -10 -0.748695
Pedestrian -1 -1 -10 920 280 1017 374-1 -1 -1 -1000 -1000 -1000 -10 -0.763979
Pedestrian -1 -1 -10 865 277 919 374-1 -1 -1 -1000 -1000 -1000 -10 -0.841763
Pedestrian -1 -1 -10 323 130 386 203-1 -1 -1 -1000 -1000 -1000 -10 -0.856949
Pedestrian -1 -1 -10 224 35 292 223-1 -1 -1 -1000 -1000 -1000 -10 -0.873603
Pedestrian -1 -1 -10 1203 50 1238 157-1 -1 -1 -1000 -1000 -1000 -10 -0.917102
Pedestrian -1 -1 -10 929 10 983 110-1 -1 -1 -1000 -1000 -1000 -10 -0.917598
Pedestrian -1 -1 -10 543 75 597 175-1 -1 -1 -1000 -1000 -1000 -10 -0.929127
Pedestrian -1 -1 -10 29 71 84 223-1 -1 -1 -1000 -1000 -1000 -10 -0.929841
Pedestrian -1 -1 -10 1129 113 1184 176-1 -1 -1 -1000 -1000 -1000 -10 -0.97634
Pedestrian -1 -1 -10 513 17 560 104-1 -1 -1 -1000 -1000 -1000 -10 -0.99079
Pedestrian -1 -1 -10 1185 17 1238 192-1 -1 -1 -1000 -1000 -1000 -10 -0.992792
Pedestrian -1 -1 -10 494 61 597 179-1 -1 -1 -1000 -1000 -1000 -10 -0.993013
Pedestrian -1 -1 -10 378 93 441 166-1 -1 -1 -1000 -1000 -1000 -10 -0.993155
