Pedestrian -1 -1 -10 75 56 148 257-1 -1 -1 -1000 -1000 -1000 -10 -0.647574
Pedestrian -1 -1 -10 699 120 762 193-1 -1 -1 -1000 -1000 -1000 -10 -0.654692
Pedestrian -1 -1 -10 656 74 728 206-1 -1 -1 -1000 -1000 -1000 -10 -0.681188
Pedestrian -1 -1 -10 41 49 88 136-1 -1 -1 -1000 -1000 -1000 -10 -0.68727
Pedestrian -1 -1 -10 966 1 1083 217-1 -1 -1 -1000 -1000 -1000 -10 -0.691681
Pedestrian -1 -1 -10 349 96 390 211-1 -1 -1 -1000 -1000 -1000 -10 -0.707786
Pedestrian -1 -1 -10 833 33 944 160-1 -1 -1 -1000 -1000 -1000 -10 -0.708766
Pedestrian -1 -1 -10 195 1 291 267-1 -1 -1 -1000 -1000 -1000 -10 -0.723547
Pedestrian -1 -1 -10 375 70 433 177-1 -1 -1 -1000 -1000 -1000 -10 -0.751562
Pedestrian -1 -1 -10 838 46 928 294-1 -1 -1 -1000 -1000 -1000 -10 -0.782721
Pedestrian -1 -1 -10 1 92 52 234-1 -1 -1 -1000 -1000 -1000 -10 -0.811172
Pedestrian -1 -1 -10 161 105 208 192-1 -1 -1 -1000 -1000 -1000 -10 -0.816518
Pedestrian -1 -1 -10 125 148 192 271-1 -1 -1 -1000 -1000 -1000 -10 -0.849062
Pedestrian -1 -1 -10 957 1 1103 375-1 -1 -1 -1000 -1000 -1000 -10 -0.904617
Pedestrian -1 -1 -10 747 61 836 224-1 -1 -1 -1000 -1000 -1000 -10 -0.912741
Pedestrian -1 -1 -10 420 58 487 181-1 -1 -1 -1000 -1000 -1000 -10 -0.918907
Pedestrian -1 -1 -10 1041 1 1242 375-1 -1 -1 -1000 -1000 -1000 -10 -0.948801
Pedestrian -1 -1 -10 18 10 68 103-1 -1 -1 -1000 -1000 -1000 -10 -0.990547
Pedestrian -1 -1 -10 14 40 91 182-1 -1 -1 -1000 -1000 -1000 -10 -0.991897
