Pedestrian -1 -1 -10 1 1 63 116-1 -1 -1 -1000 -1000 -1000 -10 -0.0788012
Pedestrian -1 -1 -10 1209 25 1240 112-1 -1 -1 -1000 -1000 -1000 -10 -0.181747
Pedestrian -1 -1 -10 1210 121 1242 214-1 -1 -1 -1000 -1000 -1000 -10 -0.509208
Pedestrian -1 -1 -10 696 130 729 223-1 -1 -1 -1000 -1000 -1000 -10 -0.622706
Pedestrian -1 -1 -10 680 98 728 230-1 -1 -1 -1000 -1000 -1000 -10 -0.719918
Pedestrian -1 -1 -10 759 69 803 192-1 -1 -1 -1000 -1000 -1000 -10 -0.736092
Pedestrian -1 -1 -10 1090 318 1149 375-1 -1 -1 -1000 -1000 -1000 -10 -0.739447
Pedestrian -1 -1 -10 233 172 266 265-1 -1 -1 -1000 -1000 -1000 -10 -0.817008
Pedestrian -1 -1 -10 1185 113 1232 200-1 -1 -1 -1000 -1000 -1000 -10 -0.902234
Pedestrian -1 -1 -10 120 91 209 254-1 -1 -1 -1000 -1000 -1000 -10 -0.980367
Pedestrian -1 -1 -10 1133 70 1183 163-1 -1 -1 -1000 -1000 -1000 -10 -0.986356
Pedestrian -1 -1 -10 995 122 1140 375-1 -1 -1 -1000 -1000 -1000 -10 -0.988825
Pedestrian -1 -1 -10 543 90 581 197-1 -1 -1 -1000 -1000 -1000 -10 -0.99833
Pedestrian -1 -1 -10 185 1 331 375-1 -1 -1 -1000 -1000 -1000 -10 -0.999886
