Pedestrian -1 -1 -10 841 155 874 248-1 -1 -1 -1000 -1000 -1000 -10 0.53791
Pedestrian -1 -1 -10 413 172 446 265-1 -1 -1 -1000 -1000 -1000 -10 0.427909
Pedestrian -1 -1 -10 729 50 777 182-1 -1 -1 -1000 -1000 -1000 -10 0.184395
Pedestrian -1 -1 -10 465 161 496 248-1 -1 -1 -1000 -1000 -1000 -10 -0.548154
Pedestrian -1 -1 -10 865 1 975 306-1 -1 -1 -1000 -1000 -1000 -10 -0.741696
Pedestrian -1 -1 -10 773 1 846 202-1 -1 -1 -1000 -1000 -1000 -10 -0.78842
Pedestrian -1 -1 -10 395 198 433 305-1 -1 -1 -1000 -1000 -1000 -10 -0.830369
Pedestrian -1 -1 -10 809 1 919 306-1 -1 -1 -1000 -1000 -1000 -10 -0.853465
Pedestrian -1 -1 -10 721 35 789 223-1 -1 -1 -1000 -1000 -1000 -10 -0.884044
Pedestrian -1 -1 -10 195 46 254 209-1 -1 -1 -1000 -1000 -1000 -10 -0.892545
Pedestrian -1 -1 -10 493 80 531 187-1 -1 -1 -1000 -1000 -1000 -10 -0.901751
Pedestrian -1 -1 -10 971 74 1019 206-1 -1 -1 -1000 -1000 -1000 -10 -0.942141
Pedestrian -1 -1 -10 618 104 668 197-1 -1 -1 -1000 -1000 -1000 -10 -0.984397
