Pedestrian -1 -1 -10 9 129 64 192-1 -1 -1 -1000 -1000 -1000 -10 -0.459657
Pedestrian -1 -1 -10 730 121 763 214-1 -1 -1 -1000 -1000 -1000 -10 -0.627442
Pedestrian -1 -1 -10 721 52 771 145-1 -1 -1 -1000 -1000 -1000 -10 -0.665924
Pedestrian -1 -1 -10 703 76 762 239-1 -1 -1 -1000 -1000 -1000 -10 -0.741002
Pedestrian -1 -1 -10 1204 107 1241 222-1 -1 -1 -1000 -1000 -1000 -10 -0.776087
Pedestrian -1 -1 -10 1193 81 1241 144-1 -1 -1 -1000 -1000 -1000 -10 -0.809394
Pedestrian -1 -1 -10 297 241 344 328-1 -1 -1 -1000 -1000 -1000 -10 -0.813398
Pedestrian -1 -1 -10 856 295 910 376-1 -1 -1 -1000 -1000 -1000 -10 -0.835819
Pedestrian -1 -1 -10 1185 241 1240 304-1 -1 -1 -1000 -1000 -1000 -10 -0.860555
Pedestrian -1 -1 -10 107 297 254 376-1 -1 -1 -1000 -1000 -1000 -10 -0.871243
Pedestrian -1 -1 -10 1171 140 1226 292-1 -1 -1 -1000 -1000 -1000 -10 -0.898087
Pedestrian -1 -1 -10 1001 161 1056 224-1 -1 -1 -1000 -1000 -1000 -10 -0.944731
Pedestrian -1 -1 -10 1 79 91 182-1 -1 -1 -1000 -1000 -1000 -10 -0.971304
Pedestrian -1 -1 -10 1 125 68 248-1 -1 -1 -1000 -1000 -1000 -10 -0.971315
Pedestrian -1 -1 -10 92 248 182 351-1 -1 -1 -1000 -1000 -1000 -10 -0.971648
Pedestrian -1 -1 -10 917 129 975 236-1 -1 -1 -1000 -1000 -1000 -10 -0.984822
