Pedestrian -1 -1 -10 705 177 736 264-1 -1 -1 -1000 -1000 -1000 -10 -0.365978
Pedestrian -1 -1 -10 349 159 390 274-1 -1 -1 -1000 -1000 -1000 -10 -0.568166
Pedestrian -1 -1 -10 1105 169 1160 232-1 -1 -1 -1000 -1000 -1000 -10 -0.57569
Pedestrian -1 -1 -10 425 161 480 224-1 -1 -1 -1000 -1000 -1000 -10 -0.688891
Pedestrian -1 -1 -10 530 280 627 370-1 -1 -1 -1000 -1000 -1000 -10 -0.735713
Pedestrian -1 -1 -10 882 135 941 298-1 -1 -1 -1000 -1000 -1000 -10 -0.738878
Pedestrian -1 -1 -10 1124 147 1183 215-1 -1 -1 -1000 -1000 -1000 -10 -0.802561
Pedestrian -1 -1 -10 583 268 667 364-1 -1 -1 -1000 -1000 -1000 -10 -0.82186
Pedestrian -1 -1 -10 153 89 200 176-1 -1 -1 -1000 -1000 -1000 -10 -0.848158
Pedestrian -1 -1 -10 387 231 450 304-1 -1 -1 -1000 -1000 -1000 -10 -0.853591
Pedestrian -1 -1 -10 225 135 314 298-1 -1 -1 -1000 -1000 -1000 -10 -0.88454
Pedestrian -1 -1 -10 702 92 746 215-1 -1 -1 -1000 -1000 -1000 -10 -0.884841
Pedestrian -1 -1 -10 490 1 540 94-1 -1 -1 -1000 -1000 -1000 -10 -0.958615
Pedestrian -1 -1 -10 487 297 560 370-1 -1 -1 -1000 -1000 -1000 -10 -0.964117
Pedestrian -1 -1 -10 1150 241 1224 370-1 -1 -1 -1000 -1000 -1000 -10 -0.994005
Pedestrian -1 -1 -10 1158 1 1209 143-1 -1 -1 -1000 -1000 -1000 -10 -0.994576
Pedestrian -1 -1 -10 1 70 51 163-1 -1 -1 -1000 -1000 -1000 -10 -0.995786
