Pedestrian -1 -1 -10 1141 50 1237 316-1 -1 -1 -1000 -1000 -1000 -10 -0.23433
Pedestrian -1 -1 -10 1 177 32 264-1 -1 -1 -1000 -1000 -1000 -10 -0.436243
Pedestrian -1 -1 -10 473 112 506 205-1 -1 -1 -1000 -1000 -1000 -10 -0.529068
Pedestrian -1 -1 -10 341 98 389 230-1 -1 -1 -1000 -1000 -1000 -10 -0.66146
Pedestrian -1 -1 -10 1087 1 1242 375-1 -1 -1 -1000 -1000 -1000 -10 -0.70386
Pedestrian -1 -1 -10 856 130 892 230-1 -1 -1 -1000 -1000 -1000 -10 -0.706603
Pedestrian -1 -1 -10 703 31 792 194-1 -1 -1 -1000 -1000 -1000 -10 -0.809337
Pedestrian -1 -1 -10 828 56 882 156-1 -1 -1 -1000 -1000 -1000 -10 -0.836051
Pedestrian -1 -1 -10 697 29 807 334-1 -1 -1 -1000 -1000 -1000 -10 -0.862135
Pedestrian -1 -1 -10 237 40 315 256-1 -1 -1 -1000 -1000 -1000 -10 -0.870114
Pedestrian -1 -1 -10 425 86 497 218-1 -1 -1 -1000 -1000 -1000 -10 -0.880503
Pedestrian -1 -1 -10 571 65 607 165-1 -1 -1 -1000 -1000 -1000 -10 -0.913822
Pedestrian -1 -1 -10 180 43 242 158-1 -1 -1 -1000 -1000 -1000 -10 -0.983747
Pedestrian -1 -1 -10 539 75 580 190-1 -1 -1 -1000 -1000 -1000 -10 -0.992191
Pedestrian -1 -1 -10 1 1 194 375-1 -1 -1 -1000 -1000 -1000 -10 -0.997529
