Pedestrian -1 -1 -10 161 33 192 120-1 -1 -1 -1000 -1000 -1000 -10 -0.149164
Pedestrian -1 -1 -10 304 93 358 193-1 -1 -1 -1000 -1000 -1000 -10 -0.751059
Pedestrian -1 -1 -10 164 10 223 78-1 -1 -1 -1000 -1000 -1000 -10 -0.754121
Pedestrian -1 -1 -10 1004 18 1063 86-1 -1 -1 -1000 -1000 -1000 -10 -0.826664
Pedestrian -1 -1 -10 170 79 221 221-1 -1 -1 -1000 -1000 -1000 -10 -0.880863
Pedestrian -1 -1 -10 1186 203 1242 276-1 -1 -1 -1000 -1000 -1000 -10 -0.887851
Pedestrian -1 -1 -10 917 40 975 147-1 -1 -1 -1000 -1000 -1000 -10 -0.900068
Pedestrian -1 -1 -10 1020 74 1068 206-1 -1 -1 -1000 -1000 -1000 -10 -0.945003
Pedestrian -1 -1 -10 793 17 824 104-1 -1 -1 -1000 -1000 -1000 -10 -0.951907
Pedestrian -1 -1 -10 60 109 98 216-1 -1 -1 -1000 -1000 -1000 -10 -0.954662
Pedestrian -1 -1 -10 1177 73 1224 160-1 -1 -1 -1000 -1000 -1000 -10 -0.957394
Pedestrian -1 -1 -10 171 12 249 102-1 -1 -1 -1000 -1000 -1000 -10 -0.967477
Pedestrian -1 -1 -10 321 41 368 128-1 -1 -1 -1000 -1000 -1000 -10 -0.986421
