Pedestrian -1 -1 -10 1 1 49 133-1 -1 -1 -1000 -1000 -1000 -10 -0.542261
Pedestrian -1 -1 -10 687 85 728 200-1 -1 -1 -1000 -1000 -1000 -10 -0.593613
Pedestrian -1 -1 -10 241 9 288 96-1 -1 -1 -1000 -1000 -1000 -10 -0.651158
Pedestrian -1 -1 -10 753 98 825 230-1 -1 -1 -1000 -1000 -1000 -10 -0.745216
Pedestrian -1 -1 -10 696 164 746 257-1 -1 -1 -1000 -1000 -1000 -10 -0.760195
Pedestrian -1 -1 -10 711 168 808 278-1 -1 -1 -1000 -1000 -1000 -10 -0.813959
Pedestrian -1 -1 -10 247 277 305 375-1 -1 -1 -1000 -1000 -1000 -10 -0.820134
Pedestrian -1 -1 -10 80 1 124 124-1 -1 -1 -1000 -1000 -1000 -10 -0.828326
Pedestrian -1 -1 -10 688 120 747 283-1 -1 -1 -1000 -1000 -1000 -10 -0.83531
Pedestrian -1 -1 -10 43 1 84 116-1 -1 -1 -1000 -1000 -1000 -10 -0.880461
Pedestrian -1 -1 -10 1141 207 1200 275-1 -1 -1 -1000 -1000 -1000 -10 -0.889483
Pedestrian -1 -1 -10 530 43 627 153-1 -1 -1 -1000 -1000 -1000 -10 -0.938142
Pedestrian -1 -1 -10 176 148 230 248-1 -1 -1 -1000 -1000 -1000 -10 -0.948166
Pedestrian -1 -1 -10 465 321 520 375-1 -1 -1 -1000 -1000 -1000 -10 -0.95608
Pedestrian -1 -1 -10 1203 11 1241 118-1 -1 -1 -1000 -1000 -1000 -10 -0.97566
Pedestrian -1 -1 -10 1210 78 1242 171-1 -1 -1 -1000 -1000 -1000 -10 -0.994419
Pedestrian -1 -1 -10 295 171 373 261-1 -1 -1 -1000 -1000 -1000 -10 -0.994639
