Pedestrian -1 -1 -10 1129 37 1177 169-1 -1 -1 -1000 -1000 -1000 -10 -0.046731
Pedestrian -1 -1 -10 405 129 443 236-1 -1 -1 -1000 -1000 -1000 -10 -0.559608
Pedestrian -1 -1 -10 666 96 707 211-1 -1 -1 -1000 -1000 -1000 -10 -0.646153
Pedestrian -1 -1 -10 1214 37 1242 169-1 -1 -1 -1000 -1000 -1000 -10 -0.718565
Pedestrian -1 -1 -10 275 87 325 180-1 -1 -1 -1000 -1000 -1000 -10 -0.792236
Pedestrian -1 -1 -10 907 208 965 315-1 -1 -1 -1000 -1000 -1000 -10 -0.847353
Pedestrian -1 -1 -10 268 62 340 194-1 -1 -1 -1000 -1000 -1000 -10 -0.872762
Pedestrian -1 -1 -10 1057 1 1088 88-1 -1 -1 -1000 -1000 -1000 -10 -0.894652
Pedestrian -1 -1 -10 1196 75 1232 175-1 -1 -1 -1000 -1000 -1000 -10 -0.923992
Pedestrian -1 -1 -10 10 1 73 74-1 -1 -1 -1000 -1000 -1000 -10 -0.935795
Pedestrian -1 -1 -10 198 147 257 215-1 -1 -1 -1000 -1000 -1000 -10 -0.964491
Pedestrian -1 -1 -10 497 84 533 184-1 -1 -1 -1000 -1000 -1000 -10 -0.974273
Pedestrian -1 -1 -10 377 110 461 206-1 -1 -1 -1000 -1000 -1000 -10 -0.97942
Pedestrian -1 -1 -10 585 129 640 192-1 -1 -1 -1000 -1000 -1000 -10 -0.98667
