Pedestrian -1 -1 -10 1021 130 1057 230-1 -1 -1 -1000 -1000 -1000 -10 -0.0404387
Pedestrian -1 -1 -10 216 80 260 203-1 -1 -1 -1000 -1000 -1000 -10 -0.369726
Pedestrian -1 -1 -10 370 180 411 295-1 -1 -1 -1000 -1000 -1000 -10 -0.446823
Pedestrian -1 -1 -10 608 93 736 239-1 -1 -1 -1000 -1000 -1000 -10 -0.61165
Pedestrian -1 -1 -10 306 12 384 102-1 -1 -1 -1000 -1000 -1000 -10 -0.726192
Pedestrian -1 -1 -10 725 103 803 193-1 -1 -1 -1000 -1000 -1000 -10 -0.847188
Pedestrian -1 -1 -10 1057 113 1112 176-1 -1 -1 -1000 -1000 -1000 -10 -0.862928
Pedestrian -1 -1 -10 911 92 962 234-1 -1 -1 -1000 -1000 -1000 -10 -0.905105
Pedestrian -1 -1 -10 601 250 660 318-1 -1 -1 -1000 -1000 -1000 -10 -0.919666
Pedestrian -1 -1 -10 313 53 416 338-1 -1 -1 -1000 -1000 -1000 -10 -0.944987
Pedestrian -1 -1 -10 404 121 463 189-1 -1 -1 -1000 -1000 -1000 -10 -0.954012
Pedestrian -1 -1 -10 190 87 309 223-1 -1 -1 -1000 -1000 -1000 -10 -0.966203
