Pedestrian -1 -1 -10 377 49 408 136-1 -1 -1 -1000 -1000 -1000 -10 0.161437
Pedestrian -1 -1 -10 1044 147 1092 279-1 -1 -1 -1000 -1000 -1000 -10 -0.586298
Pedestrian -1 -1 -10 284 70 317 163-1 -1 -1 -1000 -1000 -1000 -10 -0.657728
Pedestrian -1 -1 -10 761 121 792 208-1 -1 -1 -1000 -1000 -1000 -10 -0.695683
Pedestrian -1 -1 -10 506 111 569 184-1 -1 -1 -1000 -1000 -1000 -10 -0.757231
Pedestrian -1 -1 -10 753 1 801 133-1 -1 -1 -1000 -1000 -1000 -10 -0.874208
Pedestrian -1 -1 -10 425 98 509 194-1 -1 -1 -1000 -1000 -1000 -10 -0.921575
Pedestrian -1 -1 -10 1105 113 1152 200-1 -1 -1 -1000 -1000 -1000 -10 -0.949361
Pedestrian -1 -1 -10 1 157 64 230-1 -1 -1 -1000 -1000 -1000 -10 -0.972247
Pedestrian -1 -1 -10 40 149 108 227-1 -1 -1 -1000 -1000 -1000 -10 -0.999569
