Pedestrian -1 -1 -10 332 93 368 193-1 -1 -1 -1000 -1000 -1000 -10 -0.486267
Pedestrian -1 -1 -10 698 128 760 243-1 -1 -1 -1000 -1000 -1000 -10 -0.768583
Pedestrian -1 -1 -10 385 113 432 200-1 -1 -1 -1000 -1000 -1000 -10 -0.784409
Pedestrian -1 -1 -10 1004 196 1198 375-1 -1 -1 -1000 -1000 -1000 -10 -0.799145
Pedestrian -1 -1 -10 953 318 1012 375-1 -1 -1 -1000 -1000 -1000 -10 -0.808662
Pedestrian -1 -1 -10 550 78 600 171-1 -1 -1 -1000 -1000 -1000 -10 -0.842952
Pedestrian -1 -1 -10 593 104 643 197-1 -1 -1 -1000 -1000 -1000 -10 -0.870791
Pedestrian -1 -1 -10 738 1 806 189-1 -1 -1 -1000 -1000 -1000 -10 -0.903011
Pedestrian -1 -1 -10 807 270 910 375-1 -1 -1 -1000 -1000 -1000 -10 -0.974374
Pedestrian -1 -1 -10 265 1 296 88-1 -1 -1 -1000 -1000 -1000 -10 -0.98342
