Pedestrian -1 -1 -10 401 113 432 200-1 -1 -1 -1000 -1000 -1000 -10 -0.412114
Pedestrian -1 -1 -10 1167 1 1235 189-1 -1 -1 -1000 -1000 -1000 -10 -0.67759
Pedestrian -1 -1 -10 1124 130 1183 198-1 -1 -1 -1000 -1000 -1000 -10 -0.694577
Pedestrian -1 -1 -10 257 60 325 138-1 -1 -1 -1000 -1000 -1000 -10 -0.742094
Pedestrian -1 -1 -10 224 57 307 209-1 -1 -1 -1000 -1000 -1000 -10 -0.789169
Pedestrian -1 -1 -10 105 233 152 320-1 -1 -1 -1000 -1000 -1000 -10 -0.840303
Pedestrian -1 -1 -10 644 112 677 205-1 -1 -1 -1000 -1000 -1000 -10 -0.85031
Pedestrian -1 -1 -10 293 207 352 275-1 -1 -1 -1000 -1000 -1000 -10 -0.861047
Pedestrian -1 -1 -10 125 80 192 203-1 -1 -1 -1000 -1000 -1000 -10 -0.877445
Pedestrian -1 -1 -10 365 90 403 197-1 -1 -1 -1000 -1000 -1000 -10 -0.893761
Pedestrian -1 -1 -10 1065 81 1120 144-1 -1 -1 -1000 -1000 -1000 -10 -0.909734
Pedestrian -1 -1 -10 1180 210 1239 373-1 -1 -1 -1000 -1000 -1000 -10 -0.91307
Pedestrian -1 -1 -10 352 92 442 195-1 -1 -1 -1000 -1000 -1000 -10 -0.946471
Pedestrian -1 -1 -10 670 78 720 171-1 -1 -1 -1000 -1000 -1000 -10 -0.978415
Pedestrian -1 -1 -10 657 97 768 224-1 -1 -1 -1000 -1000 -1000 -10 -0.980981
Pedestrian -1 -1 -10 307 1 369 116-1 -1 -1 -1000 -1000 -1000 -10 -0.982424
Pedestrian -1 -1 -10 644 293 694 375-1 -1 -1 -1000 -1000 -1000 -10 -0.989574
