Pedestrian -1 -1 -10 323 185 359 285-1 -1 -1 -1000 -1000 -1000 -10 0.180676
Pedestrian -1 -1 -10 70 155 103 248-1 -1 -1 -1000 -1000 -1000 -10 -0.220418
Pedestrian -1 -1 -10 47 157 83 257-1 -1 -1 -1000 -1000 -1000 -10 -0.420984
Pedestrian -1 -1 -10 321 168 376 320-1 -1 -1 -1000 -1000 -1000 -10 -0.679083
Pedestrian -1 -1 -10 1 52 34 145-1 -1 -1 -1000 -1000 -1000 -10 -0.68393
Pedestrian -1 -1 -10 663 10 699 110-1 -1 -1 -1000 -1000 -1000 -10 -0.686834
Pedestrian -1 -1 -10 773 104 806 197-1 -1 -1 -1000 -1000 -1000 -10 -0.724748
Pedestrian -1 -1 -10 180 1 242 116-1 -1 -1 -1000 -1000 -1000 -10 -0.855346
Pedestrian -1 -1 -10 713 1 760 88-1 -1 -1 -1000 -1000 -1000 -10 -0.880401
Pedestrian -1 -1 -10 810 139 846 239-1 -1 -1 -1000 -1000 -1000 -10 -0.905104
Pedestrian -1 -1 -10 62 147 110 279-1 -1 -1 -1000 -1000 -1000 -10 -0.908917
Pedestrian -1 -1 -10 552 38 606 138-1 -1 -1 -1000 -1000 -1000 -10 -0.937726
Pedestrian -1 -1 -10 782 24 849 147-1 -1 -1 -1000 -1000 -1000 -10 -0.954355
Pedestrian -1 -1 -10 112 99 195 251-1 -1 -1 -1000 -1000 -1000 -10 -0.996461
