Pedestrian -1 -1 -10 1 327 60 375-1 -1 -1 -1000 -1000 -1000 -10 -0.28908
Pedestrian -1 -1 -10 714 69 758 192-1 -1 -1 -1000 -1000 -1000 -10 -0.322424
Pedestrian -1 -1 -10 785 153 816 240-1 -1 -1 -1000 -1000 -1000 -10 -0.324115
Pedestrian -1 -1 -10 765 62 813 194-1 -1 -1 -1000 -1000 -1000 -10 -0.52909
Pedestrian -1 -1 -10 1185 15 1240 167-1 -1 -1 -1000 -1000 -1000 -10 -0.602403
Pedestrian -1 -1 -10 1 130 34 223-1 -1 -1 -1000 -1000 -1000 -10 -0.606927
Pedestrian -1 -1 -10 956 1 1242 375-1 -1 -1 -1000 -1000 -1000 -10 -0.657408
Pedestrian -1 -1 -10 29 1 65 101-1 -1 -1 -1000 -1000 -1000 -10 -0.815292
Pedestrian -1 -1 -10 1 275 42 375-1 -1 -1 -1000 -1000 -1000 -10 -0.861078
Pedestrian -1 -1 -10 300 1 418 328-1 -1 -1 -1000 -1000 -1000 -10 -0.869045
Pedestrian -1 -1 -10 1 1 137 375-1 -1 -1 -1000 -1000 -1000 -10 -0.894052
Pedestrian -1 -1 -10 773 35 841 223-1 -1 -1 -1000 -1000 -1000 -10 -0.980057
Pedestrian -1 -1 -10 181 147 240 215-1 -1 -1 -1000 -1000 -1000 -10 -0.986057
Pedestrian -1 -1 -10 782 286 836 375-1 -1 -1 -1000 -1000 -1000 -10 -0.996423
