Pedestrian -1 -1 -10 359 61 418 224-1 -1 -1 -1000 -1000 -1000 -10 0.177852
Pedestrian -1 -1 -10 572 57 627 209-1 -1 -1 -1000 -1000 -1000 -10 -0.522978
Pedestrian -1 -1 -10 913 225 1008 375-1 -1 -1 -1000 -1000 -1000 -10 -0.678059
Pedestrian -1 -1 -10 614 85 711 195-1 -1 -1 -1000 -1000 -1000 -10 -0.714155
Pedestrian -1 -1 -10 1073 52 1132 120-1 -1 -1 -1000 -1000 -1000 -10 -0.732817
Pedestrian -1 -1 -10 687 112 737 205-1 -1 -1 -1000 -1000 -1000 -10 -0.820482
Pedestrian -1 -1 -10 1 281 32 368-1 -1 -1 -1000 -1000 -1000 -10 -0.863231
Pedestrian -1 -1 -10 191 149 317 375-1 -1 -1 -1000 -1000 -1000 -10 -0.871581
Pedestrian -1 -1 -10 688 46 747 209-1 -1 -1 -1000 -1000 -1000 -10 -0.919592
Pedestrian -1 -1 -10 644 293 694 375-1 -1 -1 -1000 -1000 -1000 -10 -0.954444
Pedestrian -1 -1 -10 1 155 69 343-1 -1 -1 -1000 -1000 -1000 -10 -0.96015
