Pedestrian -1 -1 -10 729 145 760 232-1 -1 -1 -1000 -1000 -1000 -10 -0.358935
Pedestrian -1 -1 -10 822 1 881 164-1 -1 -1 -1000 -1000 -1000 -10 -0.64303
Pedestrian -1 -1 -10 680 92 724 215-1 -1 -1 -1000 -1000 -1000 -10 -0.679171
Pedestrian -1 -1 -10 50 1 146 267-1 -1 -1 -1000 -1000 -1000 -10 -0.71079
Pedestrian -1 -1 -10 1 61 119 375-1 -1 -1 -1000 -1000 -1000 -10 -0.721881
Pedestrian -1 -1 -10 423 128 496 211-1 -1 -1 -1000 -1000 -1000 -10 -0.763685
Pedestrian -1 -1 -10 307 29 390 181-1 -1 -1 -1000 -1000 -1000 -10 -0.956439
Pedestrian -1 -1 -10 104 190 172 375-1 -1 -1 -1000 -1000 -1000 -10 -0.963081
Pedestrian -1 -1 -10 688 76 747 239-1 -1 -1 -1000 -1000 -1000 -10 -0.976534
Pedestrian -1 -1 -10 552 130 588 230-1 -1 -1 -1000 -1000 -1000 -10 -0.994564
