Pedestrian -1 -1 -10 524 138 557 231-1 -1 -1 -1000 -1000 -1000 -10 -0.301999
Pedestrian -1 -1 -10 318 181 351 274-1 -1 -1 -1000 -1000 -1000 -10 -0.317081
Pedestrian -1 -1 -10 1 57 111 362-1 -1 -1 -1000 -1000 -1000 -10 -0.403688
Pedestrian -1 -1 -10 505 185 536 272-1 -1 -1 -1000 -1000 -1000 -10 -0.481213
Pedestrian -1 -1 -10 241 207 291 300-1 -1 -1 -1000 -1000 -1000 -10 -0.5617
Pedestrian -1 -1 -10 148 203 257 375-1 -1 -1 -1000 -1000 -1000 -10 -0.5824
Pedestrian -1 -1 -10 571 166 607 266-1 -1 -1 -1000 -1000 -1000 -10 -0.706316
Pedestrian -1 -1 -10 1028 209 1118 312-1 -1 -1 -1000 -1000 -1000 -10 -0.767116
Pedestrian -1 -1 -10 947 267 1005 374-1 -1 -1 -1000 -1000 -1000 -10 -0.797732
Pedestrian -1 -1 -10 1184 18 1242 86-1 -1 -1 -1000 -1000 -1000 -10 -0.839392
Pedestrian -1 -1 -10 1189 62 1237 194-1 -1 -1 -1000 -1000 -1000 -10 -0.853045
Pedestrian -1 -1 -10 1145 129 1192 216-1 -1 -1 -1000 -1000 -1000 -10 -0.866121
Pedestrian -1 -1 -10 473 161 520 248-1 -1 -1 -1000 -1000 -1000 -10 -0.867655
Pedestrian -1 -1 -10 1150 284 1200 375-1 -1 -1 -1000 -1000 -1000 -10 -0.871391
Pedestrian -1 -1 -10 850 273 928 363-1 -1 -1 -1000 -1000 -1000 -10 -0.918559
Pedestrian -1 -1 -10 405 71 460 223-1 -1 -1 -1000 -1000 -1000 -10 -0.929142
Pedestrian -1 -1 -10 70 121 172 309-1 -1 -1 -1000 -1000 -1000 -10 -0.936178
Pedestrian -1 -1 -10 589 12 633 135-1 -1 -1 -1000 -1000 -1000 -10 -0.944715
Pedestrian -1 -1 -10 1165 292 1242 375-1 -1 -1 -1000 -1000 -1000 -10 -0.954521
Pedestrian -1 -1 -10 918 284 951 375-1 -1 -1 -1000 -1000 -1000 -10 -0.961293
Pedestrian -1 -1 -10 191 1 232 116-1 -1 -1 -1000 -1000 -1000 -10 -0.985252
Pedestrian -1 -1 -10 1 1 194 375-1 -1 -1 -1000 -1000 -1000 -10 -0.98651
