Pedestrian -1 -1 -10 656 99 711 251-1 -1 -1 -1000 -1000 -1000 -10 -0.379667
Pedestrian -1 -1 -10 420 58 487 181-1 -1 -1 -1000 -1000 -1000 -10 -0.594749
Pedestrian -1 -1 -10 465 137 512 224-1 -1 -1 -1000 -1000 -1000 -10 -0.611938
Pedestrian -1 -1 -10 60 40 138 256-1 -1 -1 -1000 -1000 -1000 -10 -0.662672
Pedestrian -1 -1 -10 289 1 416 352-1 -1 -1 -1000 -1000 -1000 -10 -0.730066
Pedestrian -1 -1 -10 572 43 655 195-1 -1 -1 -1000 -1000 -1000 -10 -0.757821
Pedestrian -1 -1 -10 704 50 776 182-1 -1 -1 -1000 -1000 -1000 -10 -0.764806
Pedestrian -1 -1 -10 513 121 568 184-1 -1 -1 -1000 -1000 -1000 -10 -0.803545
Pedestrian -1 -1 -10 1131 10 1194 83-1 -1 -1 -1000 -1000 -1000 -10 -0.809189
Pedestrian -1 -1 -10 756 1 806 94-1 -1 -1 -1000 -1000 -1000 -10 -0.824966
Pedestrian -1 -1 -10 182 196 279 306-1 -1 -1 -1000 -1000 -1000 -10 -0.833084
Pedestrian -1 -1 -10 1089 121 1144 184-1 -1 -1 -1000 -1000 -1000 -10 -0.837627
Pedestrian -1 -1 -10 499 114 577 204-1 -1 -1 -1000 -1000 -1000 -10 -0.837725
Pedestrian -1 -1 -10 198 40 236 147-1 -1 -1 -1000 -1000 -1000 -10 -0.859499
Pedestrian -1 -1 -10 741 98 789 230-1 -1 -1 -1000 -1000 -1000 -10 -0.919823
Pedestrian -1 -1 -10 1180 16 1239 179-1 -1 -1 -1000 -1000 -1000 -10 -0.930299
Pedestrian -1 -1 -10 817 97 872 160-1 -1 -1 -1000 -1000 -1000 -10 -0.945656
Pedestrian -1 -1 -10 684 1 739 153-1 -1 -1 -1000 -1000 -1000 -10 -0.946535
Pedestrian -1 -1 -10 387 318 446 375-1 -1 -1 -1000 -1000 -1000 -10 -0.978372
