Pedestrian -1 -1 -10 27 170 104 312-1 -1 -1 -1000 -1000 -1000 -10 -0.169666
Pedestrian -1 -1 -10 75 212 138 285-1 -1 -1 -1000 -1000 -1000 -10 -0.558999
Pedestrian -1 -1 -10 1205 93 1241 193-1 -1 -1 -1000 -1000 -1000 -10 -0.568847
Pedestrian -1 -1 -10 304 122 352 254-1 -1 -1 -1000 -1000 -1000 -10 -0.594741
Pedestrian -1 -1 -10 1 225 32 312-1 -1 -1 -1000 -1000 -1000 -10 -0.651888
Pedestrian -1 -1 -10 1 139 118 355-1 -1 -1 -1000 -1000 -1000 -10 -0.709536
Pedestrian -1 -1 -10 126 126 209 278-1 -1 -1 -1000 -1000 -1000 -10 -0.728805
Pedestrian -1 -1 -10 53 157 208 375-1 -1 -1 -1000 -1000 -1000 -10 -0.72924
Pedestrian -1 -1 -10 1073 70 1106 163-1 -1 -1 -1000 -1000 -1000 -10 -0.825496
Pedestrian -1 -1 -10 876 1 935 69-1 -1 -1 -1000 -1000 -1000 -10 -0.830341
Pedestrian -1 -1 -10 795 99 878 251-1 -1 -1 -1000 -1000 -1000 -10 -0.843942
Pedestrian -1 -1 -10 537 321 592 375-1 -1 -1 -1000 -1000 -1000 -10 -0.878216
Pedestrian -1 -1 -10 339 92 390 234-1 -1 -1 -1000 -1000 -1000 -10 -0.879686
Pedestrian -1 -1 -10 233 318 292 375-1 -1 -1 -1000 -1000 -1000 -10 -0.952588
Pedestrian -1 -1 -10 584 327 643 375-1 -1 -1 -1000 -1000 -1000 -10 -0.980559
Pedestrian -1 -1 -10 1107 233 1166 301-1 -1 -1 -1000 -1000 -1000 -10 -0.994468
Pedestrian -1 -1 -10 976 21 1044 99-1 -1 -1 -1000 -1000 -1000 -10 -0.996637
