Pedestrian -1 -1 -10 1 157 52 299-1 -1 -1 -1000 -1000 -1000 -10 0.30828
Pedestrian -1 -1 -10 159 137 203 260-1 -1 -1 -1000 -1000 -1000 -10 -0.24626
Pedestrian -1 -1 -10 335 196 432 306-1 -1 -1 -1000 -1000 -1000 -10 -0.418986
Pedestrian -1 -1 -10 215 130 265 223-1 -1 -1 -1000 -1000 -1000 -10 -0.478192
Pedestrian -1 -1 -10 1 93 74 294-1 -1 -1 -1000 -1000 -1000 -10 -0.669079
Pedestrian -1 -1 -10 339 191 465 375-1 -1 -1 -1000 -1000 -1000 -10 -0.702104
Pedestrian -1 -1 -10 550 104 600 197-1 -1 -1 -1000 -1000 -1000 -10 -0.704234
Pedestrian -1 -1 -10 433 9 464 96-1 -1 -1 -1000 -1000 -1000 -10 -0.71152
Pedestrian -1 -1 -10 256 147 340 243-1 -1 -1 -1000 -1000 -1000 -10 -0.718479
Pedestrian -1 -1 -10 635 1 703 189-1 -1 -1 -1000 -1000 -1000 -10 -0.73447
Pedestrian -1 -1 -10 1001 217 1048 304-1 -1 -1 -1000 -1000 -1000 -10 -0.759647
Pedestrian -1 -1 -10 525 102 561 202-1 -1 -1 -1000 -1000 -1000 -10 -0.768038
Pedestrian -1 -1 -10 498 74 546 206-1 -1 -1 -1000 -1000 -1000 -10 -0.835669
Pedestrian -1 -1 -10 442 1 698 294-1 -1 -1 -1000 -1000 -1000 -10 -0.838419
Pedestrian -1 -1 -10 978 198 1037 266-1 -1 -1 -1000 -1000 -1000 -10 -0.887826
Pedestrian -1 -1 -10 937 1 1242 375-1 -1 -1 -1000 -1000 -1000 -10 -0.920302
Pedestrian -1 -1 -10 1 29 111 334-1 -1 -1 -1000 -1000 -1000 -10 -0.940799
Pedestrian -1 -1 -10 188 149 226 256-1 -1 -1 -1000 -1000 -1000 -10 -0.965487
Pedestrian -1 -1 -10 417 129 448 216-1 -1 -1 -1000 -1000 -1000 -10 -0.98643
