Pedestrian -1 -1 -10 996 99 1034 206-1 -1 -1 -1000 -1000 -1000 -10 0.0254049
Pedestrian -1 -1 -10 614 140 808 362-1 -1 -1 -1000 -1000 -1000 -10 -0.556281
Pedestrian -1 -1 -10 21 208 89 286-1 -1 -1 -1000 -1000 -1000 -10 -0.584598
Pedestrian -1 -1 -10 1 224 34 317-1 -1 -1 -1000 -1000 -1000 -10 -0.636368
Pedestrian -1 -1 -10 518 85 559 200-1 -1 -1 -1000 -1000 -1000 -10 -0.644817
Pedestrian -1 -1 -10 704 18 772 206-1 -1 -1 -1000 -1000 -1000 -10 -0.69772
Pedestrian -1 -1 -10 993 81 1056 256-1 -1 -1 -1000 -1000 -1000 -10 -0.721479
Pedestrian -1 -1 -10 613 1 696 232-1 -1 -1 -1000 -1000 -1000 -10 -0.738399
Pedestrian -1 -1 -10 404 181 437 274-1 -1 -1 -1000 -1000 -1000 -10 -0.780392
Pedestrian -1 -1 -10 195 219 364 375-1 -1 -1 -1000 -1000 -1000 -10 -0.79126
Pedestrian -1 -1 -10 494 76 597 194-1 -1 -1 -1000 -1000 -1000 -10 -0.817302
Pedestrian -1 -1 -10 1067 120 1130 193-1 -1 -1 -1000 -1000 -1000 -10 -0.834781
Pedestrian -1 -1 -10 1 219 49 351-1 -1 -1 -1000 -1000 -1000 -10 -0.841118
Pedestrian -1 -1 -10 632 1 777 267-1 -1 -1 -1000 -1000 -1000 -10 -0.854766
Pedestrian -1 -1 -10 770 239 848 329-1 -1 -1 -1000 -1000 -1000 -10 -0.89891
Pedestrian -1 -1 -10 40 235 91 375-1 -1 -1 -1000 -1000 -1000 -10 -0.909005
Pedestrian -1 -1 -10 1021 318 1080 375-1 -1 -1 -1000 -1000 -1000 -10 -0.938829
Pedestrian -1 -1 -10 300 40 351 182-1 -1 -1 -1000 -1000 -1000 -10 -0.950091
Pedestrian -1 -1 -10 1 195 90 358-1 -1 -1 -1000 -1000 -1000 -10 -0.955508
Pedestrian -1 -1 -10 589 84 625 184-1 -1 -1 -1000 -1000 -1000 -10 -0.957556
