Pedestrian -1 -1 -10 567 250 645 340-1 -1 -1 -1000 -1000 -1000 -10 -0.534811
Pedestrian -1 -1 -10 321 182 404 334-1 -1 -1 -1000 -1000 -1000 -10 -0.685738
Pedestrian -1 -1 -10 600 57 655 209-1 -1 -1 -1000 -1000 -1000 -10 -0.705116
Pedestrian -1 -1 -10 479 111 542 184-1 -1 -1 -1000 -1000 -1000 -10 -0.742779
Pedestrian -1 -1 -10 404 120 493 283-1 -1 -1 -1000 -1000 -1000 -10 -0.768377
Pedestrian -1 -1 -10 105 157 260 375-1 -1 -1 -1000 -1000 -1000 -10 -0.851914
Pedestrian -1 -1 -10 534 240 662 375-1 -1 -1 -1000 -1000 -1000 -10 -0.882723
Pedestrian -1 -1 -10 633 113 680 200-1 -1 -1 -1000 -1000 -1000 -10 -0.953077
Pedestrian -1 -1 -10 703 16 762 179-1 -1 -1 -1000 -1000 -1000 -10 -0.993822
Pedestrian -1 -1 -10 567 24 724 204-1 -1 -1 -1000 -1000 -1000 -10 -0.998852
