Pedestrian -1 -1 -10 257 306 325 376-1 -1 -1 -1000 -1000 -1000 -10 -0.282226
Pedestrian -1 -1 -10 704 104 737 197-1 -1 -1 -1000 -1000 -1000 -10 -0.609744
Pedestrian -1 -1 -10 874 47 928 147-1 -1 -1 -1000 -1000 -1000 -10 -0.66364
Pedestrian -1 -1 -10 1205 111 1241 211-1 -1 -1 -1000 -1000 -1000 -10 -0.682354
Pedestrian -1 -1 -10 265 89 296 176-1 -1 -1 -1000 -1000 -1000 -10 -0.751571
Pedestrian -1 -1 -10 207 293 326 376-1 -1 -1 -1000 -1000 -1000 -10 -0.895296
Pedestrian -1 -1 -10 1124 207 1183 275-1 -1 -1 -1000 -1000 -1000 -10 -0.933514
Pedestrian -1 -1 -10 825 25 872 112-1 -1 -1 -1000 -1000 -1000 -10 -0.950539
Pedestrian -1 -1 -10 1064 35 1108 158-1 -1 -1 -1000 -1000 -1000 -10 -0.970353
Pedestrian -1 -1 -10 773 130 823 223-1 -1 -1 -1000 -1000 -1000 -10 -0.972358
