Pedestrian -1 -1 -10 794 235 871 375-1 -1 -1 -1000 -1000 -1000 -10 -0.284746
Pedestrian -1 -1 -10 1013 318 1072 375-1 -1 -1 -1000 -1000 -1000 -10 -0.375093
Pedestrian -1 -1 -10 569 153 600 240-1 -1 -1 -1000 -1000 -1000 -10 -0.384203
Pedestrian -1 -1 -10 1180 91 1239 254-1 -1 -1 -1000 -1000 -1000 -10 -0.397777
Pedestrian -1 -1 -10 719 233 866 375-1 -1 -1 -1000 -1000 -1000 -10 -0.435509
Pedestrian -1 -1 -10 286 56 340 156-1 -1 -1 -1000 -1000 -1000 -10 -0.52921
Pedestrian -1 -1 -10 874 195 922 327-1 -1 -1 -1000 -1000 -1000 -10 -0.569254
Pedestrian -1 -1 -10 721 181 771 274-1 -1 -1 -1000 -1000 -1000 -10 -0.592317
Pedestrian -1 -1 -10 1 44 34 137-1 -1 -1 -1000 -1000 -1000 -10 -0.670334
Pedestrian -1 -1 -10 57 1 88 88-1 -1 -1 -1000 -1000 -1000 -10 -0.674391
Pedestrian -1 -1 -10 1067 27 1157 130-1 -1 -1 -1000 -1000 -1000 -10 -0.679869
Pedestrian -1 -1 -10 865 41 896 128-1 -1 -1 -1000 -1000 -1000 -10 -0.684491
Pedestrian -1 -1 -10 1 140 56 292-1 -1 -1 -1000 -1000 -1000 -10 -0.696581
Pedestrian -1 -1 -10 770 46 1086 375-1 -1 -1 -1000 -1000 -1000 -10 -0.710033
Pedestrian -1 -1 -10 502 140 599 250-1 -1 -1 -1000 -1000 -1000 -10 -0.744106
Pedestrian -1 -1 -10 81 9 112 96-1 -1 -1 -1000 -1000 -1000 -10 -0.795611
Pedestrian -1 -1 -10 697 71 752 223-1 -1 -1 -1000 -1000 -1000 -10 -0.834111
Pedestrian -1 -1 -10 438 50 486 182-1 -1 -1 -1000 -1000 -1000 -10 -0.858011
Pedestrian -1 -1 -10 145 81 176 168-1 -1 -1 -1000 -1000 -1000 -10 -0.872488
Pedestrian -1 -1 -10 29 29 139 334-1 -1 -1 -1000 -1000 -1000 -10 -0.893613
Pedestrian -1 -1 -10 1143 57 1242 362-1 -1 -1 -1000 -1000 -1000 -10 -0.966672
Pedestrian -1 -1 -10 300 1 478 328-1 -1 -1 -1000 -1000 -1000 -10 -0.985332
