Pedestrian -1 -1 -10 1 1 37 101-1 -1 -1 -1000 -1000 -1000 -10 -0.482171
Pedestrian -1 -1 -10 838 306 906 375-1 -1 -1 -1000 -1000 -1000 -10 -0.591684
Pedestrian -1 -1 -10 702 80 746 203-1 -1 -1 -1000 -1000 -1000 -10 -0.71224
Pedestrian -1 -1 -10 785 321 840 375-1 -1 -1 -1000 -1000 -1000 -10 -0.778342
Pedestrian -1 -1 -10 460 157 496 257-1 -1 -1 -1000 -1000 -1000 -10 -0.836753
Pedestrian -1 -1 -10 996 1 1034 108-1 -1 -1 -1000 -1000 -1000 -10 -0.839857
Pedestrian -1 -1 -10 341 1 413 133-1 -1 -1 -1000 -1000 -1000 -10 -0.860815
Pedestrian -1 -1 -10 335 112 368 205-1 -1 -1 -1000 -1000 -1000 -10 -0.87924
Pedestrian -1 -1 -10 328 74 376 206-1 -1 -1 -1000 -1000 -1000 -10 -0.892309
Pedestrian -1 -1 -10 38 120 74 220-1 -1 -1 -1000 -1000 -1000 -10 -0.904949
Pedestrian -1 -1 -10 858 1 908 94-1 -1 -1 -1000 -1000 -1000 -10 -0.911999
Pedestrian -1 -1 -10 1 73 32 160-1 -1 -1 -1000 -1000 -1000 -10 -0.92307
Pedestrian -1 -1 -10 753 305 864 375-1 -1 -1 -1000 -1000 -1000 -10 -0.938165
Pedestrian -1 -1 -10 1054 79 1144 182-1 -1 -1 -1000 -1000 -1000 -10 -0.951273
Pedestrian -1 -1 -10 9 105 40 192-1 -1 -1 -1000 -1000 -1000 -10 -0.952071
Pedestrian -1 -1 -10 974 205 1018 328-1 -1 -1 -1000 -1000 -1000 -10 -0.980136
Pedestrian -1 -1 -10 465 92 509 215-1 -1 -1 -1000 -1000 -1000 -10 -0.986271
Pedestrian -1 -1 -10 920 85 1003 237-1 -1 -1 -1000 -1000 -1000 -10 -0.993897
Pedestrian -1 -1 -10 195 135 254 298-1 -1 -1 -1000 -1000 -1000 -10 -0.995792
