Pedestrian -1 -1 -10 510 37 558 169-1 -1 -1 -1000 -1000 -1000 -10 0.246634
Pedestrian -1 -1 -10 1136 1 1238 328-1 -1 -1 -1000 -1000 -1000 -10 -0.0820513
Pedestrian -1 -1 -10 297 297 344 374-1 -1 -1 -1000 -1000 -1000 -10 -0.340594
Pedestrian -1 -1 -10 408 80 486 170-1 -1 -1 -1000 -1000 -1000 -10 -0.547694
Pedestrian -1 -1 -10 761 129 792 216-1 -1 -1 -1000 -1000 -1000 -10 -0.668058
Pedestrian -1 -1 -10 601 44 634 137-1 -1 -1 -1000 -1000 -1000 -10 -0.738345
Pedestrian -1 -1 -10 1094 306 1162 374-1 -1 -1 -1000 -1000 -1000 -10 -0.899826
Pedestrian -1 -1 -10 212 265 274 374-1 -1 -1 -1000 -1000 -1000 -10 -0.910424
Pedestrian -1 -1 -10 493 139 531 246-1 -1 -1 -1000 -1000 -1000 -10 -0.920855
Pedestrian -1 -1 -10 1 185 32 272-1 -1 -1 -1000 -1000 -1000 -10 -0.932846
Pedestrian -1 -1 -10 313 84 349 184-1 -1 -1 -1000 -1000 -1000 -10 -0.94621
Pedestrian -1 -1 -10 423 202 496 285-1 -1 -1 -1000 -1000 -1000 -10 -0.946251
Pedestrian -1 -1 -10 19 304 82 374-1 -1 -1 -1000 -1000 -1000 -10 -0.957028
