Pedestrian -1 -1 -10 323 166 359 266-1 -1 -1 -1000 -1000 -1000 -10 1.21983
Pedestrian -1 -1 -10 430 190 463 283-1 -1 -1 -1000 -1000 -1000 -10 0.584198
Pedestrian -1 -1 -10 328 159 376 291-1 -1 -1 -1000 -1000 -1000 -10 -0.452901
Pedestrian -1 -1 -10 589 1 633 124-1 -1 -1 -1000 -1000 -1000 -10 -0.58243
Pedestrian -1 -1 -10 1173 129 1231 236-1 -1 -1 -1000 -1000 -1000 -10 -0.623142
Pedestrian -1 -1 -10 487 117 560 200-1 -1 -1 -1000 -1000 -1000 -10 -0.768223
Pedestrian -1 -1 -10 457 185 504 272-1 -1 -1 -1000 -1000 -1000 -10 -0.779975
Pedestrian -1 -1 -10 1141 121 1174 214-1 -1 -1 -1000 -1000 -1000 -10 -0.927713
Pedestrian -1 -1 -10 762 150 821 313-1 -1 -1 -1000 -1000 -1000 -10 -0.960122
Pedestrian -1 -1 -10 777 16 836 179-1 -1 -1 -1000 -1000 -1000 -10 -0.965769
Pedestrian -1 -1 -10 497 170 559 285-1 -1 -1 -1000 -1000 -1000 -10 -0.991412
Pedestrian -1 -1 -10 1124 129 1182 236-1 -1 -1 -1000 -1000 -1000 -10 -0.995086
