Pedestrian -1 -1 -10 443 66 494 208-1 -1 -1 -1000 -1000 -1000 -10 -0.469788
Pedestrian -1 -1 -10 810 75 919 276-1 -1 -1 -1000 -1000 -1000 -10 -0.616929
Pedestrian -1 -1 -10 433 65 544 192-1 -1 -1 -1000 -1000 -1000 -10 -0.657703
Pedestrian -1 -1 -10 699 111 735 211-1 -1 -1 -1000 -1000 -1000 -10 -0.675344
Pedestrian -1 -1 -10 687 78 737 171-1 -1 -1 -1000 -1000 -1000 -10 -0.713248
Pedestrian -1 -1 -10 670 112 703 205-1 -1 -1 -1000 -1000 -1000 -10 -0.74784
Pedestrian -1 -1 -10 580 277 634 375-1 -1 -1 -1000 -1000 -1000 -10 -0.751404
Pedestrian -1 -1 -10 781 105 832 247-1 -1 -1 -1000 -1000 -1000 -10 -0.811592
Pedestrian -1 -1 -10 386 46 543 226-1 -1 -1 -1000 -1000 -1000 -10 -0.860647
Pedestrian -1 -1 -10 625 65 736 192-1 -1 -1 -1000 -1000 -1000 -10 -0.926794
Pedestrian -1 -1 -10 1141 52 1191 145-1 -1 -1 -1000 -1000 -1000 -10 -0.929054
Pedestrian -1 -1 -10 1019 171 1097 261-1 -1 -1 -1000 -1000 -1000 -10 -0.965837
