Pedestrian -1 -1 -10 306 70 364 177-1 -1 -1 -1000 -1000 -1000 -10 -0.300984
Pedestrian -1 -1 -10 361 147 394 240-1 -1 -1 -1000 -1000 -1000 -10 -0.440194
Pedestrian -1 -1 -10 1 134 49 266-1 -1 -1 -1000 -1000 -1000 -10 -0.476423
Pedestrian -1 -1 -10 1 130 74 331-1 -1 -1 -1000 -1000 -1000 -10 -0.486984
Pedestrian -1 -1 -10 345 145 376 232-1 -1 -1 -1000 -1000 -1000 -10 -0.591354
Pedestrian -1 -1 -10 816 12 860 135-1 -1 -1 -1000 -1000 -1000 -10 -0.599975
Pedestrian -1 -1 -10 677 14 754 156-1 -1 -1 -1000 -1000 -1000 -10 -0.732125
Pedestrian -1 -1 -10 25 57 56 144-1 -1 -1 -1000 -1000 -1000 -10 -0.743587
Pedestrian -1 -1 -10 95 104 145 197-1 -1 -1 -1000 -1000 -1000 -10 -0.770793
Pedestrian -1 -1 -10 664 287 754 375-1 -1 -1 -1000 -1000 -1000 -10 -0.782695
Pedestrian -1 -1 -10 838 261 905 375-1 -1 -1 -1000 -1000 -1000 -10 -0.833233
Pedestrian -1 -1 -10 567 95 617 188-1 -1 -1 -1000 -1000 -1000 -10 -0.850925
Pedestrian -1 -1 -10 284 44 334 137-1 -1 -1 -1000 -1000 -1000 -10 -0.871606
Pedestrian -1 -1 -10 632 231 716 327-1 -1 -1 -1000 -1000 -1000 -10 -0.878011
Pedestrian -1 -1 -10 19 65 73 165-1 -1 -1 -1000 -1000 -1000 -10 -0.882295
Pedestrian -1 -1 -10 1 1 137 375-1 -1 -1 -1000 -1000 -1000 -10 -0.882416
Pedestrian -1 -1 -10 586 168 683 278-1 -1 -1 -1000 -1000 -1000 -10 -0.933585
Pedestrian -1 -1 -10 181 78 240 146-1 -1 -1 -1000 -1000 -1000 -10 -0.971843
Pedestrian -1 -1 -10 544 85 627 237-1 -1 -1 -1000 -1000 -1000 -10 -0.972649
Pedestrian -1 -1 -10 328 128 369 243-1 -1 -1 -1000 -1000 -1000 -10 -0.974716
Pedestrian -1 -1 -10 1163 1 1242 217-1 -1 -1 -1000 -1000 -1000 -10 -0.98671
