Pedestrian -1 -1 -10 1171 57 1242 362-1 -1 -1 -1000 -1000 -1000 -10 0.11762
Pedestrian -1 -1 -10 216 80 260 203-1 -1 -1 -1000 -1000 -1000 -10 -0.398504
Pedestrian -1 -1 -10 370 180 411 295-1 -1 -1 -1000 -1000 -1000 -10 -0.488259
Pedestrian -1 -1 -10 1104 60 1221 276-1 -1 -1 -1000 -1000 -1000 -10 -0.523962
Pedestrian -1 -1 -10 608 93 736 239-1 -1 -1 -1000 -1000 -1000 -10 -0.696133
Pedestrian -1 -1 -10 306 12 384 102-1 -1 -1 -1000 -1000 -1000 -10 -0.840493
Pedestrian -1 -1 -10 193 81 304 208-1 -1 -1 -1000 -1000 -1000 -10 -0.853889
Pedestrian -1 -1 -10 313 53 416 338-1 -1 -1 -1000 -1000 -1000 -10 -0.902177
Pedestrian -1 -1 -10 725 103 803 193-1 -1 -1 -1000 -1000 -1000 -10 -0.960813
Pedestrian -1 -1 -10 377 86 461 182-1 -1 -1 -1000 -1000 -1000 -10 -0.977609
