Pedestrian -1 -1 -10 1049 139 1085 239-1 -1 -1 -1000 -1000 -1000 -10 -0.495731
Pedestrian -1 -1 -10 709 102 745 202-1 -1 -1 -1000 -1000 -1000 -10 -0.628109
Pedestrian -1 -1 -10 814 33 855 148-1 -1 -1 -1000 -1000 -1000 -10 -0.651074
Pedestrian -1 -1 -10 617 84 653 184-1 -1 -1 -1000 -1000 -1000 -10 -0.760525
Pedestrian -1 -1 -10 444 54 506 169-1 -1 -1 -1000 -1000 -1000 -10 -0.787319
Pedestrian -1 -1 -10 505 105 536 192-1 -1 -1 -1000 -1000 -1000 -10 -0.795344
Pedestrian -1 -1 -10 681 1 719 108-1 -1 -1 -1000 -1000 -1000 -10 -0.840672
Pedestrian -1 -1 -10 1197 105 1242 247-1 -1 -1 -1000 -1000 -1000 -10 -0.897713
Pedestrian -1 -1 -10 846 65 900 165-1 -1 -1 -1000 -1000 -1000 -10 -0.899778
Pedestrian -1 -1 -10 306 35 373 158-1 -1 -1 -1000 -1000 -1000 -10 -0.907865
Pedestrian -1 -1 -10 474 62 546 194-1 -1 -1 -1000 -1000 -1000 -10 -0.909291
Pedestrian -1 -1 -10 807 18 875 206-1 -1 -1 -1000 -1000 -1000 -10 -0.925273
Pedestrian -1 -1 -10 434 46 523 209-1 -1 -1 -1000 -1000 -1000 -10 -0.938977
Pedestrian -1 -1 -10 1031 69 1109 159-1 -1 -1 -1000 -1000 -1000 -10 -0.945667
Pedestrian -1 -1 -10 993 138 1066 221-1 -1 -1 -1000 -1000 -1000 -10 -0.946007
Pedestrian -1 -1 -10 948 1 1242 375-1 -1 -1 -1000 -1000 -1000 -10 -0.950377
Pedestrian -1 -1 -10 222 1 442 375-1 -1 -1 -1000 -1000 -1000 -10 -0.956316
Pedestrian -1 -1 -10 841 297 888 375-1 -1 -1 -1000 -1000 -1000 -10 -0.990172
Pedestrian -1 -1 -10 169 145 216 232-1 -1 -1 -1000 -1000 -1000 -10 -0.996891
Pedestrian -1 -1 -10 885 287 975 375-1 -1 -1 -1000 -1000 -1000 -10 -0.9979
