Pedestrian -1 -1 -10 745 177 776 264-1 -1 -1 -1000 -1000 -1000 -10 -0.0174718
Pedestrian -1 -1 -10 415 60 473 167-1 -1 -1 -1000 -1000 -1000 -10 -0.232671
Pedestrian -1 -1 -10 1119 40 1209 143-1 -1 -1 -1000 -1000 -1000 -10 -0.314219
Pedestrian -1 -1 -10 1205 47 1241 147-1 -1 -1 -1000 -1000 -1000 -10 -0.605033
Pedestrian -1 -1 -10 550 96 623 179-1 -1 -1 -1000 -1000 -1000 -10 -0.673505
Pedestrian -1 -1 -10 710 168 778 246-1 -1 -1 -1000 -1000 -1000 -10 -0.703631
Pedestrian -1 -1 -10 405 75 478 276-1 -1 -1 -1000 -1000 -1000 -10 -0.744811
Pedestrian -1 -1 -10 584 52 643 120-1 -1 -1 -1000 -1000 -1000 -10 -0.794942
Pedestrian -1 -1 -10 627 18 660 111-1 -1 -1 -1000 -1000 -1000 -10 -0.812618
Pedestrian -1 -1 -10 608 1 717 202-1 -1 -1 -1000 -1000 -1000 -10 -0.814572
Pedestrian -1 -1 -10 953 35 1012 103-1 -1 -1 -1000 -1000 -1000 -10 -0.826149
Pedestrian -1 -1 -10 378 87 411 180-1 -1 -1 -1000 -1000 -1000 -10 -0.830891
Pedestrian -1 -1 -10 1121 1 1242 352-1 -1 -1 -1000 -1000 -1000 -10 -0.875627
Pedestrian -1 -1 -10 985 297 1032 375-1 -1 -1 -1000 -1000 -1000 -10 -0.883152
Pedestrian -1 -1 -10 434 1 492 108-1 -1 -1 -1000 -1000 -1000 -10 -0.923218
Pedestrian -1 -1 -10 962 29 1017 181-1 -1 -1 -1000 -1000 -1000 -10 -0.937026
Pedestrian -1 -1 -10 625 157 715 260-1 -1 -1 -1000 -1000 -1000 -10 -0.986426
Pedestrian -1 -1 -10 785 57 832 144-1 -1 -1 -1000 -1000 -1000 -10 -0.993865
Pedestrian -1 -1 -10 117 1 158 116-1 -1 -1 -1000 -1000 -1000 -10 -0.998208
Pedestrian -1 -1 -10 768 144 858 247-1 -1 -1 -1000 -1000 -1000 -10 -0.999485
