Pedestrian -1 -1 -10 203 185 276 375-1 -1 -1 -1000 -1000 -1000 -10 0.970972
Pedestrian -1 -1 -10 80 178 158 375-1 -1 -1 -1000 -1000 -1000 -10 0.900955
Pedestrian -1 -1 -10 634 75 675 190-1 -1 -1 -1000 -1000 -1000 -10 0.207817
Pedestrian -1 -1 -10 1049 25 1080 112-1 -1 -1 -1000 -1000 -1000 -10 0.147184
Pedestrian -1 -1 -10 703 76 762 239-1 -1 -1 -1000 -1000 -1000 -10 -0.226665
Pedestrian -1 -1 -10 465 169 496 256-1 -1 -1 -1000 -1000 -1000 -10 -0.397304
Pedestrian -1 -1 -10 1076 240 1139 313-1 -1 -1 -1000 -1000 -1000 -10 -0.544528
Pedestrian -1 -1 -10 670 130 703 223-1 -1 -1 -1000 -1000 -1000 -10 -0.631645
Pedestrian -1 -1 -10 137 227 294 375-1 -1 -1 -1000 -1000 -1000 -10 -0.646281
Pedestrian -1 -1 -10 44 318 103 375-1 -1 -1 -1000 -1000 -1000 -10 -0.680697
Pedestrian -1 -1 -10 681 56 790 257-1 -1 -1 -1000 -1000 -1000 -10 -0.74779
Pedestrian -1 -1 -10 1045 1 1162 217-1 -1 -1 -1000 -1000 -1000 -10 -0.773723
Pedestrian -1 -1 -10 889 73 920 160-1 -1 -1 -1000 -1000 -1000 -10 -0.848294
Pedestrian -1 -1 -10 858 78 917 146-1 -1 -1 -1000 -1000 -1000 -10 -0.901731
Pedestrian -1 -1 -10 1209 1 1240 88-1 -1 -1 -1000 -1000 -1000 -10 -0.911559
Pedestrian -1 -1 -10 730 310 789 375-1 -1 -1 -1000 -1000 -1000 -10 -0.917314
Pedestrian -1 -1 -10 937 99 975 206-1 -1 -1 -1000 -1000 -1000 -10 -0.933162
Pedestrian -1 -1 -10 593 105 624 192-1 -1 -1 -1000 -1000 -1000 -10 -0.96667
Pedestrian -1 -1 -10 1 316 85 375-1 -1 -1 -1000 -1000 -1000 -10 -0.997401
