Pedestrian -1 -1 -10 509 150 568 313-1 -1 -1 -1000 -1000 -1000 -10 3.36585
Pedestrian -1 -1 -10 1025 145 1088 320-1 -1 -1 -1000 -1000 -1000 -10 2.19047
Pedestrian -1 -1 -10 807 138 875 326-1 -1 -1 -1000 -1000 -1000 -10 2.18897
Pedestrian -1 -1 -10 929 145 992 320-1 -1 -1 -1000 -1000 -1000 -10 2.166
Pedestrian -1 -1 -10 586 140 641 292-1 -1 -1 -1000 -1000 -1000 -10 1.53791
Pedestrian -1 -1 -10 721 138 789 326-1 -1 -1 -1000 -1000 -1000 -10 1.53264
Pedestrian -1 -1 -10 668 147 716 279-1 -1 -1 -1000 -1000 -1000 -10 1.05644
Pedestrian -1 -1 -10 553 161 600 248-1 -1 -1 -1000 -1000 -1000 -10 0.456179
Pedestrian -1 -1 -10 1144 178 1222 370-1 -1 -1 -1000 -1000 -1000 -10 0.152958
Pedestrian -1 -1 -10 641 168 679 275-1 -1 -1 -1000 -1000 -1000 -10 0.0538125
Pedestrian -1 -1 -10 560 157 611 299-1 -1 -1 -1000 -1000 -1000 -10 0.026762
Pedestrian -1 -1 -10 438 219 522 315-1 -1 -1 -1000 -1000 -1000 -10 -0.212255
Pedestrian -1 -1 -10 677 27 780 312-1 -1 -1 -1000 -1000 -1000 -10 -0.301312
Pedestrian -1 -1 -10 729 53 884 338-1 -1 -1 -1000 -1000 -1000 -10 -0.336404
Pedestrian -1 -1 -10 572 119 650 335-1 -1 -1 -1000 -1000 -1000 -10 -0.387022
Pedestrian -1 -1 -10 592 85 718 316-1 -1 -1 -1000 -1000 -1000 -10 -0.518931
Pedestrian -1 -1 -10 474 1 532 108-1 -1 -1 -1000 -1000 -1000 -10 -0.579937
Pedestrian -1 -1 -10 641 1 832 352-1 -1 -1 -1000 -1000 -1000 -10 -0.610335
Pedestrian -1 -1 -10 295 92 339 215-1 -1 -1 -1000 -1000 -1000 -10 -0.644234
Pedestrian -1 -1 -10 249 65 303 165-1 -1 -1 -1000 -1000 -1000 -10 -0.658294
Pedestrian -1 -1 -10 374 261 418 370-1 -1 -1 -1000 -1000 -1000 -10 -0.658434
Pedestrian -1 -1 -10 997 114 1087 362-1 -1 -1 -1000 -1000 -1000 -10 -0.660276
Pedestrian -1 -1 -10 188 267 246 370-1 -1 -1 -1000 -1000 -1000 -10 -0.663606
Pedestrian -1 -1 -10 846 1 897 143-1 -1 -1 -1000 -1000 -1000 -10 -0.696278
Pedestrian -1 -1 -10 257 161 288 248-1 -1 -1 -1000 -1000 -1000 -10 -0.725017
Pedestrian -1 -1 -10 920 85 1086 370-1 -1 -1 -1000 -1000 -1000 -10 -0.755169
Pedestrian -1 -1 -10 157 183 338 370-1 -1 -1 -1000 -1000 -1000 -10 -0.781321
Pedestrian -1 -1 -10 307 140 390 292-1 -1 -1 -1000 -1000 -1000 -10 -0.817559
Pedestrian -1 -1 -10 524 1 557 94-1 -1 -1 -1000 -1000 -1000 -10 -0.884886
Pedestrian -1 -1 -10 254 128 327 211-1 -1 -1 -1000 -1000 -1000 -10 -0.916707
Pedestrian -1 -1 -10 212 85 507 370-1 -1 -1 -1000 -1000 -1000 -10 -0.920092
Pedestrian -1 -1 -10 168 50 226 157-1 -1 -1 -1000 -1000 -1000 -10 -0.95226
Pedestrian -1 -1 -10 474 1 552 217-1 -1 -1 -1000 -1000 -1000 -10 -0.982321
