Pedestrian -1 -1 -10 656 1 704 133-1 -1 -1 -1000 -1000 -1000 -10 -0.444427
Pedestrian -1 -1 -10 848 99 886 206-1 -1 -1 -1000 -1000 -1000 -10 -0.4615
Pedestrian -1 -1 -10 377 110 425 242-1 -1 -1 -1000 -1000 -1000 -10 -0.507619
Pedestrian -1 -1 -10 352 14 403 156-1 -1 -1 -1000 -1000 -1000 -10 -0.602185
Pedestrian -1 -1 -10 602 99 640 206-1 -1 -1 -1000 -1000 -1000 -10 -0.612219
Pedestrian -1 -1 -10 972 64 1034 179-1 -1 -1 -1000 -1000 -1000 -10 -0.624181
Pedestrian -1 -1 -10 329 148 373 271-1 -1 -1 -1000 -1000 -1000 -10 -0.637439
Pedestrian -1 -1 -10 837 99 892 251-1 -1 -1 -1000 -1000 -1000 -10 -0.652176
Pedestrian -1 -1 -10 1124 18 1183 86-1 -1 -1 -1000 -1000 -1000 -10 -0.657215
Pedestrian -1 -1 -10 1 1 147 375-1 -1 -1 -1000 -1000 -1000 -10 -0.665647
Pedestrian -1 -1 -10 634 1 717 232-1 -1 -1 -1000 -1000 -1000 -10 -0.669034
Pedestrian -1 -1 -10 1116 164 1149 257-1 -1 -1 -1000 -1000 -1000 -10 -0.684149
Pedestrian -1 -1 -10 1204 138 1242 253-1 -1 -1 -1000 -1000 -1000 -10 -0.7292
Pedestrian -1 -1 -10 1121 16 1180 179-1 -1 -1 -1000 -1000 -1000 -10 -0.795859
Pedestrian -1 -1 -10 1087 1 1131 124-1 -1 -1 -1000 -1000 -1000 -10 -0.806016
Pedestrian -1 -1 -10 1098 87 1131 180-1 -1 -1 -1000 -1000 -1000 -10 -0.844803
Pedestrian -1 -1 -10 1189 1 1233 124-1 -1 -1 -1000 -1000 -1000 -10 -0.84778
Pedestrian -1 -1 -10 404 92 481 234-1 -1 -1 -1000 -1000 -1000 -10 -0.854735
Pedestrian -1 -1 -10 313 193 344 280-1 -1 -1 -1000 -1000 -1000 -10 -0.862087
Pedestrian -1 -1 -10 1189 171 1237 303-1 -1 -1 -1000 -1000 -1000 -10 -0.862483
Pedestrian -1 -1 -10 1093 144 1144 286-1 -1 -1 -1000 -1000 -1000 -10 -0.907555
Pedestrian -1 -1 -10 1032 195 1116 291-1 -1 -1 -1000 -1000 -1000 -10 -0.926024
Pedestrian -1 -1 -10 1056 134 1128 266-1 -1 -1 -1000 -1000 -1000 -10 -0.968621
Pedestrian -1 -1 -10 1185 57 1240 209-1 -1 -1 -1000 -1000 -1000 -10 -0.971735
Pedestrian -1 -1 -10 497 130 551 230-1 -1 -1 -1000 -1000 -1000 -10 -0.986472
