Pedestrian -1 -1 -10 488 93 524 193-1 -1 -1 -1000 -1000 -1000 -10 -0.510729
Pedestrian -1 -1 -10 495 53 546 195-1 -1 -1 -1000 -1000 -1000 -10 -0.549974
Pedestrian -1 -1 -10 239 1 306 124-1 -1 -1 -1000 -1000 -1000 -10 -0.605188
Pedestrian -1 -1 -10 661 121 720 189-1 -1 -1 -1000 -1000 -1000 -10 -0.702185
Pedestrian -1 -1 -10 641 105 672 192-1 -1 -1 -1000 -1000 -1000 -10 -0.747298
Pedestrian -1 -1 -10 393 105 424 192-1 -1 -1 -1000 -1000 -1000 -10 -0.760711
Pedestrian -1 -1 -10 1 1 49 133-1 -1 -1 -1000 -1000 -1000 -10 -0.804126
Pedestrian -1 -1 -10 275 12 337 127-1 -1 -1 -1000 -1000 -1000 -10 -0.815156
Pedestrian -1 -1 -10 421 121 480 189-1 -1 -1 -1000 -1000 -1000 -10 -0.819177
Pedestrian -1 -1 -10 857 81 904 168-1 -1 -1 -1000 -1000 -1000 -10 -0.864332
Pedestrian -1 -1 -10 1150 76 1242 194-1 -1 -1 -1000 -1000 -1000 -10 -0.894389
Pedestrian -1 -1 -10 370 104 403 197-1 -1 -1 -1000 -1000 -1000 -10 -0.906677
Pedestrian -1 -1 -10 550 107 623 190-1 -1 -1 -1000 -1000 -1000 -10 -0.931882
Pedestrian -1 -1 -10 481 27 514 120-1 -1 -1 -1000 -1000 -1000 -10 -0.949784
Pedestrian -1 -1 -10 867 1 917 94-1 -1 -1 -1000 -1000 -1000 -10 -0.957829
Pedestrian -1 -1 -10 719 64 781 179-1 -1 -1 -1000 -1000 -1000 -10 -0.957873
Pedestrian -1 -1 -10 782 102 818 202-1 -1 -1 -1000 -1000 -1000 -10 -0.971664
Pedestrian -1 -1 -10 65 153 120 216-1 -1 -1 -1000 -1000 -1000 -10 -0.995802
