Pedestrian -1 -1 -10 644 44 677 137-1 -1 -1 -1000 -1000 -1000 -10 -0.322415
Pedestrian -1 -1 -10 681 111 735 211-1 -1 -1 -1000 -1000 -1000 -10 -0.473414
Pedestrian -1 -1 -10 404 76 507 194-1 -1 -1 -1000 -1000 -1000 -10 -0.70605
Pedestrian -1 -1 -10 419 61 537 375-1 -1 -1 -1000 -1000 -1000 -10 -0.73312
Pedestrian -1 -1 -10 621 90 679 197-1 -1 -1 -1000 -1000 -1000 -10 -0.752368
Pedestrian -1 -1 -10 634 43 696 158-1 -1 -1 -1000 -1000 -1000 -10 -0.768246
Pedestrian -1 -1 -10 1 210 56 362-1 -1 -1 -1000 -1000 -1000 -10 -0.821579
Pedestrian -1 -1 -10 825 17 880 80-1 -1 -1 -1000 -1000 -1000 -10 -0.828203
Pedestrian -1 -1 -10 280 57 390 362-1 -1 -1 -1000 -1000 -1000 -10 -0.830699
Pedestrian -1 -1 -10 1095 84 1131 184-1 -1 -1 -1000 -1000 -1000 -10 -0.916523
Pedestrian -1 -1 -10 663 111 772 312-1 -1 -1 -1000 -1000 -1000 -10 -0.923347
Pedestrian -1 -1 -10 835 275 897 375-1 -1 -1 -1000 -1000 -1000 -10 -0.942157
Pedestrian -1 -1 -10 584 104 789 375-1 -1 -1 -1000 -1000 -1000 -10 -0.970209
Pedestrian -1 -1 -10 874 286 928 375-1 -1 -1 -1000 -1000 -1000 -10 -0.982596
