Pedestrian -1 -1 -10 833 161 896 336-1 -1 -1 -1000 -1000 -1000 -10 0.644359
Pedestrian -1 -1 -10 1 180 60 343-1 -1 -1 -1000 -1000 -1000 -10 0.615781
Pedestrian -1 -1 -10 1184 144 1235 286-1 -1 -1 -1000 -1000 -1000 -10 0.516308
Pedestrian -1 -1 -10 365 168 403 275-1 -1 -1 -1000 -1000 -1000 -10 0.51075
Pedestrian -1 -1 -10 401 169 432 256-1 -1 -1 -1000 -1000 -1000 -10 -0.0870066
Pedestrian -1 -1 -10 649 169 680 256-1 -1 -1 -1000 -1000 -1000 -10 -0.274409
Pedestrian -1 -1 -10 433 169 464 256-1 -1 -1 -1000 -1000 -1000 -10 -0.395571
Pedestrian -1 -1 -10 755 183 806 325-1 -1 -1 -1000 -1000 -1000 -10 -0.410172
Pedestrian -1 -1 -10 1 1 49 133-1 -1 -1 -1000 -1000 -1000 -10 -0.526565
Pedestrian -1 -1 -10 1 137 91 374-1 -1 -1 -1000 -1000 -1000 -10 -0.534492
Pedestrian -1 -1 -10 1094 149 1152 256-1 -1 -1 -1000 -1000 -1000 -10 -0.541981
Pedestrian -1 -1 -10 927 70 995 258-1 -1 -1 -1000 -1000 -1000 -10 -0.734208
Pedestrian -1 -1 -10 529 57 560 144-1 -1 -1 -1000 -1000 -1000 -10 -0.829858
Pedestrian -1 -1 -10 884 172 917 265-1 -1 -1 -1000 -1000 -1000 -10 -0.857325
Pedestrian -1 -1 -10 1 1 69 189-1 -1 -1 -1000 -1000 -1000 -10 -0.865337
Pedestrian -1 -1 -10 609 1 736 352-1 -1 -1 -1000 -1000 -1000 -10 -0.899753
Pedestrian -1 -1 -10 256 159 340 255-1 -1 -1 -1000 -1000 -1000 -10 -0.911223
Pedestrian -1 -1 -10 166 176 229 249-1 -1 -1 -1000 -1000 -1000 -10 -0.917206
Pedestrian -1 -1 -10 121 161 152 248-1 -1 -1 -1000 -1000 -1000 -10 -0.952058
Pedestrian -1 -1 -10 157 118 247 221-1 -1 -1 -1000 -1000 -1000 -10 -0.956659
Pedestrian -1 -1 -10 770 1 950 374-1 -1 -1 -1000 -1000 -1000 -10 -0.958475
