Pedestrian -1 -1 -10 781 1 836 153-1 -1 -1 -1000 -1000 -1000 -10 -0.580174
Pedestrian -1 -1 -10 810 1 956 375-1 -1 -1 -1000 -1000 -1000 -10 -0.604855
Pedestrian -1 -1 -10 389 61 448 224-1 -1 -1 -1000 -1000 -1000 -10 -0.614909
Pedestrian -1 -1 -10 678 78 711 171-1 -1 -1 -1000 -1000 -1000 -10 -0.616968
Pedestrian -1 -1 -10 47 75 83 175-1 -1 -1 -1000 -1000 -1000 -10 -0.688219
Pedestrian -1 -1 -10 391 1 780 375-1 -1 -1 -1000 -1000 -1000 -10 -0.690653
Pedestrian -1 -1 -10 29 1 139 306-1 -1 -1 -1000 -1000 -1000 -10 -0.731126
Pedestrian -1 -1 -10 352 69 396 192-1 -1 -1 -1000 -1000 -1000 -10 -0.819507
Pedestrian -1 -1 -10 1 75 42 190-1 -1 -1 -1000 -1000 -1000 -10 -0.859888
Pedestrian -1 -1 -10 121 70 189 258-1 -1 -1 -1000 -1000 -1000 -10 -0.896043
Pedestrian -1 -1 -10 306 12 350 135-1 -1 -1 -1000 -1000 -1000 -10 -0.917162
Pedestrian -1 -1 -10 193 121 224 208-1 -1 -1 -1000 -1000 -1000 -10 -0.963424
