Pedestrian -1 -1 -10 102 1 138 101-1 -1 -1 -1000 -1000 -1000 -10 -0.360919
Pedestrian -1 -1 -10 645 75 686 190-1 -1 -1 -1000 -1000 -1000 -10 -0.456917
Pedestrian -1 -1 -10 984 1 1020 101-1 -1 -1 -1000 -1000 -1000 -10 -0.551816
Pedestrian -1 -1 -10 1 102 37 202-1 -1 -1 -1000 -1000 -1000 -10 -0.56247
Pedestrian -1 -1 -10 689 73 720 160-1 -1 -1 -1000 -1000 -1000 -10 -0.762068
Pedestrian -1 -1 -10 681 105 712 192-1 -1 -1 -1000 -1000 -1000 -10 -0.785889
Pedestrian -1 -1 -10 765 50 837 182-1 -1 -1 -1000 -1000 -1000 -10 -0.785966
Pedestrian -1 -1 -10 323 10 359 110-1 -1 -1 -1000 -1000 -1000 -10 -0.809178
Pedestrian -1 -1 -10 70 1 108 108-1 -1 -1 -1000 -1000 -1000 -10 -0.821424
Pedestrian -1 -1 -10 508 53 559 195-1 -1 -1 -1000 -1000 -1000 -10 -0.824327
Pedestrian -1 -1 -10 474 31 532 138-1 -1 -1 -1000 -1000 -1000 -10 -0.836574
Pedestrian -1 -1 -10 966 286 1020 375-1 -1 -1 -1000 -1000 -1000 -10 -0.878897
Pedestrian -1 -1 -10 868 40 936 118-1 -1 -1 -1000 -1000 -1000 -10 -0.909468
Pedestrian -1 -1 -10 74 1 170 267-1 -1 -1 -1000 -1000 -1000 -10 -0.91283
Pedestrian -1 -1 -10 680 74 752 206-1 -1 -1 -1000 -1000 -1000 -10 -0.917307
Pedestrian -1 -1 -10 314 1 373 164-1 -1 -1 -1000 -1000 -1000 -10 -0.940752
Pedestrian -1 -1 -10 218 11 276 118-1 -1 -1 -1000 -1000 -1000 -10 -0.961125
Pedestrian -1 -1 -10 610 104 660 197-1 -1 -1 -1000 -1000 -1000 -10 -0.99557
