Pedestrian -1 -1 -10 327 172 360 265-1 -1 -1 -1000 -1000 -1000 -10 -0.145653
Pedestrian -1 -1 -10 464 46 523 209-1 -1 -1 -1000 -1000 -1000 -10 -0.17836
Pedestrian -1 -1 -10 121 113 152 200-1 -1 -1 -1000 -1000 -1000 -10 -0.542819
Pedestrian -1 -1 -10 314 105 373 268-1 -1 -1 -1000 -1000 -1000 -10 -0.738058
Pedestrian -1 -1 -10 1205 93 1241 193-1 -1 -1 -1000 -1000 -1000 -10 -0.757958
Pedestrian -1 -1 -10 359 185 422 258-1 -1 -1 -1000 -1000 -1000 -10 -0.791883
Pedestrian -1 -1 -10 609 105 640 192-1 -1 -1 -1000 -1000 -1000 -10 -0.881945
Pedestrian -1 -1 -10 897 90 935 197-1 -1 -1 -1000 -1000 -1000 -10 -0.902687
Pedestrian -1 -1 -10 736 1 845 202-1 -1 -1 -1000 -1000 -1000 -10 -0.903655
Pedestrian -1 -1 -10 555 69 599 192-1 -1 -1 -1000 -1000 -1000 -10 -0.911632
Pedestrian -1 -1 -10 12 138 53 253-1 -1 -1 -1000 -1000 -1000 -10 -0.913311
Pedestrian -1 -1 -10 822 31 911 194-1 -1 -1 -1000 -1000 -1000 -10 -0.915975
Pedestrian -1 -1 -10 1 105 60 268-1 -1 -1 -1000 -1000 -1000 -10 -0.947732
Pedestrian -1 -1 -10 239 69 283 192-1 -1 -1 -1000 -1000 -1000 -10 -0.971159
Pedestrian -1 -1 -10 374 135 477 253-1 -1 -1 -1000 -1000 -1000 -10 -0.97333
Pedestrian -1 -1 -10 976 80 1034 187-1 -1 -1 -1000 -1000 -1000 -10 -0.977746
Pedestrian -1 -1 -10 1120 85 1161 200-1 -1 -1 -1000 -1000 -1000 -10 -0.988784
