Pedestrian -1 -1 -10 547 66 598 208-1 -1 -1 -1000 -1000 -1000 -10 -0.470345
Pedestrian -1 -1 -10 506 111 542 211-1 -1 -1 -1000 -1000 -1000 -10 -0.673655
Pedestrian -1 -1 -10 1 164 51 257-1 -1 -1 -1000 -1000 -1000 -10 -0.73042
Pedestrian -1 -1 -10 250 10 300 103-1 -1 -1 -1000 -1000 -1000 -10 -0.739549
Pedestrian -1 -1 -10 885 66 936 208-1 -1 -1 -1000 -1000 -1000 -10 -0.740448
Pedestrian -1 -1 -10 609 105 640 192-1 -1 -1 -1000 -1000 -1000 -10 -0.920019
Pedestrian -1 -1 -10 750 40 808 147-1 -1 -1 -1000 -1000 -1000 -10 -0.921382
Pedestrian -1 -1 -10 703 76 806 194-1 -1 -1 -1000 -1000 -1000 -10 -0.950353
Pedestrian -1 -1 -10 850 13 922 145-1 -1 -1 -1000 -1000 -1000 -10 -0.95967
Pedestrian -1 -1 -10 790 35 840 128-1 -1 -1 -1000 -1000 -1000 -10 -0.973972
Pedestrian -1 -1 -10 191 180 253 295-1 -1 -1 -1000 -1000 -1000 -10 -0.977792
Pedestrian -1 -1 -10 287 109 345 216-1 -1 -1 -1000 -1000 -1000 -10 -0.981207
