Pedestrian -1 -1 -10 1 159 91 370-1 -1 -1 -1000 -1000 -1000 -10 0.780042
Pedestrian -1 -1 -10 65 65 96 152-1 -1 -1 -1000 -1000 -1000 -10 -0.174317
Pedestrian -1 -1 -10 353 159 401 291-1 -1 -1 -1000 -1000 -1000 -10 -0.368171
Pedestrian -1 -1 -10 297 233 352 296-1 -1 -1 -1000 -1000 -1000 -10 -0.476104
Pedestrian -1 -1 -10 545 273 600 336-1 -1 -1 -1000 -1000 -1000 -10 -0.545753
Pedestrian -1 -1 -10 1039 212 1075 312-1 -1 -1 -1000 -1000 -1000 -10 -0.556653
Pedestrian -1 -1 -10 740 85 781 200-1 -1 -1 -1000 -1000 -1000 -10 -0.694256
Pedestrian -1 -1 -10 678 87 711 180-1 -1 -1 -1000 -1000 -1000 -10 -0.69802
Pedestrian -1 -1 -10 704 95 737 188-1 -1 -1 -1000 -1000 -1000 -10 -0.721908
Pedestrian -1 -1 -10 1193 130 1224 223-1 -1 -1 -1000 -1000 -1000 -10 -0.732576
Pedestrian -1 -1 -10 306 70 344 177-1 -1 -1 -1000 -1000 -1000 -10 -0.753781
Pedestrian -1 -1 -10 1132 1 1222 249-1 -1 -1 -1000 -1000 -1000 -10 -0.756747
Pedestrian -1 -1 -10 494 300 597 370-1 -1 -1 -1000 -1000 -1000 -10 -0.807421
Pedestrian -1 -1 -10 381 223 454 306-1 -1 -1 -1000 -1000 -1000 -10 -0.82725
Pedestrian -1 -1 -10 1081 1 1114 94-1 -1 -1 -1000 -1000 -1000 -10 -0.835282
Pedestrian -1 -1 -10 582 265 644 370-1 -1 -1 -1000 -1000 -1000 -10 -0.835814
Pedestrian -1 -1 -10 209 113 240 200-1 -1 -1 -1000 -1000 -1000 -10 -0.854432
Pedestrian -1 -1 -10 66 40 117 182-1 -1 -1 -1000 -1000 -1000 -10 -0.87238
Pedestrian -1 -1 -10 1 29 111 334-1 -1 -1 -1000 -1000 -1000 -10 -0.875102
Pedestrian -1 -1 -10 389 105 448 268-1 -1 -1 -1000 -1000 -1000 -10 -0.876106
Pedestrian -1 -1 -10 651 159 689 266-1 -1 -1 -1000 -1000 -1000 -10 -0.891329
Pedestrian -1 -1 -10 506 1 569 74-1 -1 -1 -1000 -1000 -1000 -10 -0.908254
Pedestrian -1 -1 -10 753 122 801 254-1 -1 -1 -1000 -1000 -1000 -10 -0.908634
Pedestrian -1 -1 -10 1064 1 1200 370-1 -1 -1 -1000 -1000 -1000 -10 -0.950489
Pedestrian -1 -1 -10 868 21 906 128-1 -1 -1 -1000 -1000 -1000 -10 -0.951038
Pedestrian -1 -1 -10 344 121 394 214-1 -1 -1 -1000 -1000 -1000 -10 -0.961797
Pedestrian -1 -1 -10 703 79 754 221-1 -1 -1 -1000 -1000 -1000 -10 -0.973058
