Pedestrian -1 -1 -10 888 1 971 232-1 -1 -1 -1000 -1000 -1000 -10 -0.474856
Pedestrian -1 -1 -10 582 80 620 187-1 -1 -1 -1000 -1000 -1000 -10 -0.484319
Pedestrian -1 -1 -10 658 120 761 238-1 -1 -1 -1000 -1000 -1000 -10 -0.689157
Pedestrian -1 -1 -10 64 138 126 253-1 -1 -1 -1000 -1000 -1000 -10 -0.708989
Pedestrian -1 -1 -10 553 129 608 192-1 -1 -1 -1000 -1000 -1000 -10 -0.717077
Pedestrian -1 -1 -10 11 40 49 147-1 -1 -1 -1000 -1000 -1000 -10 -0.733508
Pedestrian -1 -1 -10 1 145 32 232-1 -1 -1 -1000 -1000 -1000 -10 -0.813791
Pedestrian -1 -1 -10 293 44 343 137-1 -1 -1 -1000 -1000 -1000 -10 -0.818983
Pedestrian -1 -1 -10 95 87 145 180-1 -1 -1 -1000 -1000 -1000 -10 -0.83448
Pedestrian -1 -1 -10 1 1 418 375-1 -1 -1 -1000 -1000 -1000 -10 -0.839215
Pedestrian -1 -1 -10 677 1 972 338-1 -1 -1 -1000 -1000 -1000 -10 -0.906908
Pedestrian -1 -1 -10 996 121 1055 189-1 -1 -1 -1000 -1000 -1000 -10 -0.939228
Pedestrian -1 -1 -10 457 97 512 160-1 -1 -1 -1000 -1000 -1000 -10 -0.951451
Pedestrian -1 -1 -10 1217 1 1242 88-1 -1 -1 -1000 -1000 -1000 -10 -0.958611
Pedestrian -1 -1 -10 1021 111 1084 184-1 -1 -1 -1000 -1000 -1000 -10 -0.984832
