0.000000 1.000000 1.000000 1.000000
0.025000 0.920000 0.923077 0.878788
0.050000 0.920000 0.920000 0.878788
0.075000 0.920000 0.813953 0.811321
0.100000 0.833333 0.783333 0.770270
0.125000 0.791667 0.753247 0.731959
0.150000 0.762712 0.736364 0.693548
0.175000 0.716216 0.736364 0.632911
0.200000 0.701149 0.650350 0.619565
0.225000 0.701031 0.606936 0.581081
0.250000 0.622951 0.597938 0.539623
0.275000 0.588652 0.547009 0.472892
0.300000 0.572327 0.492908 0.378855
0.325000 0.556818 0.427762 0.287481
0.350000 0.497653 0.366292 0.197239
0.375000 0.448819 0.295416 0.113337
0.400000 0.403333 0.193548 0.054022
0.425000 0.320896 0.134877 0.028565
0.450000 0.262042 0.067506 0.008233
0.475000 0.176904 0.034880 0.006585
0.500000 0.138560 0.023108 0.000000
0.525000 0.086366 0.006103 0.000000
0.550000 0.048141 0.000000 0.000000
0.575000 0.028006 0.000000 0.000000
0.600000 0.017876 0.000000 0.000000
0.625000 0.004756 0.000000 0.000000
0.650000 0.000000 0.000000 0.000000
0.675000 0.000000 0.000000 0.000000
0.700000 0.000000 0.000000 0.000000
0.725000 0.000000 0.000000 0.000000
0.750000 0.000000 0.000000 0.000000
0.775000 0.000000 0.000000 0.000000
0.800000 0.000000 0.000000 0.000000
0.825000 0.000000 0.000000 0.000000
0.850000 0.000000 0.000000 0.000000
0.875000 0.000000 0.000000 0.000000
0.900000 0.000000 0.000000 0.000000
0.925000 0.000000 0.000000 0.000000
0.950000 0.000000 0.000000 0.000000
0.975000 0.000000 0.000000 0.000000
1.000000 0.000000 0.000000 0.000000
