0.000000 1.000000 1.000000 1.000000
0.025000 1.000000 0.923077 0.933333
0.050000 0.937500 0.851852 0.852941
0.075000 0.821429 0.833333 0.811321
0.100000 0.810811 0.758065 0.760000
0.125000 0.760000 0.743590 0.717172
0.150000 0.737705 0.714286 0.693548
0.175000 0.697368 0.692308 0.649351
0.200000 0.677778 0.650350 0.622951
0.225000 0.660194 0.614035 0.556034
0.250000 0.617886 0.580000 0.510714
0.275000 0.580420 0.526749 0.480122
0.300000 0.548193 0.496429 0.414458
0.325000 0.513089 0.467492 0.336957
0.350000 0.469027 0.382629 0.261097
0.375000 0.443580 0.333973 0.153134
0.400000 0.412969 0.269956 0.067572
0.425000 0.348649 0.185220 0.027114
0.450000 0.298246 0.094914 0.000000
0.475000 0.239601 0.042946 0.000000
0.500000 0.183133 0.025659 0.000000
0.525000 0.129268 0.000000 0.000000
0.550000 0.073374 0.000000 0.000000
0.575000 0.040721 0.000000 0.000000
0.600000 0.020361 0.000000 0.000000
0.625000 0.000000 0.000000 0.000000
0.650000 0.000000 0.000000 0.000000
0.675000 0.000000 0.000000 0.000000
0.700000 0.000000 0.000000 0.000000
0.725000 0.000000 0.000000 0.000000
0.750000 0.000000 0.000000 0.000000
0.775000 0.000000 0.000000 0.000000
0.800000 0.000000 0.000000 0.000000
0.825000 0.000000 0.000000 0.000000
0.850000 0.000000 0.000000 0.000000
0.875000 0.000000 0.000000 0.000000
0.900000 0.000000 0.000000 0.000000
0.925000 0.000000 0.000000 0.000000
0.950000 0.000000 0.000000 0.000000
0.975000 0.000000 0.000000 0.000000
1.000000 0.000000 0.000000 0.000000
