0.000000 1.000000 1.000000 1.000000
0.025000 1.000000 0.857143 0.878788
0.050000 0.851852 0.853659 0.878788
0.075000 0.851852 0.853659 0.767857
0.100000 0.833333 0.758065 0.750000
0.125000 0.791667 0.716049 0.676190
0.150000 0.737705 0.673077 0.656489
0.175000 0.679487 0.663934 0.632911
0.200000 0.635417 0.628378 0.564356
0.225000 0.623853 0.580110 0.444828
0.250000 0.617886 0.511013 0.348780
0.275000 0.597122 0.387879 0.264755
0.300000 0.535294 0.300866 0.178054
0.325000 0.468900 0.245130 0.123588
0.350000 0.397004 0.189095 0.090171
0.375000 0.305630 0.146835 0.037152
0.400000 0.235409 0.099893 0.017679
0.425000 0.176955 0.052464 0.008744
0.450000 0.142707 0.029000 0.002341
0.475000 0.124675 0.013930 0.001725
0.500000 0.083151 0.003078 0.000000
0.525000 0.049029 0.001598 0.000000
0.550000 0.023308 0.000000 0.000000
0.575000 0.013160 0.000000 0.000000
0.600000 0.002406 0.000000 0.000000
0.625000 0.001244 0.000000 0.000000
0.650000 0.000000 0.000000 0.000000
0.675000 0.000000 0.000000 0.000000
0.700000 0.000000 0.000000 0.000000
0.725000 0.000000 0.000000 0.000000
0.750000 0.000000 0.000000 0.000000
0.775000 0.000000 0.000000 0.000000
0.800000 0.000000 0.000000 0.000000
0.825000 0.000000 0.000000 0.000000
0.850000 0.000000 0.000000 0.000000
0.875000 0.000000 0.000000 0.000000
0.900000 0.000000 0.000000 0.000000
0.925000 0.000000 0.000000 0.000000
0.950000 0.000000 0.000000 0.000000
0.975000 0.000000 0.000000 0.000000
1.000000 0.000000 0.000000 0.000000
