0.000000 1.000000 1.000000 1.000000
0.025000 1.000000 1.000000 0.935484
0.050000 0.958333 0.958333 0.935484
0.075000 0.958333 0.897436 0.826923
0.100000 0.909091 0.810345 0.770270
0.125000 0.789474 0.753247 0.704918
0.150000 0.789474 0.693069 0.704918
0.175000 0.663043 0.692308 0.653595
0.200000 0.663043 0.645833 0.629834
0.225000 0.653846 0.628743 0.568282
0.250000 0.612903 0.577114 0.478261
0.275000 0.610294 0.492308 0.408854
0.300000 0.594771 0.435737 0.319109
0.325000 0.535519 0.351163 0.226553
0.350000 0.486239 0.281520 0.130890
0.375000 0.391753 0.210399 0.078239
0.400000 0.351744 0.136664 0.031276
0.425000 0.312349 0.074661 0.011666
0.450000 0.236111 0.032258 0.011006
0.475000 0.158242 0.018045 0.000000
0.500000 0.114544 0.010247 0.000000
0.525000 0.063779 0.000000 0.000000
0.550000 0.025109 0.000000 0.000000
0.575000 0.014262 0.000000 0.000000
0.600000 0.008098 0.000000 0.000000
0.625000 0.000000 0.000000 0.000000
0.650000 0.000000 0.000000 0.000000
0.675000 0.000000 0.000000 0.000000
0.700000 0.000000 0.000000 0.000000
0.725000 0.000000 0.000000 0.000000
0.750000 0.000000 0.000000 0.000000
0.775000 0.000000 0.000000 0.000000
0.800000 0.000000 0.000000 0.000000
0.825000 0.000000 0.000000 0.000000
0.850000 0.000000 0.000000 0.000000
0.875000 0.000000 0.000000 0.000000
0.900000 0.000000 0.000000 0.000000
0.925000 0.000000 0.000000 0.000000
0.950000 0.000000 0.000000 0.000000
0.975000 0.000000 0.000000 0.000000
1.000000 0.000000 0.000000 0.000000
