0.000000 1.000000 1.000000 1.000000
0.025000 1.000000 0.923077 0.933333
0.050000 0.882353 0.853659 0.878788
0.075000 0.851852 0.853659 0.811321
0.100000 0.833333 0.758065 0.780822
0.125000 0.775510 0.753247 0.702970
0.150000 0.737705 0.700000 0.682540
0.175000 0.670330 0.675000 0.666667
0.200000 0.670330 0.673913 0.629834
0.225000 0.647619 0.617647 0.583710
0.250000 0.638655 0.607330 0.539623
0.275000 0.597122 0.549356 0.475758
0.300000 0.561728 0.500000 0.415459
0.325000 0.529730 0.460366 0.326889
0.350000 0.495327 0.402469 0.251889
0.375000 0.416058 0.349398 0.134459
0.400000 0.387821 0.281392 0.063103
0.425000 0.347709 0.192047 0.022245
0.450000 0.300885 0.093680 0.000000
0.475000 0.243243 0.047344 0.000000
0.500000 0.203753 0.024038 0.000000
0.525000 0.141585 0.000000 0.000000
0.550000 0.071674 0.000000 0.000000
0.575000 0.022946 0.000000 0.000000
0.600000 0.000000 0.000000 0.000000
0.625000 0.000000 0.000000 0.000000
0.650000 0.000000 0.000000 0.000000
0.675000 0.000000 0.000000 0.000000
0.700000 0.000000 0.000000 0.000000
0.725000 0.000000 0.000000 0.000000
0.750000 0.000000 0.000000 0.000000
0.775000 0.000000 0.000000 0.000000
0.800000 0.000000 0.000000 0.000000
0.825000 0.000000 0.000000 0.000000
0.850000 0.000000 0.000000 0.000000
0.875000 0.000000 0.000000 0.000000
0.900000 0.000000 0.000000 0.000000
0.925000 0.000000 0.000000 0.000000
0.950000 0.000000 0.000000 0.000000
0.975000 0.000000 0.000000 0.000000
1.000000 0.000000 0.000000 0.000000
