0.000000 1.000000 1.000000 1.000000
0.025000 1.000000 1.000000 1.000000
0.050000 1.000000 1.000000 1.000000
0.075000 1.000000 1.000000 1.000000
0.100000 1.000000 1.000000 0.982759
0.125000 1.000000 0.983051 0.966292
0.150000 1.000000 0.968750 0.966292
0.175000 0.981481 0.968750 0.961538
0.200000 0.968254 0.968750 0.957983
0.225000 0.965116 0.963303 0.948529
0.250000 0.965116 0.950820 0.934641
0.275000 0.965116 0.948148 0.918129
0.300000 0.957895 0.939189 0.873096
0.325000 0.951456 0.920732 0.826667
0.350000 0.946429 0.890710 0.809717
0.375000 0.942149 0.848780 0.741379
0.400000 0.930769 0.815789 0.667638
0.425000 0.914894 0.785714 0.394481
0.450000 0.906667 0.733333 0.260914
0.475000 0.842105 0.675841 0.144374
0.500000 0.795812 0.373997 0.043544
0.525000 0.771845 0.271715 0.008566
0.550000 0.704641 0.156863 0.000000
0.575000 0.664122 0.055097 0.000000
0.600000 0.411765 0.007928 0.000000
0.625000 0.246094 0.000000 0.000000
0.650000 0.158871 0.000000 0.000000
0.675000 0.070038 0.000000 0.000000
0.700000 0.006125 0.000000 0.000000
0.725000 0.000000 0.000000 0.000000
0.750000 0.000000 0.000000 0.000000
0.775000 0.000000 0.000000 0.000000
0.800000 0.000000 0.000000 0.000000
0.825000 0.000000 0.000000 0.000000
0.850000 0.000000 0.000000 0.000000
0.875000 0.000000 0.000000 0.000000
0.900000 0.000000 0.000000 0.000000
0.925000 0.000000 0.000000 0.000000
0.950000 0.000000 0.000000 0.000000
0.975000 0.000000 0.000000 0.000000
1.000000 0.000000 0.000000 0.000000
