0.000000 1.000000 1.000000 1.000000
0.025000 1.000000 0.923077 0.933333
0.050000 0.937500 0.920000 0.906250
0.075000 0.884615 0.833333 0.781818
0.100000 0.882353 0.758065 0.712500
0.125000 0.760000 0.707317 0.696078
0.150000 0.661765 0.693069 0.666667
0.175000 0.646341 0.663934 0.653595
0.200000 0.618182 0.645833 0.619565
0.225000 0.618182 0.606936 0.522267
0.250000 0.598425 0.574257 0.421829
0.275000 0.560811 0.468864 0.356009
0.300000 0.554878 0.385042 0.287625
0.325000 0.505155 0.328261 0.215527
0.350000 0.417323 0.251543 0.126263
0.375000 0.345455 0.204465 0.056356
0.400000 0.315927 0.120233 0.020750
0.425000 0.237132 0.070438 0.012221
0.450000 0.181333 0.023742 0.000000
0.475000 0.151102 0.011299 0.000000
0.500000 0.098255 0.000000 0.000000
0.525000 0.060896 0.000000 0.000000
0.550000 0.019981 0.000000 0.000000
0.575000 0.009039 0.000000 0.000000
0.600000 0.000000 0.000000 0.000000
0.625000 0.000000 0.000000 0.000000
0.650000 0.000000 0.000000 0.000000
0.675000 0.000000 0.000000 0.000000
0.700000 0.000000 0.000000 0.000000
0.725000 0.000000 0.000000 0.000000
0.750000 0.000000 0.000000 0.000000
0.775000 0.000000 0.000000 0.000000
0.800000 0.000000 0.000000 0.000000
0.825000 0.000000 0.000000 0.000000
0.850000 0.000000 0.000000 0.000000
0.875000 0.000000 0.000000 0.000000
0.900000 0.000000 0.000000 0.000000
0.925000 0.000000 0.000000 0.000000
0.950000 0.000000 0.000000 0.000000
0.975000 0.000000 0.000000 0.000000
1.000000 0.000000 0.000000 0.000000
